index_1based,timestamp,sut_version,value
1,2021-09-01 01:09:54,515219,19.825443029403687
2,2021-09-01 12:09:17,515219,20.062171936035156
3,2021-09-01 12:09:43,515219,19.120350122451782
4,2021-09-01 12:09:56,515219,20.24654197692871
5,2021-09-01 03:09:53,515220,19.53146004676819
6,2021-09-01 04:09:57,515220,19.959311962127686
7,2021-09-01 06:09:57,515220,19.82629108428955
8,2021-09-01 08:09:04,515222,19.283560037612915
9,2021-09-01 01:09:33,515224,20.58912706375122
10,2021-09-01 02:09:49,515224,18.94695782661438
11,2021-09-01 10:09:05,515224,19.432536840438843
12,2021-09-01 11:09:16,515224,20.35401201248169
13,2021-09-01 11:09:31,515224,20.733198881149292
14,2021-09-01 11:09:53,515224,19.24202799797058
15,2021-09-01 12:09:23,515224,20.34493613243103
16,2021-09-01 12:09:33,515224,20.519179105758667
17,2021-09-01 12:09:44,515224,19.581913948059082
18,2021-09-01 12:09:44,515224,20.21130108833313
19,2021-09-01 01:09:18,515225,20.01738977432251
20,2021-09-01 01:09:30,515225,19.9719660282135
21,2021-09-01 01:09:58,515225,19.00327491760254
22,2021-09-01 03:09:56,515228,19.86005997657776
23,2021-09-01 04:09:18,515228,20.359584093093872
24,2021-09-01 04:09:42,515228,20.073035955429077
25,2021-09-01 04:09:50,515228,21.283453941345215
26,2021-09-01 04:09:32,515230,19.412701845169067
27,2021-09-01 09:09:54,515238,19.44012999534607
28,2021-09-01 11:09:55,515240,19.67543601989746
29,2021-09-02 05:09:02,515242,19.315417051315308
30,2021-09-02 05:09:11,515242,19.42474102973938
31,2021-09-02 05:09:55,515242,19.840419054031372
32,2021-09-02 08:09:23,515243,19.501585006713867
33,2021-09-02 09:09:45,515243,18.924607038497925
34,2021-09-02 09:09:53,515243,19.388103008270264
35,2021-09-02 11:09:01,515243,19.524546146392822
36,2021-09-02 11:09:46,515243,19.047131061553955
37,2021-09-02 12:09:32,515243,19.906909942626953
38,2021-09-02 12:09:48,515243,20.120373010635376
39,2021-09-02 12:09:59,515243,20.306638956069946
40,2021-09-02 11:09:48,515244,21.047600984573364
41,2021-09-02 12:09:17,515244,19.009562969207764
42,2021-09-02 12:09:18,515244,19.317303895950317
43,2021-09-02 12:09:22,515244,19.276443004608154
44,2021-09-02 12:09:36,515244,19.682106971740723
45,2021-09-02 12:09:43,515244,19.45710802078247
46,2021-09-02 02:09:12,515246,19.389785051345825
47,2021-09-02 02:09:02,515247,19.969035148620605
48,2021-09-02 03:09:29,515248,19.21417498588562
49,2021-09-02 04:09:22,515248,20.066629886627197
50,2021-09-02 05:09:22,515251,19.31027102470398
51,2021-09-02 06:09:48,515251,19.49371910095215
52,2021-09-02 06:09:46,515252,19.143850088119507
53,2021-09-02 07:09:31,515254,19.48118805885315
54,2021-09-02 08:09:51,515257,19.1772940158844
55,2021-09-03 01:09:24,515260,19.797518968582153
56,2021-09-03 12:09:14,515260,20.07062792778015
57,2021-09-03 12:09:28,515260,19.659447193145752
58,2021-09-03 05:09:34,515262,19.42850089073181
59,2021-09-03 07:09:34,515262,19.859745025634766
60,2021-09-03 09:09:14,515263,20.37701106071472
61,2021-09-03 09:09:33,515263,19.597450017929077
62,2021-09-03 09:09:39,515263,21.102941036224365
63,2021-09-03 09:09:57,515263,20.04093885421753
64,2021-09-03 10:09:39,515263,19.7888400554657
65,2021-09-03 09:09:37,515264,19.633291006088257
66,2021-09-03 12:09:03,515265,20.073246002197266
67,2021-09-03 01:09:40,515266,19.174642086029053
68,2021-09-03 12:09:15,515266,19.229094982147217
69,2021-09-03 03:09:17,515268,20.364743947982788
70,2021-09-03 03:09:20,515268,19.522104024887085
71,2021-09-03 04:09:49,515269,20.400554180145264
72,2021-09-03 05:09:32,515269,19.3685359954834
73,2021-09-03 06:09:17,515272,19.935874938964844
74,2021-09-03 10:09:50,515275,19.899047136306763
75,2021-09-03 11:09:23,515277,19.610169172286987
76,2021-09-04 01:09:10,515277,19.668337106704712
77,2021-09-04 01:09:53,515277,19.222851991653442
78,2021-09-04 12:09:10,515277,19.444761037826538
79,2021-09-04 12:09:57,515277,19.046365976333618
80,2021-09-04 02:09:57,515278,19.329689025878906
81,2021-09-04 05:09:52,515279,20.024343013763428
82,2021-09-04 06:09:41,515279,19.960680961608887
83,2021-09-04 10:09:48,515281,19.581218957901
84,2021-09-05 04:09:21,515282,19.259389877319336
85,2021-09-05 07:09:24,515282,20.05174493789673
86,2021-09-05 08:09:18,515282,20.164316177368164
87,2021-09-06 05:09:12,515282,19.716803073883057
88,2021-09-06 08:09:17,515282,19.316514015197754
89,2021-09-06 08:09:33,515282,19.88907504081726
90,2021-09-06 08:09:53,515282,19.755368947982788
91,2021-09-06 10:09:05,515282,20.30132794380188
92,2021-09-06 11:09:30,515282,19.09186887741089
93,2021-09-06 11:09:33,515282,19.628055810928345
94,2021-09-06 11:09:50,515282,20.54763102531433
95,2021-09-06 12:09:46,515282,19.371618032455444
96,2021-09-06 12:09:42,515283,19.9461669921875
97,2021-09-06 01:09:28,515284,19.28636384010315
98,2021-09-06 01:09:57,515285,19.42163395881653
99,2021-09-06 03:09:11,515286,19.97673201560974
100,2021-09-06 03:09:31,515286,19.219116926193237
101,2021-09-06 03:09:39,515286,19.688647031784058
102,2021-09-06 04:09:04,515286,21.246924877166748
103,2021-09-06 04:09:20,515286,20.891923904418945
104,2021-09-06 04:09:28,515286,19.872374057769775
105,2021-09-06 06:09:01,515290,19.871309995651245
106,2021-09-06 06:09:12,515290,19.749305963516235
107,2021-09-06 07:09:31,515290,20.931689977645874
108,2021-09-06 07:09:46,515290,19.850322008132935
109,2021-09-06 07:09:38,515291,19.63616108894348
110,2021-09-06 08:09:02,515292,19.39129900932312
111,2021-09-06 08:09:00,515293,19.313180923461914
112,2021-09-06 09:09:44,515293,19.48950695991516
113,2021-09-06 09:09:05,515294,19.60496187210083
114,2021-09-06 09:09:33,515294,19.548054933547974
115,2021-09-06 09:09:49,515294,19.58496403694153
116,2021-09-06 10:09:08,515295,19.395532846450806
117,2021-09-06 11:09:13,515295,19.325404167175293
118,2021-09-07 12:09:19,515296,19.53189992904663
119,2021-09-07 02:09:26,515297,19.63014006614685
120,2021-09-07 05:09:12,515303,19.372309923171997
121,2021-09-07 05:09:48,515304,19.408571004867554
122,2021-09-07 06:09:21,515304,19.56362295150757
123,2021-09-07 08:09:42,515304,18.94854712486267
124,2021-09-07 10:09:20,515308,19.339627981185913
125,2021-09-07 10:09:21,515308,19.54635214805603
126,2021-09-07 01:09:44,515309,18.777386903762817
127,2021-09-07 01:09:45,515309,19.97793197631836
128,2021-09-07 01:09:52,515309,19.064308881759644
129,2021-09-07 02:09:11,515309,19.870759963989258
130,2021-09-07 12:09:21,515309,19.847758054733276
131,2021-09-07 02:09:11,515310,19.590038061141968
132,2021-09-07 02:09:53,515310,18.965801000595093
133,2021-09-07 02:09:24,515311,21.00407910346985
134,2021-09-07 02:09:33,515311,19.541351079940796
135,2021-09-07 03:09:10,515311,19.36828112602234
136,2021-09-07 03:09:17,515311,19.876336812973022
137,2021-09-07 05:09:26,515313,19.409401893615723
138,2021-09-07 06:09:03,515313,20.14458703994751
139,2021-09-07 06:09:13,515313,19.337192058563232
140,2021-09-07 06:09:17,515313,19.583755016326904
141,2021-09-07 06:09:26,515313,19.514029026031494
142,2021-09-07 07:09:26,515314,18.96775197982788
143,2021-09-07 08:09:52,515314,19.20789098739624
144,2021-09-07 08:09:53,515314,19.987941026687622
145,2021-09-07 10:09:22,515314,19.08946990966797
146,2021-09-07 10:09:45,515314,19.583406925201416
147,2021-09-07 11:09:24,515317,19.71080708503723
148,2021-09-08 01:09:21,515318,19.231290817260742
149,2021-09-08 05:09:41,515318,20.384565830230713
150,2021-09-08 06:09:46,515318,20.250649213790894
151,2021-09-08 06:09:49,515318,19.135415077209473
152,2021-09-08 06:09:50,515318,19.094787120819092
153,2021-09-08 07:09:02,515318,19.26396894454956
154,2021-09-08 10:09:31,515318,19.646542072296143
155,2021-09-08 11:09:07,515318,19.712537050247192
156,2021-09-08 11:09:08,515318,20.458744049072266
157,2021-09-08 11:09:23,515318,20.07790517807007
158,2021-09-08 11:09:32,515318,19.003943920135498
159,2021-09-08 12:09:08,515318,19.692158937454224
160,2021-09-08 02:09:25,515320,20.24211287498474
161,2021-09-08 02:09:39,515320,19.201663970947266
162,2021-09-08 02:09:01,515321,20.012501001358032
163,2021-09-08 02:09:13,515321,19.083121061325073
164,2021-09-08 02:09:17,515321,19.718024015426636
165,2021-09-08 02:09:53,515321,19.388428926467896
166,2021-09-08 04:09:51,515323,19.534119129180908
167,2021-09-08 05:09:43,515323,20.650523900985718
168,2021-09-08 05:09:03,515324,19.234455108642578
169,2021-09-08 05:09:25,515324,19.49961519241333
170,2021-09-08 05:09:36,515324,19.262744903564453
171,2021-09-08 06:09:40,515325,19.958954095840454
172,2021-09-08 09:09:28,515325,19.785837173461914
173,2021-09-08 10:09:15,515325,19.38522696495056
174,2021-09-08 11:09:18,515325,19.46551489830017
175,2021-09-08 11:09:20,515326,19.529405117034912
176,2021-09-08 11:09:57,515326,19.686012983322144
177,2021-09-08 11:09:09,515327,20.51590895652771
178,2021-09-09 01:09:14,515327,20.338029146194458
179,2021-09-09 01:09:29,515327,19.857188940048218
180,2021-09-09 01:09:35,515327,20.39409303665161
181,2021-09-09 02:09:36,515334,19.965656042099
182,2021-09-09 03:09:48,515334,20.191272020339966
183,2021-09-09 03:09:47,515335,19.64891791343689
184,2021-09-09 03:09:26,515336,19.583763122558594
185,2021-09-09 03:09:45,515336,19.388777017593384
186,2021-09-09 06:09:26,515337,19.712800979614258
187,2021-09-09 07:09:10,515338,19.516809940338135
188,2021-09-09 09:09:15,515341,19.24871587753296
189,2021-09-09 09:09:46,515341,19.29394006729126
190,2021-09-09 09:09:51,515341,19.54120683670044
191,2021-09-09 10:09:36,515341,19.388547897338867
192,2021-09-09 11:09:24,515341,19.497227907180786
193,2021-09-09 11:09:38,515341,19.218775033950806
194,2021-09-09 11:09:44,515341,19.993629932403564
195,2021-09-09 11:09:57,515341,20.23523187637329
196,2021-09-09 12:09:38,515341,19.96944284439087
197,2021-09-09 12:09:54,515341,20.8121280670166
198,2021-09-09 01:09:10,515342,19.220375061035156
199,2021-09-09 03:09:34,515344,20.76220703125
200,2021-09-09 04:09:00,515344,20.773535013198853
201,2021-09-09 04:09:05,515344,19.35460591316223
202,2021-09-09 04:09:25,515344,21.266772985458374
203,2021-09-09 05:09:06,515345,20.20385217666626
204,2021-09-09 07:09:51,515347,19.64836287498474
205,2021-09-09 09:09:36,515348,19.581020832061768
206,2021-09-09 10:09:48,515350,19.270264863967896
207,2021-09-09 11:09:21,515350,19.504249095916748
208,2021-09-09 11:09:29,515351,19.04312801361084
209,2021-09-09 11:09:45,515351,20.320367097854614
210,2021-09-09 11:09:54,515351,19.738744974136353
211,2021-09-10 12:09:01,515352,19.194427967071533
212,2021-09-10 12:09:50,515352,19.16747808456421
213,2021-09-10 12:09:59,515352,19.692178964614868
214,2021-09-10 02:09:07,515356,19.121680974960327
215,2021-09-10 03:09:23,515356,19.028225898742676
216,2021-09-10 03:09:58,515356,19.47357201576233
217,2021-09-10 04:09:45,515357,19.562022924423218
218,2021-09-10 05:09:01,515357,19.683647871017456
219,2021-09-10 05:09:45,515358,19.933521032333374
220,2021-09-10 06:09:54,515362,19.68091583251953
221,2021-09-10 06:09:28,515364,20.077064990997314
222,2021-09-10 07:09:12,515364,19.52149987220764
223,2021-09-10 01:09:00,515366,19.76314401626587
224,2021-09-10 01:09:11,515366,19.726178884506226
225,2021-09-10 01:09:16,515366,19.6419620513916
226,2021-09-10 01:09:32,515366,19.594757080078125
227,2021-09-10 01:09:55,515366,20.270109176635742
228,2021-09-10 01:09:58,515366,19.604028940200806
229,2021-09-10 02:09:34,515366,19.680938959121704
230,2021-09-10 02:09:41,515366,19.432976961135864
231,2021-09-10 08:09:58,515366,19.5648090839386
232,2021-09-10 09:09:17,515366,19.79284405708313
233,2021-09-10 10:09:22,515366,19.203984022140503
234,2021-09-10 02:09:31,515367,18.99618101119995
235,2021-09-10 02:09:50,515367,20.505182027816772
236,2021-09-10 03:09:51,515367,19.23349118232727
237,2021-09-10 03:09:04,515368,19.346635103225708
238,2021-09-10 04:09:32,515369,19.2643301486969
239,2021-09-10 05:09:28,515371,19.36934995651245
240,2021-09-10 05:09:47,515373,19.589783191680908
241,2021-09-13 04:09:02,515375,19.768355131149292
242,2021-09-10 09:09:54,515377,19.58643412590027
243,2021-09-10 11:09:48,515378,19.92212200164795
244,2021-09-11 12:09:08,515379,20.40448784828186
245,2021-09-11 12:09:17,515379,19.81284999847412
246,2021-09-11 01:09:19,515380,19.775498151779175
247,2021-09-11 12:09:52,515380,19.537167072296143
248,2021-09-11 01:09:05,515381,19.29629111289978
249,2021-09-11 01:09:32,515381,19.38075304031372
250,2021-09-13 04:09:55,515381,19.66238522529602
251,2021-09-13 06:09:26,515382,19.754693031311035
252,2021-09-11 02:09:56,515385,19.078988075256348
253,2021-09-11 06:09:07,515387,19.210530996322632
254,2021-09-11 12:09:09,515388,20.246236085891724
255,2021-09-11 08:09:58,515389,19.283033847808838
256,2021-09-12 05:09:00,515390,19.595794916152954
257,2021-09-12 03:09:13,515391,19.76795792579651
258,2021-09-13 04:09:07,515391,19.773041009902954
259,2021-09-13 05:09:02,515391,19.4930579662323
260,2021-09-13 05:09:13,515391,19.417704820632935
261,2021-09-13 06:09:08,515391,19.129937887191772
262,2021-09-13 06:09:43,515391,19.36905288696289
263,2021-09-13 07:09:25,515391,19.975044012069702
264,2021-09-13 07:09:31,515391,19.260306119918823
265,2021-09-13 01:09:56,515393,19.350158214569092
266,2021-09-13 10:09:49,515393,19.109434127807617
267,2021-09-13 11:09:58,515393,19.078716039657593
268,2021-09-13 11:09:59,515393,19.999316930770874
269,2021-09-13 01:09:12,515394,19.60850191116333
270,2021-09-13 11:09:31,515394,20.179412126541138
271,2021-09-13 11:09:40,515394,19.7922260761261
272,2021-09-14 08:09:08,515396,19.616592168807983
273,2021-09-14 11:09:12,515396,20.753302097320557
274,2021-09-14 12:09:50,515396,19.280627012252808
275,2021-09-14 01:09:38,515397,19.3386869430542
276,2021-09-14 01:09:59,515397,19.080638885498047
277,2021-09-14 02:09:25,515397,20.192891120910645
278,2021-09-14 07:09:46,515397,19.75923991203308
279,2021-09-13 03:09:18,515398,19.829396963119507
280,2021-09-14 07:09:38,515398,19.57600498199463
281,2021-09-14 09:09:03,515399,19.621228218078613
282,2021-09-14 08:09:27,515401,19.793578147888184
283,2021-09-14 02:09:01,515403,19.553879022598267
284,2021-09-14 08:09:21,515403,19.685385942459106
285,2021-09-14 08:09:25,515403,19.738579988479614
286,2021-09-14 09:09:23,515403,19.475684881210327
287,2021-09-14 09:09:44,515403,19.524343013763428
288,2021-09-14 11:09:17,515403,19.25390601158142
289,2021-09-14 11:09:48,515403,20.242032051086426
290,2021-09-14 12:09:55,515403,20.477455139160156
291,2021-09-14 05:09:43,515405,19.516316175460815
292,2021-09-14 06:09:43,515405,19.45051884651184
293,2021-09-14 06:09:59,515405,19.023859977722168
294,2021-09-14 07:09:04,515405,19.283758878707886
295,2021-09-14 07:09:27,515405,19.16593885421753
296,2021-09-14 07:09:55,515405,19.68160915374756
297,2021-09-14 08:09:48,515405,19.231181859970093
298,2021-09-14 09:09:01,515406,19.161186933517456
299,2021-09-14 09:09:26,515406,19.137719869613647
300,2021-09-14 09:09:31,515406,19.07093596458435
301,2021-09-14 09:09:48,515406,20.259461164474487
302,2021-09-14 09:09:49,515406,19.12364912033081
303,2021-09-14 10:09:00,515406,19.793237924575806
304,2021-09-14 10:09:07,515406,19.254493951797485
305,2021-09-14 10:09:35,515406,19.784343004226685
306,2021-09-14 10:09:18,515407,19.464355945587158
307,2021-09-14 07:09:54,515409,21.3937668800354
308,2021-09-14 08:09:07,515409,20.63025712966919
309,2021-09-14 11:09:23,515410,19.73312282562256
310,2021-09-14 11:09:40,515410,20.79633903503418
311,2021-09-14 11:09:49,515410,19.368270874023438
312,2021-09-14 11:09:57,515410,19.459238052368164
313,2021-09-15 12:09:09,515410,20.702425003051758
314,2021-09-15 12:09:35,515410,19.55267310142517
315,2021-09-15 12:09:54,515412,20.8776638507843
316,2021-09-15 02:09:19,515415,19.44383716583252
317,2021-09-15 03:09:31,515415,20.050599098205566
318,2021-09-15 03:09:12,515416,19.182313919067383
319,2021-09-15 03:09:31,515416,20.610548973083496
320,2021-09-15 03:09:45,515416,21.14237380027771
321,2021-09-15 03:09:59,515416,21.415796041488647
322,2021-09-15 01:09:09,515418,19.773833990097046
323,2021-09-15 01:09:52,515418,19.388477087020874
324,2021-09-15 02:09:32,515418,19.339836835861206
325,2021-09-15 02:09:37,515418,19.481049060821533
326,2021-09-15 02:09:59,515418,19.42027711868286
327,2021-09-15 03:09:36,515418,20.177055835723877
328,2021-09-15 03:09:59,515418,19.588315963745117
329,2021-09-15 05:09:37,515418,19.779613971710205
330,2021-09-15 08:09:21,515418,20.56159806251526
331,2021-09-15 09:09:24,515418,21.403542041778564
332,2021-09-15 10:09:46,515418,19.609389066696167
333,2021-09-15 04:09:00,515420,19.3008451461792
334,2021-09-15 06:09:09,515422,20.023154973983765
335,2021-09-15 04:09:54,515423,19.505790948867798
336,2021-09-15 06:09:22,515424,19.42601990699768
337,2021-09-15 07:09:22,515428,21.264075994491577
338,2021-09-15 07:09:51,515428,19.264338970184326
339,2021-09-15 08:09:33,515428,19.84204387664795
340,2021-09-15 08:09:46,515428,19.158969163894653
341,2021-09-15 09:09:25,515428,19.99752402305603
342,2021-09-16 12:09:10,515428,19.50736689567566
343,2021-09-15 08:09:50,515429,19.386127948760986
344,2021-09-15 09:09:14,515429,19.4033260345459
345,2021-09-15 09:09:53,515429,18.916658878326416
346,2021-09-15 09:09:59,515429,20.51555299758911
347,2021-09-15 09:09:07,515430,19.388898849487305
348,2021-09-15 10:09:38,515430,19.297606945037842
349,2021-09-15 10:09:44,515431,19.972482919692993
350,2021-09-15 11:09:43,515431,21.440421104431152
351,2021-09-16 02:09:22,515431,20.01047992706299
352,2021-09-16 02:09:40,515431,19.871222019195557
353,2021-09-15 10:09:34,515432,19.16328501701355
354,2021-09-16 01:09:34,515432,19.464189052581787
355,2021-09-16 01:09:26,515434,19.100595951080322
356,2021-09-16 01:09:50,515435,19.728343963623047
357,2021-09-16 02:09:28,515435,21.4634211063385
358,2021-09-16 03:09:22,515435,20.991267919540405
359,2021-09-16 01:09:48,515436,19.9825758934021
360,2021-09-16 02:09:17,515436,19.87182092666626
361,2021-09-16 02:09:45,515436,20.070203065872192
362,2021-09-16 03:09:06,515436,19.085002183914185
363,2021-09-16 02:09:47,515438,19.71310591697693
364,2021-09-16 02:09:44,515442,19.424502849578857
365,2021-09-16 05:09:13,515442,19.652787923812866
366,2021-09-16 06:09:07,515442,20.670244932174683
367,2021-09-16 06:09:44,515444,19.249170064926147
368,2021-09-16 08:09:05,515446,19.455839157104492
369,2021-09-16 08:09:27,515446,19.400250911712646
370,2021-09-16 08:09:49,515446,19.02614402770996
371,2021-09-16 09:09:05,515446,19.360395908355713
372,2021-09-16 09:09:10,515446,19.99703097343445
373,2021-09-16 09:09:43,515446,19.123691082000732
374,2021-09-16 11:09:38,515446,19.865257024765015
375,2021-09-16 01:09:15,515449,19.466084003448486
376,2021-09-16 01:09:48,515449,21.196906089782715
377,2021-09-16 01:09:52,515449,19.568093061447144
378,2021-09-16 01:09:57,515449,19.390851974487305
379,2021-09-16 05:09:06,515449,19.348809003829956
380,2021-09-16 05:09:32,515449,20.001694917678833
381,2021-09-16 08:09:02,515449,19.148025035858154
382,2021-09-16 08:09:12,515449,18.99456000328064
383,2021-09-16 06:09:08,515451,21.206897974014282
384,2021-09-16 06:09:37,515451,19.177985906600952
385,2021-09-16 06:09:58,515451,19.638546228408813
386,2021-09-16 08:09:10,515451,19.592549085617065
387,2021-09-16 08:09:15,515451,19.41794204711914
388,2021-09-16 09:09:27,515451,20.01016902923584
389,2021-09-16 10:09:18,515451,19.142138957977295
390,2021-09-16 09:09:12,515452,19.734769821166992
391,2021-09-16 09:09:50,515452,19.35033106803894
392,2021-09-16 09:09:02,515453,19.268474102020264
393,2021-09-17 12:09:22,515453,19.29629611968994
394,2021-09-16 11:09:39,515454,19.20802402496338
395,2021-09-16 09:09:46,515455,19.883694171905518
396,2021-09-16 11:09:54,515456,19.382265090942383
397,2021-09-16 11:09:21,515457,19.487709999084473
398,2021-09-17 12:09:56,515458,19.234230995178223
399,2021-09-17 12:09:16,515459,19.86006498336792
400,2021-09-17 12:09:53,515460,18.913545846939087
401,2021-09-17 01:09:27,515461,19.76023507118225
402,2021-09-17 04:09:09,515467,19.68480610847473
403,2021-09-17 06:09:46,515467,19.824486017227173
404,2021-09-17 07:09:38,515469,20.442613124847412
405,2021-09-17 07:09:59,515469,19.406044006347656
406,2021-09-17 08:09:34,515469,20.172834157943726
407,2021-09-17 01:09:10,515470,20.445916891098022
408,2021-09-17 01:09:14,515470,19.12342596054077
409,2021-09-17 01:09:37,515470,20.901140928268433
410,2021-09-17 01:09:56,515470,20.516937971115112
411,2021-09-17 09:09:12,515470,19.591497898101807
412,2021-09-17 10:09:39,515470,19.658668994903564
413,2021-09-17 11:09:06,515470,21.18008017539978
414,2021-09-17 11:09:37,515470,19.76750898361206
415,2021-09-17 11:09:44,515470,19.865893840789795
416,2021-09-17 12:09:17,515470,19.825243949890137
417,2021-09-17 12:09:39,515470,21.441314935684204
418,2021-09-17 12:09:39,515470,20.305761098861694
419,2021-09-17 01:09:25,515471,19.936041831970215
420,2021-09-17 01:09:21,515472,19.66539192199707
421,2021-09-17 02:09:03,515472,20.06912088394165
422,2021-09-17 02:09:18,515472,19.18081498146057
423,2021-09-17 02:09:31,515472,19.27322793006897
424,2021-09-17 02:09:34,515472,19.481497049331665
425,2021-09-17 03:09:23,515472,19.51161289215088
426,2021-09-17 03:09:34,515472,21.347563982009888
427,2021-09-17 02:09:04,515473,19.082304000854492
428,2021-09-17 04:09:48,515474,19.46104884147644
429,2021-09-17 05:09:32,515475,19.46449899673462
430,2021-09-17 05:09:34,515475,19.35964012145996
431,2021-09-17 05:09:42,515475,19.568498134613037
432,2021-09-17 05:09:07,515476,19.834429025650024
433,2021-09-17 05:09:46,515478,19.22816801071167
434,2021-09-17 06:09:16,515478,19.680732011795044
435,2021-09-17 08:09:24,515481,19.447801113128662
436,2021-09-17 09:09:05,515482,18.93967914581299
437,2021-09-18 12:09:41,515487,19.1233069896698
438,2021-09-18 12:09:45,515487,19.2014741897583
439,2021-09-18 01:09:20,515489,20.00698208808899
440,2021-09-18 02:09:26,515489,19.238741874694824
441,2021-09-18 02:09:44,515491,19.88433313369751
442,2021-09-18 02:09:30,515492,20.270804166793823
443,2021-09-18 06:09:37,515499,19.18383502960205
444,2021-09-18 08:09:15,515503,19.776098012924194
445,2021-09-18 12:09:08,515503,19.537935972213745
446,2021-09-19 01:09:53,515504,19.563353061676025
447,2021-09-19 02:09:48,515505,19.56951904296875
448,2021-09-19 08:09:01,515507,19.064499855041504
449,2021-09-20 06:09:26,515507,19.191475868225098
450,2021-09-20 08:09:39,515507,19.566055059432983
451,2021-09-20 10:09:16,515507,19.950777053833008
452,2021-09-20 11:09:06,515507,19.389508962631226
453,2021-09-20 12:09:27,515507,19.226550817489624
454,2021-09-20 12:09:36,515507,20.425907850265503
455,2021-09-20 12:09:44,515507,21.208958864212036
456,2021-09-20 01:09:11,515508,18.964873790740967
457,2021-09-20 01:09:39,515510,19.12410306930542
458,2021-09-20 02:09:15,515510,19.44497799873352
459,2021-09-20 03:09:16,515511,20.081787824630737
460,2021-09-20 03:09:34,515511,19.520299911499023
461,2021-09-20 03:09:38,515511,19.814537048339844
462,2021-09-20 03:09:47,515511,20.46552300453186
463,2021-09-20 05:09:42,515511,19.718438863754272
464,2021-09-20 07:09:54,515514,18.98103904724121
465,2021-09-20 07:09:58,515514,19.982972145080566
466,2021-09-20 08:09:06,515514,19.695147037506104
467,2021-09-20 08:09:26,515514,20.192090034484863
468,2021-09-20 09:09:51,515514,20.19989800453186
469,2021-09-20 09:09:09,515515,19.36099100112915
470,2021-09-21 01:09:54,515515,19.493510007858276
471,2021-09-21 07:09:41,515519,20.08700680732727
472,2021-09-21 08:09:29,515519,19.361363887786865
473,2021-09-21 08:09:30,515519,19.032184839248657
474,2021-09-21 10:09:10,515519,18.982486963272095
475,2021-09-21 01:09:25,515520,19.355692148208618
476,2021-09-21 01:09:37,515520,19.565269947052002
477,2021-09-21 10:09:49,515520,19.862879037857056
478,2021-09-21 02:09:27,515522,19.117594003677368
479,2021-09-21 04:09:03,515523,19.50357484817505
480,2021-09-21 03:09:05,515524,19.26190996170044
481,2021-09-21 03:09:15,515524,20.296974182128906
482,2021-09-21 05:09:46,515524,19.52237606048584
483,2021-09-21 05:09:32,515525,19.162354946136475
484,2021-09-21 06:09:46,515526,19.308527946472168
485,2021-09-21 06:09:30,515527,19.061201095581055
486,2021-09-21 06:09:43,515528,19.732027053833008
487,2021-09-21 07:09:29,515529,19.475733041763306
488,2021-09-21 06:09:55,515530,19.490224838256836
489,2021-09-21 07:09:15,515530,19.324625968933105
490,2021-09-21 08:09:38,515530,19.102407932281494
491,2021-09-21 08:09:43,515530,20.051331043243408
492,2021-09-21 09:09:15,515531,19.80378007888794
493,2021-09-21 09:09:34,515532,20.02206516265869
494,2021-09-21 11:09:00,515536,19.295652866363525
495,2021-09-22 02:09:52,515538,19.31081199645996
496,2021-09-22 06:09:06,515538,19.41288685798645
497,2021-09-22 06:09:47,515538,19.874903917312622
498,2021-09-22 06:09:49,515538,19.81658911705017
499,2021-09-22 07:09:29,515538,21.628008127212524
500,2021-09-22 09:09:54,515539,20.356266975402832
501,2021-09-22 10:09:19,515539,19.67971110343933
502,2021-09-22 10:09:21,515539,19.53564190864563
503,2021-09-22 11:09:52,515539,19.50307297706604
504,2021-09-22 01:09:13,515540,19.339636087417603
505,2021-09-22 12:09:55,515540,20.001346111297607
506,2021-09-22 01:09:12,515541,20.094934940338135
507,2021-09-22 01:09:17,515541,20.19287395477295
508,2021-09-22 01:09:27,515541,19.89502787590027
509,2021-09-22 01:09:47,515541,19.646047830581665
510,2021-09-22 01:09:57,515541,20.642832040786743
511,2021-09-22 12:09:00,515541,20.48179292678833
512,2021-09-22 12:09:50,515541,19.64245295524597
513,2021-09-22 12:09:53,515541,19.307772874832153
514,2021-09-22 03:09:26,515543,19.037045001983643
515,2021-09-22 03:09:56,515543,19.427488088607788
516,2021-09-22 03:09:12,515544,19.016180992126465
517,2021-09-22 04:09:46,515545,19.451010942459106
518,2021-09-22 06:09:42,515546,19.36950993537903
519,2021-09-22 04:09:08,515547,19.40516686439514
520,2021-09-22 04:09:42,515547,19.24108600616455
521,2021-09-22 05:09:28,515547,19.53573489189148
522,2021-09-22 06:09:49,515549,19.185303926467896
523,2021-09-22 07:09:52,515551,19.281283855438232
524,2021-09-22 08:09:10,515553,18.727696180343628
525,2021-09-23 01:09:33,515559,19.44648003578186
526,2021-09-23 05:09:25,515562,19.58600401878357
527,2021-09-23 05:09:41,515562,19.613404989242554
528,2021-09-23 06:09:54,515562,19.272235870361328
529,2021-09-23 07:09:12,515562,18.87007188796997
530,2021-09-23 07:09:29,515562,20.053391218185425
531,2021-09-23 08:09:14,515562,19.881561994552612
532,2021-09-23 08:09:55,515562,19.34165596961975
533,2021-09-23 09:09:16,515562,19.90991497039795
534,2021-09-23 10:09:26,515562,18.990796089172363
535,2021-09-23 11:09:34,515563,19.87868309020996
536,2021-09-23 12:09:11,515564,19.386914014816284
537,2021-09-23 12:09:42,515564,20.424522876739502
538,2021-09-23 12:09:42,515564,19.621304035186768
539,2021-09-23 02:09:38,515565,19.45746898651123
540,2021-09-23 03:09:32,515565,19.50062394142151
541,2021-09-23 02:09:47,515566,19.956318140029907
542,2021-09-23 02:09:51,515566,19.99850296974182
543,2021-09-23 03:09:46,515567,19.327214002609253
544,2021-09-23 05:09:32,515569,18.838599920272827
545,2021-09-23 06:09:16,515570,19.35815405845642
546,2021-09-23 06:09:55,515570,19.089228868484497
547,2021-09-23 07:09:06,515570,18.488341093063354
548,2021-09-23 07:09:42,515570,20.40144419670105
549,2021-09-23 07:09:02,515571,19.34218192100525
550,2021-09-23 07:09:22,515571,19.08743405342102
551,2021-09-23 09:09:31,515571,19.5111141204834
552,2021-09-23 09:09:00,515573,19.62175703048706
553,2021-09-23 10:09:41,515575,19.62959599494934
554,2021-09-23 10:09:51,515575,20.53181505203247
555,2021-09-23 11:09:43,515575,19.240155935287476
556,2021-09-23 11:09:44,515575,19.406427145004272
557,2021-09-23 11:09:09,515576,20.61710500717163
558,2021-09-24 12:09:06,515576,19.21626591682434
559,2021-09-24 12:09:33,515576,19.029112100601196
560,2021-09-24 12:09:52,515576,19.494849920272827
561,2021-09-24 01:09:36,515577,19.335896015167236
562,2021-09-24 02:09:12,515577,19.743152856826782
563,2021-09-24 02:09:14,515577,19.4623019695282
564,2021-09-24 04:09:09,515578,20.7277410030365
565,2021-09-24 05:09:14,515580,20.020990133285522
566,2021-09-24 07:09:25,515580,19.187206983566284
567,2021-09-24 07:09:26,515581,19.270761013031006
568,2021-09-24 07:09:55,515582,19.09862208366394
569,2021-09-24 08:09:10,515583,18.945772171020508
570,2021-09-24 08:09:34,515583,19.7898108959198
571,2021-09-24 09:09:03,515583,20.55873990058899
572,2021-09-24 01:09:09,515586,19.036067008972168
573,2021-09-24 01:09:21,515586,20.02973484992981
574,2021-09-24 01:09:23,515586,19.76302480697632
575,2021-09-24 01:09:24,515586,18.970253944396973
576,2021-09-24 12:09:16,515586,18.918372869491577
577,2021-09-24 12:09:43,515586,20.025352001190186
578,2021-09-24 01:09:56,515587,19.279331922531128
579,2021-09-24 02:09:34,515588,20.141774892807007
580,2021-09-24 03:09:03,515589,18.996876001358032
581,2021-09-24 03:09:58,515589,19.42582106590271
582,2021-09-24 04:09:20,515590,19.381535053253174
583,2021-09-24 04:09:47,515590,18.88588285446167
584,2021-09-24 04:09:55,515590,19.065104961395264
585,2021-09-24 06:09:17,515591,19.59138011932373
586,2021-09-24 06:09:02,515592,19.619980096817017
587,2021-09-24 08:09:17,515594,20.11392617225647
588,2021-09-24 08:09:59,515594,19.800858974456787
589,2021-09-24 08:09:34,515595,19.56799006462097
590,2021-09-24 08:09:43,515596,19.28494620323181
591,2021-09-24 09:09:08,515597,18.524452924728394
592,2021-09-24 09:09:34,515597,19.158387184143066
593,2021-09-25 01:09:11,515602,19.29445505142212
594,2021-09-25 12:09:07,515602,19.02550220489502
595,2021-09-25 12:09:28,515602,19.590709924697876
596,2021-09-25 01:09:21,515603,19.390027046203613
597,2021-09-25 01:09:29,515603,19.31040906906128
598,2021-09-25 01:09:44,515603,19.98678684234619
599,2021-09-25 02:09:20,515605,18.76319193840027
600,2021-09-25 03:09:04,515607,19.71212100982666
601,2021-09-25 03:09:27,515607,19.05413293838501
602,2021-09-25 03:09:31,515607,18.98685097694397
603,2021-09-25 03:09:38,515607,19.35104203224182
604,2021-09-25 04:09:10,515607,19.36175298690796
605,2021-09-25 04:09:23,515607,20.03364109992981
606,2021-09-25 04:09:44,515607,19.951242208480835
607,2021-09-25 06:09:18,515607,19.51431894302368
608,2021-09-25 09:09:40,515608,19.944783926010132
609,2021-09-25 10:09:07,515608,19.639549016952515
610,2021-09-25 01:09:47,515609,21.673936128616333
611,2021-09-25 01:09:55,515609,19.272088050842285
612,2021-09-25 04:09:44,515609,19.744529008865356
613,2021-09-25 12:09:05,515609,19.236501932144165
614,2021-09-25 05:09:55,515611,18.931234121322632
615,2021-09-25 07:09:37,515615,19.043904066085815
616,2021-09-25 08:09:13,515615,19.400102853775024
617,2021-09-26 04:09:56,515616,20.025021076202393
618,2021-09-26 05:09:37,515616,19.852341890335083
619,2021-09-26 02:09:24,515617,18.959837913513184
620,2021-09-26 04:09:17,515617,19.899433851242065
621,2021-09-26 04:09:46,515617,21.344881057739258
622,2021-09-26 06:09:26,515617,19.115117073059082
623,2021-09-26 06:09:27,515617,19.715553045272827
624,2021-09-26 06:09:58,515617,19.860836029052734
625,2021-09-26 12:09:46,515617,19.46002697944641
626,2021-09-26 11:09:04,515618,19.44153094291687
627,2021-09-27 04:09:02,515618,19.639764070510864
628,2021-09-27 04:09:20,515618,19.574572801589966
629,2021-09-27 04:09:53,515618,19.44491410255432
630,2021-09-27 05:09:03,515618,19.747902870178223
631,2021-09-27 05:09:32,515618,19.688977003097534
632,2021-09-27 06:09:05,515618,19.34226393699646
633,2021-09-27 06:09:13,515618,19.262421131134033
634,2021-09-27 06:09:16,515618,19.57373809814453
635,2021-09-27 06:09:49,515618,19.524013996124268
636,2021-09-27 06:09:52,515618,19.887176036834717
637,2021-09-27 06:09:56,515618,19.991923093795776
638,2021-09-27 07:09:33,515618,20.66264510154724
639,2021-09-27 08:09:06,515618,19.260283946990967
640,2021-09-27 09:09:05,515619,19.940052032470703
641,2021-09-27 10:09:34,515619,19.386312007904053
642,2021-09-27 11:09:12,515619,19.352881908416748
643,2021-09-27 11:09:37,515619,20.278836011886597
644,2021-09-27 12:09:26,515619,19.503058910369873
645,2021-09-27 12:09:59,515619,21.1434907913208
646,2021-09-27 01:09:02,515620,19.19899082183838
647,2021-09-27 01:09:37,515620,19.648648023605347
648,2021-09-27 02:09:17,515620,20.004806995391846
649,2021-09-27 12:09:11,515620,19.41201901435852
650,2021-09-27 12:09:53,515620,19.139777183532715
651,2021-09-27 03:09:26,515621,19.884071111679077
652,2021-09-27 03:09:50,515621,19.438512802124023
653,2021-09-27 03:09:29,515622,19.66970992088318
654,2021-09-27 04:09:07,515622,19.368256092071533
655,2021-09-27 04:09:52,515623,19.09245204925537
656,2021-09-27 05:09:02,515624,19.101610898971558
657,2021-09-27 05:09:33,515625,20.36799907684326
658,2021-09-27 06:09:07,515626,19.14241600036621
659,2021-09-27 07:09:12,515627,20.617423057556152
660,2021-09-27 08:09:15,515627,19.154235124588013
661,2021-09-27 08:09:42,515627,19.653241872787476
662,2021-09-27 09:09:45,515628,18.839375019073486
663,2021-09-27 10:09:15,515630,19.21973180770874
664,2021-09-27 11:09:59,515632,19.921600818634033
665,2021-09-28 01:09:23,515633,20.519514799118042
666,2021-09-28 01:09:58,515633,19.73148488998413
667,2021-09-28 12:09:08,515633,19.044493913650513
668,2021-09-28 12:09:43,515633,19.044979095458984
669,2021-09-28 02:09:00,515634,20.20411205291748
670,2021-09-28 02:09:01,515634,19.433495044708252
671,2021-09-28 03:09:21,515634,19.658225059509277
672,2021-09-28 03:09:57,515634,20.346506118774414
673,2021-09-28 04:09:02,515634,19.627650022506714
674,2021-09-28 05:09:10,515634,19.227536916732788
675,2021-09-28 05:09:53,515634,18.715816020965576
676,2021-09-28 05:09:57,515634,19.732760906219482
677,2021-09-28 06:09:05,515634,19.77077603340149
678,2021-09-28 06:09:08,515634,19.07417392730713
679,2021-09-28 06:09:36,515634,19.725077152252197
680,2021-09-28 06:09:40,515634,19.655482053756714
681,2021-09-28 07:09:06,515634,19.449393033981323
682,2021-09-28 07:09:36,515634,19.404778957366943
683,2021-09-28 07:09:36,515634,19.059648036956787
684,2021-09-28 07:09:54,515634,19.43661403656006
685,2021-09-28 08:09:02,515634,20.665367126464844
686,2021-09-28 08:09:25,515634,19.22037696838379
687,2021-09-28 08:09:35,515634,20.65677309036255
688,2021-09-28 09:09:58,515634,19.989654064178467
689,2021-09-28 09:09:04,515635,19.258944034576416
690,2021-09-28 10:09:09,515635,19.27315902709961
691,2021-09-28 10:09:23,515635,18.956979036331177
692,2021-09-28 10:09:55,515635,19.46586799621582
693,2021-09-28 11:09:41,515635,19.45481514930725
694,2021-09-28 12:09:21,515636,19.559255123138428
695,2021-09-28 01:09:10,515637,19.63495397567749
696,2021-09-28 02:09:49,515637,19.353429794311523
697,2021-09-28 02:09:49,515637,19.361615896224976
698,2021-09-28 03:09:15,515638,19.706552028656006
699,2021-09-28 03:09:09,515639,19.53756308555603
700,2021-09-28 03:09:23,515639,18.817325115203857
701,2021-09-28 03:09:35,515639,19.321227073669434
702,2021-09-28 03:09:02,515640,19.559754848480225
703,2021-09-28 05:09:25,515641,18.80513906478882
704,2021-09-28 05:09:13,515642,19.290770053863525
705,2021-09-28 05:09:30,515642,20.102992057800293
706,2021-09-28 06:09:05,515643,19.26421308517456
707,2021-09-28 07:09:06,515643,19.981568813323975
708,2021-09-28 07:09:15,515644,19.193763971328735
709,2021-09-28 08:09:18,515645,19.385424852371216
710,2021-09-28 08:09:20,515645,19.26633596420288
711,2021-09-28 08:09:23,515645,19.490887880325317
712,2021-09-28 08:09:56,515645,20.023079872131348
713,2021-09-28 09:09:03,515646,20.378993034362793
714,2021-09-28 10:09:39,515646,19.29836916923523
715,2021-09-28 10:09:21,515647,18.9579861164093
716,2021-09-28 11:09:16,515648,19.34132480621338
717,2021-09-28 11:09:31,515650,19.35887098312378
718,2021-09-29 03:09:59,515657,19.18966293334961
719,2021-09-29 05:09:04,515661,19.153175115585327
720,2021-09-29 06:09:11,515662,19.663529872894287
721,2021-09-29 07:09:10,515662,19.200974941253662
722,2021-09-29 01:09:16,515666,18.821920156478882
723,2021-09-29 09:09:04,515666,19.060433864593506
724,2021-09-29 09:09:05,515666,19.34286403656006
725,2021-09-29 11:09:39,515666,18.799498796463013
726,2021-09-29 11:09:56,515666,19.399487018585205
727,2021-09-29 12:09:36,515667,19.31435799598694
728,2021-09-29 12:09:52,515667,20.000319004058838
729,2021-09-29 01:09:08,515668,19.11542510986328
730,2021-09-29 02:09:03,515668,18.808600902557373
731,2021-09-29 01:09:22,515669,19.240989923477173
732,2021-09-29 02:09:03,515669,19.35725498199463
733,2021-09-29 02:09:49,515669,18.90011692047119
734,2021-09-29 03:09:33,515669,18.8610680103302
735,2021-09-29 05:09:29,515672,19.17354106903076
736,2021-09-29 05:09:55,515672,19.22356081008911
737,2021-09-29 06:09:51,515672,19.54534912109375
738,2021-09-29 07:09:45,515673,19.289077043533325
739,2021-09-29 07:09:51,515673,19.70008397102356
740,2021-09-29 07:09:40,515674,19.25064492225647
741,2021-09-29 08:09:10,515675,19.05113911628723
742,2021-09-29 08:09:29,515675,19.08341097831726
743,2021-09-29 08:09:41,515675,19.430927991867065
744,2021-09-29 08:09:53,515675,18.946125984191895
745,2021-09-29 09:09:09,515675,18.903417110443115
746,2021-09-29 09:09:46,515675,19.230087995529175
747,2021-09-29 10:09:04,515676,20.473588943481445
748,2021-09-30 01:09:10,515679,19.11461901664734
749,2021-09-30 01:09:15,515679,19.185355186462402
750,2021-09-30 01:09:46,515680,19.240417957305908
751,2021-09-30 03:09:11,515682,18.955018997192383
752,2021-09-30 04:09:44,515684,21.69666600227356
753,2021-09-30 05:09:43,515684,19.638044118881226
754,2021-09-30 04:09:23,515685,20.597053050994873
755,2021-09-30 06:09:04,515687,19.344097137451172
756,2021-09-30 06:09:16,515687,19.09202790260315
757,2021-09-30 06:09:37,515687,20.420272827148438
758,2021-09-30 07:09:52,515687,19.87406897544861
759,2021-09-30 11:09:23,515693,20.125800848007202
760,2021-09-30 10:09:26,515694,20.18231201171875
761,2021-09-30 11:09:24,515694,19.387157917022705
762,2021-09-30 11:09:36,515694,19.27701210975647
763,2021-09-30 11:09:19,515695,19.79429793357849
764,2021-09-30 12:09:11,515696,19.313602924346924
765,2021-09-30 01:09:31,515697,20.37096405029297
766,2021-09-30 01:09:33,515697,19.57105016708374
767,2021-09-30 02:09:16,515697,19.12398099899292
768,2021-09-30 12:09:03,515697,19.940299034118652
769,2021-09-30 02:09:12,515698,19.84049892425537
770,2021-09-30 02:09:36,515698,20.114464044570923
771,2021-09-30 02:09:18,515699,19.301133155822754
772,2021-09-30 04:09:48,515700,20.070167064666748
773,2021-09-30 04:09:43,515701,19.66666007041931
774,2021-09-30 05:09:23,515701,19.151880025863647
775,2021-09-30 05:09:42,515702,19.554219961166382
776,2021-09-30 06:09:01,515704,18.972028970718384
777,2021-09-30 06:09:03,515704,19.2105770111084
778,2021-09-30 06:09:43,515704,19.55040407180786
779,2021-09-30 07:09:31,515704,19.80336308479309
780,2021-09-30 08:09:20,515705,21.013768911361694
781,2021-09-30 08:09:24,515705,19.70219087600708
782,2021-09-30 09:09:32,515707,19.53336191177368
783,2021-09-30 11:09:02,515710,19.598182916641235
784,2021-09-30 11:09:12,515710,19.306920051574707
785,2021-10-01 12:10:51,515710,18.980340003967285
786,2021-10-01 12:10:58,515711,19.347980976104736
787,2021-10-01 11:10:35,515713,19.796987056732178
788,2021-10-01 12:10:15,515713,20.152872800827026
789,2021-10-01 05:10:49,515717,19.42283606529236
790,2021-10-01 05:10:16,515718,18.82530403137207
791,2021-10-01 10:10:28,515728,19.54243302345276
792,2021-10-01 02:10:55,515730,18.75610113143921
793,2021-10-01 04:10:12,515730,19.78789710998535
794,2021-10-01 05:10:10,515730,19.458879947662354
795,2021-10-01 11:10:16,515730,20.160300970077515
796,2021-10-01 11:10:40,515730,21.28425621986389
797,2021-10-01 11:10:50,515730,19.439843893051147
798,2021-10-01 12:10:08,515730,20.300279140472412
799,2021-10-01 12:10:30,515730,19.394214153289795
800,2021-10-01 12:10:46,515730,19.353638172149658
801,2021-10-01 04:10:06,515731,19.279870986938477
802,2021-10-01 07:10:10,515732,19.277025938034058
803,2021-10-01 07:10:31,515732,19.337872982025146
804,2021-10-01 07:10:26,515733,19.47803282737732
805,2021-10-02 01:10:36,515735,20.174683094024658
806,2021-10-02 01:10:54,515735,19.4822678565979
807,2021-10-02 12:10:33,515735,19.25557589530945
808,2021-10-02 03:10:08,515736,19.16289496421814
809,2021-10-02 03:10:18,515736,19.876556873321533
810,2021-10-02 03:10:19,515736,20.479990005493164
811,2021-10-02 07:10:10,515736,20.247153997421265
812,2021-10-02 07:10:39,515736,18.980834007263184
813,2021-10-02 08:10:30,515736,19.276494026184082
814,2021-10-02 09:10:12,515736,19.359506845474243
815,2021-10-02 12:10:27,515736,19.42128610610962
816,2021-10-02 12:10:39,515736,19.67486882209778
817,2021-10-03 03:10:37,515737,19.505326986312866
818,2021-10-03 07:10:45,515737,19.326267957687378
819,2021-10-03 12:10:02,515737,19.37982177734375
820,2021-10-03 12:10:57,515737,19.99187207221985
821,2021-10-03 02:10:01,515738,18.93747091293335
822,2021-10-03 02:10:56,515738,19.463043928146362
823,2021-10-03 03:10:04,515738,19.356745958328247
824,2021-10-03 03:10:39,515738,19.200037002563477
825,2021-10-03 03:10:55,515738,19.758225917816162
826,2021-10-03 04:10:13,515738,20.52757692337036
827,2021-10-03 04:10:40,515738,19.275004863739014
828,2021-10-03 03:10:50,515739,20.074059009552002
829,2021-10-03 07:10:26,515739,20.18923807144165
830,2021-10-03 08:10:32,515739,19.779568195343018
831,2021-10-04 01:10:35,515741,18.782078981399536
832,2021-10-04 01:10:35,515741,19.636439085006714
833,2021-10-04 09:10:14,515741,19.210421085357666
834,2021-10-04 10:10:10,515741,20.029228925704956
835,2021-10-04 11:10:09,515741,19.72850799560547
836,2021-10-04 12:10:53,515741,19.562811136245728
837,2021-10-04 03:10:01,515743,20.24658203125
838,2021-10-04 04:10:23,515745,19.02722716331482
839,2021-10-04 05:10:26,515747,20.910878896713257
840,2021-10-04 06:10:03,515747,20.00988006591797
841,2021-10-04 06:10:24,515747,19.46810221672058
842,2021-10-04 07:10:06,515747,20.473090887069702
843,2021-10-04 07:10:21,515747,21.02234697341919
844,2021-10-04 07:10:51,515747,20.50917887687683
845,2021-10-04 07:10:11,515748,20.67517399787903
846,2021-10-04 08:10:10,515748,19.8033549785614
847,2021-10-04 09:10:16,515748,19.7135169506073
848,2021-10-04 09:10:17,515748,19.11563205718994
849,2021-10-04 09:10:23,515748,19.265037059783936
850,2021-10-04 10:10:17,515748,20.224509954452515
851,2021-10-04 10:10:36,515748,19.454949855804443
852,2021-10-04 11:10:24,515748,19.650086164474487
853,2021-10-05 11:10:37,515748,19.45598602294922
854,2021-10-05 11:10:41,515748,20.61681818962097
855,2021-10-05 11:10:50,515748,20.907724857330322
856,2021-10-05 12:10:53,515748,20.23294997215271
857,2021-10-05 12:10:49,515749,19.705940008163452
858,2021-10-05 12:10:57,515749,19.595782995224
859,2021-10-05 01:10:34,515750,19.126524925231934
860,2021-10-05 02:10:56,515750,19.895867109298706
861,2021-10-05 06:10:56,515753,19.396596908569336
862,2021-10-05 06:10:58,515753,19.935482025146484
863,2021-10-05 07:10:15,515754,19.1440589427948
864,2021-10-05 07:10:38,515754,19.536603927612305
865,2021-10-05 07:10:52,515754,19.329547882080078
866,2021-10-05 07:10:55,515754,19.372058153152466
867,2021-10-05 01:10:03,515757,19.27290987968445
868,2021-10-05 01:10:19,515757,19.59334397315979
869,2021-10-05 01:10:33,515757,19.100664138793945
870,2021-10-05 01:10:47,515757,19.5871319770813
871,2021-10-05 02:10:21,515757,19.491391897201538
872,2021-10-05 08:10:08,515757,19.282065868377686
873,2021-10-05 09:10:58,515757,19.280518054962158
874,2021-10-05 10:10:47,515757,19.5761079788208
875,2021-10-05 11:10:20,515757,20.010627031326294
876,2021-10-05 12:10:04,515757,19.079457998275757
877,2021-10-05 12:10:21,515757,19.572800874710083
878,2021-10-05 02:10:13,515758,19.811574935913086
879,2021-10-05 02:10:55,515758,19.53368902206421
880,2021-10-05 04:10:53,515759,18.993072986602783
881,2021-10-05 05:10:05,515760,19.457181215286255
882,2021-10-05 06:10:03,515761,19.685549020767212
883,2021-10-05 08:10:10,515764,19.373791933059692
884,2021-10-05 09:10:54,515768,19.067028045654297
885,2021-10-05 10:10:59,515768,19.254249811172485
886,2021-10-05 11:10:39,515769,19.29161500930786
887,2021-10-06 12:10:03,515770,19.419167041778564
888,2021-10-06 01:10:35,515772,19.47406315803528
889,2021-10-06 01:10:03,515779,19.60803198814392
890,2021-10-06 01:10:10,515779,19.134976863861084
891,2021-10-06 01:10:55,515779,19.27499294281006
892,2021-10-06 02:10:10,515779,19.5082688331604
893,2021-10-06 06:10:03,515779,19.24019503593445
894,2021-10-06 06:10:34,515779,19.159043073654175
895,2021-10-06 07:10:11,515779,19.940192937850952
896,2021-10-06 07:10:18,515779,20.875004053115845
897,2021-10-06 07:10:35,515779,19.34006404876709
898,2021-10-06 09:10:10,515779,19.1615469455719
899,2021-10-06 10:10:08,515779,19.9425151348114
900,2021-10-06 11:10:11,515779,19.226740837097168
901,2021-10-06 11:10:45,515779,19.000324964523315
902,2021-10-06 12:10:28,515779,19.65702486038208
903,2021-10-06 12:10:33,515779,19.69085192680359
904,2021-10-06 12:10:37,515779,19.754539012908936
905,2021-10-06 03:10:02,515780,19.191901206970215
906,2021-10-06 03:10:18,515780,19.116472005844116
907,2021-10-06 03:10:57,515780,19.84498906135559
908,2021-10-06 03:10:58,515780,19.142233848571777
909,2021-10-06 04:10:14,515780,19.457053184509277
910,2021-10-06 04:10:37,515780,19.83772110939026
911,2021-10-06 04:10:35,515781,19.26025390625
912,2021-10-06 05:10:28,515781,19.079602003097534
913,2021-10-06 05:10:41,515781,19.418015956878662
914,2021-10-06 07:10:04,515783,19.26926898956299
915,2021-10-06 07:10:15,515783,19.147276163101196
916,2021-10-06 10:10:24,515784,19.677978992462158
917,2021-10-07 04:10:39,515785,19.12879776954651
918,2021-10-07 06:10:05,515785,19.102541208267212
919,2021-10-07 06:10:15,515787,19.29994797706604
920,2021-10-07 01:10:56,515791,20.44455099105835
921,2021-10-07 12:10:33,515791,20.07003092765808
922,2021-10-07 05:10:28,515797,20.150933027267456
923,2021-10-07 05:10:55,515797,19.694195985794067
924,2021-10-07 06:10:18,515797,20.828285932540894
925,2021-10-07 06:10:22,515797,20.617788076400757
926,2021-10-07 06:10:34,515797,19.47293996810913
927,2021-10-07 06:10:40,515797,19.515634059906006
928,2021-10-07 07:10:07,515797,20.113399028778076
929,2021-10-07 07:10:53,515797,19.48966693878174
930,2021-10-07 07:10:54,515797,19.7553071975708
931,2021-10-07 09:10:18,515798,20.030272006988525
932,2021-10-07 10:10:02,515798,19.55166506767273
933,2021-10-07 11:10:49,515799,19.53389811515808
934,2021-10-07 11:10:55,515799,19.204569816589355
935,2021-10-08 12:10:04,515799,20.715857982635498
936,2021-10-08 01:10:17,515800,19.78121590614319
937,2021-10-08 01:10:47,515800,19.1889328956604
938,2021-10-08 12:10:22,515800,20.852642059326172
939,2021-10-08 04:10:00,515801,20.477241039276123
940,2021-10-08 04:10:05,515801,19.631749868392944
941,2021-10-08 04:10:23,515801,19.811038970947266
942,2021-10-08 04:10:38,515801,19.59834885597229
943,2021-10-08 04:10:44,515801,20.43226718902588
944,2021-10-08 04:10:58,515801,19.172870874404907
945,2021-10-08 07:10:42,515802,19.334875106811523
946,2021-10-08 08:10:46,515802,19.276570081710815
947,2021-10-08 08:10:51,515802,19.78534483909607
948,2021-10-08 09:10:05,515802,18.835484981536865
949,2021-10-08 09:10:32,515802,19.871379852294922
950,2021-10-08 09:10:52,515802,19.617576122283936
951,2021-10-08 09:10:58,515802,20.128525018692017
952,2021-10-08 10:10:41,515802,19.988903999328613
953,2021-10-08 01:10:44,515803,19.754525899887085
954,2021-10-08 02:10:02,515803,18.914091110229492
955,2021-10-08 02:10:21,515803,20.17041516304016
956,2021-10-08 02:10:34,515803,21.24429988861084
957,2021-10-08 02:10:50,515803,19.62359309196472
958,2021-10-08 03:10:16,515803,19.577440977096558
959,2021-10-08 07:10:31,515803,20.01468586921692
960,2021-10-08 09:10:12,515803,19.410037994384766
961,2021-10-08 10:10:15,515803,19.25348687171936
962,2021-10-08 11:10:04,515803,19.092950105667114
963,2021-10-08 12:10:25,515803,20.10085391998291
964,2021-10-08 12:10:33,515803,19.652398109436035
965,2021-10-08 12:10:41,515803,19.770358085632324
966,2021-10-08 12:10:59,515803,19.61511516571045
967,2021-10-08 02:10:49,515804,19.835515022277832
968,2021-10-08 03:10:03,515804,20.25848913192749
969,2021-10-08 01:10:42,515805,19.640623092651367
970,2021-10-08 04:10:05,515806,21.98959493637085
971,2021-10-08 07:10:08,515806,19.69696283340454
972,2021-10-09 02:10:44,515806,21.010817050933838
973,2021-10-09 03:10:26,515806,19.841026067733765
974,2021-10-08 07:10:01,515808,20.0849449634552
975,2021-10-08 07:10:07,515808,21.02868390083313
976,2021-10-08 07:10:49,515808,20.65111804008484
977,2021-10-08 09:10:45,515808,18.93996000289917
978,2021-10-09 04:10:33,515808,20.614888906478882
979,2021-10-08 09:10:52,515809,20.551865100860596
980,2021-10-09 04:10:40,515811,19.49113893508911
981,2021-10-09 07:10:00,515811,19.90779209136963
982,2021-10-09 10:10:09,515811,19.333870887756348
983,2021-10-09 10:10:20,515811,19.241678953170776
984,2021-10-09 10:10:50,515811,20.70425820350647
985,2021-10-09 12:10:46,515811,19.926886081695557
986,2021-10-09 11:10:19,515813,19.138401985168457
987,2021-10-09 12:10:13,515813,19.263247966766357
988,2021-10-09 02:10:46,515814,19.610328912734985
989,2021-10-09 02:10:06,515816,20.597548007965088
990,2021-10-09 09:10:16,515818,19.640691995620728
991,2021-10-09 09:10:39,515818,19.213243007659912
992,2021-10-09 09:10:56,515819,19.371652841567993
993,2021-10-09 10:10:53,515819,20.46076989173889
994,2021-10-09 10:10:54,515819,20.01467800140381
995,2021-10-09 10:10:00,515820,19.5247859954834
996,2021-10-10 06:10:35,515820,19.864469051361084
997,2021-10-09 10:10:31,515822,19.283480167388916
998,2021-10-10 09:10:32,515822,19.38070297241211
999,2021-10-10 09:10:12,515825,20.46651601791382
1000,2021-10-10 01:10:00,515827,19.730983018875122
1001,2021-10-10 11:10:12,515827,19.529101848602295
1002,2021-10-10 11:10:59,515827,19.7410991191864
1003,2021-10-10 01:10:22,515829,19.35912799835205
1004,2021-10-10 04:10:36,515829,20.297247886657715
1005,2021-10-10 10:10:54,515829,20.20656991004944
1006,2021-10-10 06:10:43,515830,19.656908988952637
1007,2021-10-10 06:10:54,515830,19.57624101638794
1008,2021-10-10 08:10:03,515830,19.54544496536255
1009,2021-10-10 09:10:49,515830,19.43342089653015
1010,2021-10-10 09:10:15,515832,19.748568058013916
1011,2021-10-10 09:10:59,515832,19.413627862930298
1012,2021-10-11 02:10:56,515835,20.190115928649902
1013,2021-10-11 04:10:53,515836,20.294692993164062
1014,2021-10-11 09:10:01,515837,19.422385931015015
1015,2021-10-11 09:10:10,515837,19.51081395149231
1016,2021-10-11 09:10:18,515837,20.0422580242157
1017,2021-10-11 11:10:16,515837,19.06056499481201
1018,2021-10-11 01:10:54,515838,19.908550024032593
1019,2021-10-11 02:10:25,515838,19.25176501274109
1020,2021-10-11 02:10:57,515838,20.01499104499817
1021,2021-10-11 11:10:15,515838,19.583314895629883
1022,2021-10-11 11:10:29,515839,19.877372980117798
1023,2021-10-12 07:10:48,515840,19.241010904312134
1024,2021-10-12 08:10:20,515841,19.434789896011353
1025,2021-10-13 01:10:05,515841,19.549206972122192
1026,2021-10-12 04:10:13,515843,20.04813504219055
1027,2021-10-12 10:10:56,515843,19.42571210861206
1028,2021-10-12 11:10:37,515843,19.04896306991577
1029,2021-10-12 11:10:49,515843,19.024014949798584
1030,2021-10-12 12:10:39,515843,19.30384397506714
1031,2021-10-13 02:10:00,515846,19.893303871154785
1032,2021-10-13 02:10:14,515846,20.049947023391724
1033,2021-10-13 02:10:27,515846,22.149928092956543
1034,2021-10-13 02:10:28,515846,18.840712070465088
1035,2021-10-13 02:10:54,515846,19.5273699760437
1036,2021-10-13 05:10:48,515846,19.445631980895996
1037,2021-10-13 06:10:13,515846,19.863035917282104
1038,2021-10-14 06:10:12,515846,19.034752130508423
1039,2021-10-13 05:10:22,515852,19.215524911880493
1040,2021-10-13 05:10:36,515852,19.595433950424194
1041,2021-10-13 05:10:45,515852,19.38909912109375
1042,2021-10-13 05:10:48,515852,19.354011058807373
1043,2021-10-13 05:10:50,515852,19.640031814575195
1044,2021-10-13 05:10:52,515852,19.536550998687744
1045,2021-10-14 06:10:04,515852,19.49484610557556
1046,2021-10-14 06:10:34,515852,19.409672021865845
1047,2021-10-14 06:10:41,515852,19.6885027885437
1048,2021-10-14 07:10:33,515852,19.968485832214355
1049,2021-10-14 09:10:00,515852,20.19164204597473
1050,2021-10-14 09:10:05,515852,19.577937126159668
1051,2021-10-14 09:10:08,515852,19.464172840118408
1052,2021-10-14 09:10:27,515852,19.961369037628174
1053,2021-10-14 09:10:59,515852,18.915277004241943
1054,2021-10-14 10:10:08,515852,19.435330152511597
1055,2021-10-14 10:10:39,515852,19.14684009552002
1056,2021-10-14 10:10:48,515852,20.196494817733765
1057,2021-10-14 11:10:30,515852,19.242577075958252
1058,2021-10-14 11:10:13,515853,20.373244047164917
1059,2021-10-14 11:10:28,515853,19.136433124542236
1060,2021-10-15 12:10:21,515853,19.929291009902954
1061,2021-10-15 12:10:30,515853,19.999022960662842
1062,2021-10-15 12:10:42,515853,18.91426396369934
1063,2021-10-15 12:10:55,515853,19.047445058822632
1064,2021-10-13 02:10:16,515854,19.249655961990356
1065,2021-10-14 08:10:15,515854,19.197752952575684
1066,2021-10-14 09:10:10,515854,19.302672147750854
1067,2021-10-15 01:10:03,515854,19.545167922973633
1068,2021-10-15 01:10:09,515854,19.76376986503601
1069,2021-10-15 01:10:18,515854,19.424355030059814
1070,2021-10-15 01:10:59,515854,19.734761953353882
1071,2021-10-15 03:10:14,515854,19.361320972442627
1072,2021-10-15 04:10:01,515854,19.322108030319214
1073,2021-10-15 05:10:05,515854,19.430860996246338
1074,2021-10-15 05:10:07,515854,19.395548105239868
1075,2021-10-15 05:10:10,515854,20.137306213378906
1076,2021-10-15 05:10:19,515854,19.94739603996277
1077,2021-10-14 04:10:37,515855,19.061098098754883
1078,2021-10-15 05:10:25,515855,19.34501314163208
1079,2021-10-15 05:10:36,515855,19.23380398750305
1080,2021-10-15 05:10:51,515855,19.028141021728516
1081,2021-10-15 06:10:28,515855,19.283993005752563
1082,2021-10-15 07:10:38,515855,19.465769052505493
1083,2021-10-15 07:10:49,515855,19.31826901435852
1084,2021-10-15 07:10:54,515855,18.93745183944702
1085,2021-10-15 07:10:55,515855,20.193240880966187
1086,2021-10-15 08:10:02,515855,19.548902988433838
1087,2021-10-15 08:10:06,515855,19.818527936935425
1088,2021-10-15 08:10:15,515855,20.862634897232056
1089,2021-10-15 08:10:19,515855,18.887743949890137
1090,2021-10-15 08:10:23,515855,19.12014389038086
1091,2021-10-15 08:10:32,515855,20.11120891571045
1092,2021-10-15 08:10:51,515855,19.725605010986328
1093,2021-10-15 09:10:07,515855,19.89853596687317
1094,2021-10-15 09:10:39,515855,19.33038902282715
1095,2021-10-15 10:10:10,515855,19.971160888671875
1096,2021-10-15 10:10:16,515855,19.503467082977295
1097,2021-10-15 10:10:27,515855,19.102317094802856
1098,2021-10-15 10:10:03,515856,19.06760597229004
1099,2021-10-15 11:10:02,515856,19.42667007446289
1100,2021-10-15 11:10:08,515856,22.206692934036255
1101,2021-10-15 11:10:13,515856,21.666839838027954
1102,2021-10-15 11:10:16,515856,21.008203983306885
1103,2021-10-15 11:10:21,515856,18.923996925354004
1104,2021-10-15 11:10:30,515856,20.414134979248047
1105,2021-10-15 11:10:34,515856,19.447673082351685
1106,2021-10-15 11:10:37,515856,19.541769981384277
1107,2021-10-15 11:10:52,515856,21.085362911224365
1108,2021-10-15 12:10:09,515856,20.314019918441772
1109,2021-10-15 12:10:20,515856,19.19951605796814
1110,2021-10-15 12:10:28,515856,19.278650999069214
1111,2021-10-15 12:10:33,515856,19.004024982452393
1112,2021-10-15 12:10:41,515856,20.993690013885498
1113,2021-10-15 12:10:41,515856,21.321969985961914
1114,2021-10-15 12:10:45,515856,19.06148600578308
1115,2021-10-15 12:10:57,515856,19.982563972473145
1116,2021-10-15 12:10:57,515856,18.947327852249146
1117,2021-10-15 01:10:12,515857,19.278223991394043
1118,2021-10-15 01:10:19,515857,19.452634811401367
1119,2021-10-15 01:10:24,515857,19.923708200454712
1120,2021-10-15 01:10:38,515857,20.247554063796997
1121,2021-10-15 01:10:21,515874,19.444432020187378
1122,2021-10-15 01:10:22,515874,19.377896070480347
1123,2021-10-15 02:10:05,515874,20.003994941711426
1124,2021-10-15 02:10:42,515874,19.65189003944397
1125,2021-10-15 03:10:58,515879,19.672122955322266
1126,2021-10-15 03:10:24,515880,19.880838871002197
1127,2021-10-15 03:10:15,515881,20.634564876556396
1128,2021-10-15 03:10:05,515882,19.25062894821167
1129,2021-10-15 03:10:33,515882,19.697596788406372
1130,2021-10-15 04:10:06,515882,19.431427001953125
1131,2021-10-15 04:10:05,515884,20.135493993759155
1132,2021-10-15 04:10:31,515884,19.534191131591797
1133,2021-10-15 04:10:17,515885,19.153808116912842
1134,2021-10-15 04:10:51,515885,19.86453890800476
1135,2021-10-15 05:10:07,515885,19.978291034698486
1136,2021-10-15 05:10:26,515885,21.625744104385376
1137,2021-10-15 09:10:44,515885,19.226235151290894
1138,2021-10-15 09:10:47,515885,20.493064880371094
1139,2021-10-15 05:10:07,515886,19.997652769088745
1140,2021-10-15 05:10:21,515886,19.594342947006226
1141,2021-10-15 05:10:31,515887,19.63793396949768
1142,2021-10-15 09:10:54,515887,19.591269969940186
1143,2021-10-15 09:10:57,515887,19.348227977752686
1144,2021-10-15 05:10:35,515888,19.1046462059021
1145,2021-10-15 09:10:48,515888,19.680434942245483
1146,2021-10-15 10:10:07,515889,18.95127820968628
1147,2021-10-16 02:10:28,515890,20.04431986808777
1148,2021-10-16 03:10:17,515890,20.27063798904419
1149,2021-10-16 04:10:49,515890,20.566078901290894
1150,2021-10-15 10:10:17,515892,19.40519905090332
1151,2021-10-15 10:10:40,515892,20.368105173110962
1152,2021-10-16 03:10:34,515892,20.09864592552185
1153,2021-10-15 10:10:16,515893,20.165454149246216
1154,2021-10-15 10:10:58,515893,19.718942880630493
1155,2021-10-15 11:10:05,515893,20.0565288066864
1156,2021-10-16 05:10:00,515893,19.848121881484985
1157,2021-10-16 09:10:33,515893,19.340761184692383
1158,2021-10-16 05:10:02,515894,21.806251049041748
1159,2021-10-16 12:10:14,515894,19.33168601989746
1160,2021-10-16 01:10:12,515895,19.97995686531067
1161,2021-10-16 01:10:28,515895,20.03441596031189
1162,2021-10-16 01:10:44,515895,19.717039108276367
1163,2021-10-16 05:10:57,515895,20.29242992401123
1164,2021-10-16 02:10:42,515896,22.37063694000244
1165,2021-10-16 09:10:47,515896,20.844578981399536
1166,2021-10-16 06:10:30,515897,19.92419195175171
1167,2021-10-16 06:10:48,515897,19.34025287628174
1168,2021-10-16 10:10:56,515897,19.658565998077393
1169,2021-10-16 06:10:19,515898,19.367918014526367
1170,2021-10-16 06:10:32,515898,19.584383964538574
1171,2021-10-16 06:10:23,515899,19.279154062271118
1172,2021-10-16 10:10:22,515899,19.70812487602234
1173,2021-10-16 10:10:00,515905,20.043605089187622
1174,2021-10-16 01:10:23,515910,19.550596952438354
1175,2021-10-16 10:10:24,515910,19.465068817138672
1176,2021-10-17 12:10:39,515911,19.32041907310486
1177,2021-10-17 02:10:15,515912,19.252588987350464
1178,2021-10-17 02:10:35,515912,19.007734060287476
1179,2021-10-17 05:10:40,515918,19.414595127105713
1180,2021-10-17 06:10:12,515921,19.450497150421143
1181,2021-10-17 01:10:21,515925,19.3904230594635
1182,2021-10-17 01:10:45,515926,19.743900060653687
1183,2021-10-17 04:10:02,515930,21.701730012893677
1184,2021-10-17 05:10:53,515930,20.21683692932129
1185,2021-10-17 07:10:18,515930,21.49525213241577
1186,2021-10-17 08:10:00,515930,20.86481809616089
1187,2021-10-17 08:10:40,515930,20.993072032928467
1188,2021-10-17 08:10:43,515930,20.465255975723267
1189,2021-10-18 12:10:13,515936,19.29120898246765
1190,2021-10-18 04:10:15,515938,20.332184076309204
1191,2021-10-18 05:10:12,515938,19.75101900100708
1192,2021-10-18 05:10:45,515938,19.026841163635254
1193,2021-10-18 06:10:45,515938,19.29029393196106
1194,2021-10-18 06:10:53,515938,19.525771856307983
1195,2021-10-18 07:10:08,515938,19.446826934814453
1196,2021-10-18 07:10:12,515938,19.231863975524902
1197,2021-10-18 07:10:14,515938,19.038009881973267
1198,2021-10-18 07:10:48,515938,19.524193048477173
1199,2021-10-18 01:10:38,515939,19.520095825195312
1200,2021-10-18 03:10:24,515939,19.087575912475586
1201,2021-10-18 03:10:28,515939,19.122174978256226
1202,2021-10-18 04:10:58,515939,19.264491081237793
1203,2021-10-18 08:10:14,515939,21.314082860946655
1204,2021-10-18 09:10:47,515939,19.44145894050598
1205,2021-10-18 09:10:57,515939,19.62301778793335
1206,2021-10-18 12:10:00,515939,19.111702919006348
1207,2021-10-18 12:10:05,515939,19.8695650100708
1208,2021-10-18 12:10:56,515939,19.959357023239136
1209,2021-10-18 02:10:22,515940,19.095031023025513
1210,2021-10-18 03:10:33,515940,19.044454097747803
1211,2021-10-18 04:10:31,515940,19.62847089767456
1212,2021-10-18 04:10:55,515940,18.82127094268799
1213,2021-10-18 05:10:14,515940,19.308960914611816
1214,2021-10-18 05:10:23,515940,21.066565990447998
1215,2021-10-18 06:10:33,515940,19.528831005096436
1216,2021-10-18 06:10:29,515942,19.77094078063965
1217,2021-10-18 08:10:35,515943,19.37624502182007
1218,2021-10-18 08:10:08,515944,19.43966293334961
1219,2021-10-18 09:10:49,515945,19.295392990112305
1220,2021-10-18 09:10:58,515945,19.978048086166382
1221,2021-10-18 10:10:04,515947,19.171189785003662
1222,2021-10-18 10:10:10,515947,19.599411964416504
1223,2021-10-18 10:10:45,515947,19.928544998168945
1224,2021-10-18 10:10:53,515947,19.51718306541443
1225,2021-10-18 11:10:46,515948,19.533579111099243
1226,2021-10-19 12:10:42,515948,19.460460901260376
1227,2021-10-19 01:10:57,515949,19.778693914413452
1228,2021-10-19 02:10:23,515949,20.183350086212158
1229,2021-10-19 02:10:30,515950,19.08445692062378
1230,2021-10-19 04:10:08,515953,19.460733890533447
1231,2021-10-19 04:10:18,515953,19.901715993881226
1232,2021-10-19 04:10:56,515953,20.51276993751526
1233,2021-10-19 04:10:59,515953,20.03634214401245
1234,2021-10-19 05:10:53,515953,20.03770613670349
1235,2021-10-19 05:10:37,515954,20.4167799949646
1236,2021-10-19 05:10:41,515954,19.671565055847168
1237,2021-10-19 06:10:09,515954,19.861261129379272
1238,2021-10-19 06:10:45,515954,19.1614990234375
1239,2021-10-19 06:10:57,515954,19.700226068496704
1240,2021-10-19 07:10:23,515956,19.068315982818604
1241,2021-10-19 09:10:23,515958,19.38790988922119
1242,2021-10-19 10:10:25,515959,19.422479152679443
1243,2021-10-19 10:10:55,515959,21.925141096115112
1244,2021-10-19 11:10:02,515959,20.571074962615967
1245,2021-10-19 11:10:09,515959,20.633063077926636
1246,2021-10-19 11:10:27,515959,19.544655084609985
1247,2021-10-19 11:10:47,515959,20.86618185043335
1248,2021-10-19 11:10:47,515959,19.131814002990723
1249,2021-10-19 11:10:52,515959,20.14401602745056
1250,2021-10-19 12:10:46,515959,19.52672791481018
1251,2021-10-19 01:10:13,515961,19.3718581199646
1252,2021-10-19 12:10:55,515961,19.888098001480103
1253,2021-10-19 01:10:11,515962,19.7047598361969
1254,2021-10-19 01:10:23,515962,19.307116985321045
1255,2021-10-19 01:10:38,515962,20.07724094390869
1256,2021-10-19 01:10:47,515962,18.92142605781555
1257,2021-10-19 02:10:50,515962,19.31562614440918
1258,2021-10-19 04:10:11,515963,19.856343984603882
1259,2021-10-19 05:10:55,515963,19.853902101516724
1260,2021-10-19 03:10:07,515964,19.420101165771484
1261,2021-10-19 03:10:27,515965,20.457552909851074
1262,2021-10-19 04:10:29,515965,19.838982105255127
1263,2021-10-19 06:10:42,515967,19.95184898376465
1264,2021-10-19 07:10:18,515967,20.19240689277649
1265,2021-10-19 07:10:15,515968,19.911728858947754
1266,2021-10-19 07:10:46,515969,21.72591495513916
1267,2021-10-19 10:10:12,515969,19.51214599609375
1268,2021-10-19 08:10:16,515970,20.209174871444702
1269,2021-10-19 08:10:29,515970,19.431782960891724
1270,2021-10-19 08:10:54,515970,22.0836079120636
1271,2021-10-19 10:10:24,515970,19.658665895462036
1272,2021-10-19 10:10:26,515970,19.733836889266968
1273,2021-10-19 08:10:14,515971,20.001474857330322
1274,2021-10-19 11:10:07,515971,19.640854835510254
1275,2021-10-20 12:10:07,515972,19.64471697807312
1276,2021-10-20 12:10:48,515972,20.302515983581543
1277,2021-10-20 12:10:17,515973,19.154744863510132
1278,2021-10-20 12:10:30,515977,19.08343005180359
1279,2021-10-20 01:10:08,515978,19.23808717727661
1280,2021-10-20 02:10:35,515978,19.09431290626526
1281,2021-10-20 02:10:13,515979,19.78715991973877
1282,2021-10-20 05:10:34,515982,19.37190294265747
1283,2021-10-20 05:10:45,515983,19.331239938735962
1284,2021-10-20 01:10:03,515984,20.127851009368896
1285,2021-10-20 01:10:40,515984,19.383452892303467
1286,2021-10-20 06:10:49,515984,19.63861393928528
1287,2021-10-20 07:10:31,515984,21.198657989501953
1288,2021-10-20 08:10:00,515984,19.670886993408203
1289,2021-10-20 08:10:28,515984,20.47975182533264
1290,2021-10-20 10:10:08,515984,19.080579042434692
1291,2021-10-20 11:10:03,515984,19.19934105873108
1292,2021-10-20 11:10:18,515984,19.470759868621826
1293,2021-10-20 11:10:20,515984,19.19304585456848
1294,2021-10-20 11:10:37,515984,19.20081615447998
1295,2021-10-20 12:10:05,515984,19.11218500137329
1296,2021-10-20 02:10:17,515985,19.713024139404297
1297,2021-10-20 03:10:43,515985,19.958806037902832
1298,2021-10-20 03:10:05,515986,19.31775712966919
1299,2021-10-20 03:10:48,515986,19.089277029037476
1300,2021-10-20 04:10:08,515987,19.27586603164673
1301,2021-10-20 05:10:58,515988,20.430064916610718
1302,2021-10-20 06:10:24,515989,19.854990005493164
1303,2021-10-20 05:10:55,515990,19.502758979797363
1304,2021-10-20 07:10:36,515990,19.23030686378479
1305,2021-10-20 08:10:27,515991,18.955424070358276
1306,2021-10-20 08:10:46,515992,19.41053295135498
1307,2021-10-20 08:10:53,515993,19.963186025619507
1308,2021-10-20 09:10:18,515993,18.959646940231323
1309,2021-10-20 09:10:58,515993,19.540038108825684
1310,2021-10-20 11:10:09,515995,19.47475790977478
1311,2021-10-20 11:10:16,515995,19.352336168289185
1312,2021-10-21 01:10:44,515999,19.708587169647217
1313,2021-10-21 12:10:09,515999,19.12340998649597
1314,2021-10-21 02:10:53,516001,18.996678113937378
1315,2021-10-21 03:10:38,516002,19.79835295677185
1316,2021-10-21 05:10:07,516005,19.61761498451233
1317,2021-10-21 05:10:34,516005,20.999207019805908
1318,2021-10-21 06:10:34,516005,19.19690990447998
1319,2021-10-21 05:10:12,516006,20.198578119277954
1320,2021-10-21 06:10:19,516007,19.9521701335907
1321,2021-10-21 06:10:23,516007,19.21237587928772
1322,2021-10-21 06:10:50,516007,19.31773614883423
1323,2021-10-21 08:10:34,516011,19.365551948547363
1324,2021-10-21 08:10:45,516011,18.88344693183899
1325,2021-10-21 09:10:49,516012,19.72959804534912
1326,2021-10-21 10:10:56,516012,20.473918914794922
1327,2021-10-21 02:10:07,516013,19.457690000534058
1328,2021-10-21 02:10:40,516013,19.57150387763977
1329,2021-10-21 03:10:10,516013,19.037665128707886
1330,2021-10-21 03:10:24,516013,20.557523012161255
1331,2021-10-21 03:10:58,516013,19.365510940551758
1332,2021-10-21 04:10:31,516013,19.336952924728394
1333,2021-10-21 12:10:08,516013,20.024943828582764
1334,2021-10-21 04:10:26,516015,19.08586096763611
1335,2021-10-21 05:10:13,516015,19.2621910572052
1336,2021-10-21 05:10:11,516016,20.00299596786499
1337,2021-10-21 05:10:28,516016,18.750566005706787
1338,2021-10-21 05:10:54,516016,19.718225955963135
1339,2021-10-21 06:10:31,516016,19.10294795036316
1340,2021-10-21 07:10:28,516016,19.173847913742065
1341,2021-10-21 07:10:24,516017,19.79566216468811
1342,2021-10-21 07:10:53,516018,19.13335084915161
1343,2021-10-21 07:10:25,516019,19.690440893173218
1344,2021-10-21 08:10:29,516019,22.018497943878174
1345,2021-10-21 09:10:50,516019,19.800167083740234
1346,2021-10-21 08:10:07,516020,18.924381971359253
1347,2021-10-21 08:10:39,516021,19.976829051971436
1348,2021-10-21 08:10:42,516021,19.570765018463135
1349,2021-10-21 11:10:07,516021,19.052350997924805
1350,2021-10-21 11:10:49,516021,19.448392868041992
1351,2021-10-21 11:10:52,516021,19.297520875930786
1352,2021-10-22 12:10:11,516021,19.781208038330078
1353,2021-10-22 12:10:50,516021,19.05069589614868
1354,2021-10-22 01:10:00,516022,19.447918176651
1355,2021-10-22 01:10:04,516022,19.05956506729126
1356,2021-10-22 02:10:08,516022,19.608192920684814
1357,2021-10-22 02:10:12,516022,18.681424856185913
1358,2021-10-22 02:10:24,516022,18.96739387512207
1359,2021-10-22 02:10:31,516022,19.443361043930054
1360,2021-10-22 02:10:05,516023,19.20077896118164
1361,2021-10-22 02:10:27,516023,19.31310510635376
1362,2021-10-22 06:10:12,516023,19.4763081073761
1363,2021-10-22 06:10:09,516027,19.121565103530884
1364,2021-10-22 07:10:47,516027,21.23165011405945
1365,2021-10-22 08:10:05,516027,20.680141925811768
1366,2021-10-22 06:10:45,516029,19.25213885307312
1367,2021-10-22 07:10:39,516030,19.743808031082153
1368,2021-10-22 07:10:04,516031,19.866540908813477
1369,2021-10-22 08:10:19,516031,19.855396032333374
1370,2021-10-22 08:10:44,516031,19.602159023284912
1371,2021-10-22 08:10:53,516031,19.99414300918579
1372,2021-10-22 08:10:57,516031,19.43091106414795
1373,2021-10-22 08:10:57,516032,19.063361883163452
1374,2021-10-22 11:10:06,516036,19.325175046920776
1375,2021-10-22 11:10:06,516037,19.27633786201477
1376,2021-10-22 11:10:07,516038,19.511033058166504
1377,2021-10-22 12:10:47,516038,19.468587160110474
1378,2021-10-22 01:10:25,516039,19.230658054351807
1379,2021-10-22 01:10:40,516039,20.484866857528687
1380,2021-10-22 01:10:38,516040,19.46391201019287
1381,2021-10-22 02:10:05,516040,19.652748107910156
1382,2021-10-22 02:10:36,516040,21.641334056854248
1383,2021-10-22 02:10:43,516040,19.47763705253601
1384,2021-10-22 03:10:18,516040,19.88153314590454
1385,2021-10-22 02:10:26,516041,19.766429901123047
1386,2021-10-22 02:10:45,516041,19.325954914093018
1387,2021-10-22 03:10:05,516041,19.82391619682312
1388,2021-10-22 03:10:06,516042,19.401618003845215
1389,2021-10-22 03:10:27,516042,19.972952842712402
1390,2021-10-22 03:10:28,516042,19.47644805908203
1391,2021-10-22 04:10:28,516044,19.28158211708069
1392,2021-10-22 04:10:52,516044,19.657881021499634
1393,2021-10-22 05:10:08,516044,19.855051040649414
1394,2021-10-22 05:10:35,516045,19.181275129318237
1395,2021-10-22 05:10:59,516045,19.5291531085968
1396,2021-10-22 06:10:43,516045,19.078057050704956
1397,2021-10-22 05:10:27,516046,19.86622381210327
1398,2021-10-22 06:10:36,516046,19.391983032226562
1399,2021-10-22 06:10:41,516046,19.28549814224243
1400,2021-10-22 06:10:54,516046,19.271610021591187
1401,2021-10-22 06:10:30,516047,19.44924020767212
1402,2021-10-22 07:10:45,516048,19.43452286720276
1403,2021-10-22 09:10:41,516049,20.635390043258667
1404,2021-10-22 09:10:04,516050,19.43987488746643
1405,2021-10-22 11:10:16,516051,20.01994800567627
1406,2021-10-22 11:10:53,516053,19.140522003173828
1407,2021-10-23 12:10:04,516054,19.34806203842163
1408,2021-10-23 12:10:31,516054,19.303436994552612
1409,2021-10-23 01:10:00,516055,19.24295997619629
1410,2021-10-23 01:10:46,516056,19.437302827835083
1411,2021-10-23 01:10:57,516056,19.346653938293457
1412,2021-10-23 02:10:10,516056,19.281593084335327
1413,2021-10-23 02:10:28,516056,19.3767728805542
1414,2021-10-23 02:10:37,516058,19.561235189437866
1415,2021-10-23 02:10:59,516066,19.60597014427185
1416,2021-10-23 03:10:42,516066,20.522440910339355
1417,2021-10-23 05:10:15,516066,19.598522901535034
1418,2021-10-23 05:10:31,516066,19.774278163909912
1419,2021-10-23 06:10:02,516066,20.075416088104248
1420,2021-10-23 06:10:23,516066,19.14501690864563
1421,2021-10-23 07:10:11,516066,19.762317895889282
1422,2021-10-23 09:10:40,516066,20.62774085998535
1423,2021-10-23 11:10:05,516066,19.327337980270386
1424,2021-10-24 05:10:46,516066,19.585711002349854
1425,2021-10-24 10:10:27,516066,19.284568071365356
1426,2021-10-24 10:10:55,516066,19.44447088241577
1427,2021-10-24 11:10:57,516066,19.694061040878296
1428,2021-10-24 12:10:57,516066,19.132324934005737
1429,2021-10-24 01:10:41,516067,19.179476022720337
1430,2021-10-25 10:10:03,516076,19.278648853302002
1431,2021-10-25 10:10:42,516076,19.662297010421753
1432,2021-10-25 11:10:58,516076,19.60052490234375
1433,2021-10-25 01:10:00,516079,19.310822010040283
1434,2021-10-25 01:10:09,516079,19.617480993270874
1435,2021-10-25 01:10:16,516079,19.58599305152893
1436,2021-10-25 01:10:21,516079,19.23139500617981
1437,2021-10-25 01:10:27,516079,19.61934185028076
1438,2021-10-25 02:10:19,516079,19.454457998275757
1439,2021-10-25 02:10:36,516079,19.30651021003723
1440,2021-10-25 03:10:10,516079,20.09053111076355
1441,2021-10-25 02:10:05,516080,19.904462099075317
1442,2021-10-25 02:10:40,516080,19.19218897819519
1443,2021-10-25 03:10:20,516080,19.947258949279785
1444,2021-10-25 02:10:11,516081,20.63954520225525
1445,2021-10-25 03:10:07,516081,20.822514057159424
1446,2021-10-25 03:10:58,516081,19.910016775131226
1447,2021-10-25 04:10:21,516081,20.600160837173462
1448,2021-10-25 06:10:28,516081,19.00452184677124
1449,2021-10-25 06:10:28,516081,19.500264883041382
1450,2021-10-25 06:10:38,516081,20.423813104629517
1451,2021-10-25 06:10:04,516082,19.686660051345825
1452,2021-10-25 07:10:35,516082,19.92420506477356
1453,2021-10-25 07:10:08,516083,19.645308017730713
1454,2021-10-25 07:10:34,516083,20.873511791229248
1455,2021-10-25 07:10:39,516083,19.81042981147766
1456,2021-10-25 07:10:42,516083,20.00172209739685
1457,2021-10-25 07:10:50,516083,19.419333934783936
1458,2021-10-25 10:10:29,516083,21.84911012649536
1459,2021-10-25 07:10:46,516084,20.005357027053833
1460,2021-10-25 11:10:54,516084,20.62193202972412
1461,2021-10-25 11:10:28,516085,19.590713024139404
1462,2021-10-26 12:10:02,516085,20.0582377910614
1463,2021-10-26 12:10:35,516085,19.327836990356445
1464,2021-10-26 12:10:42,516086,20.0746750831604
1465,2021-10-26 12:10:37,516087,20.101677894592285
1466,2021-10-26 12:10:42,516087,19.652230978012085
1467,2021-10-26 01:10:17,516090,19.54213809967041
1468,2021-10-26 01:10:14,516091,19.592895030975342
1469,2021-10-26 02:10:32,516092,20.48008918762207
1470,2021-10-26 02:10:22,516093,19.35544204711914
1471,2021-10-26 02:10:58,516093,19.778960943222046
1472,2021-10-26 03:10:13,516094,19.34317398071289
1473,2021-10-26 04:10:09,516096,19.956114053726196
1474,2021-10-26 04:10:36,516096,19.350106954574585
1475,2021-10-26 05:10:48,516096,19.343098878860474
1476,2021-10-26 04:10:13,516097,19.685940980911255
1477,2021-10-26 07:10:05,516098,19.932540893554688
1478,2021-10-26 07:10:14,516098,20.011094093322754
1479,2021-10-26 07:10:19,516098,19.531471967697144
1480,2021-10-26 07:10:26,516098,19.123034954071045
1481,2021-10-26 07:10:45,516098,22.407775163650513
1482,2021-10-26 08:10:22,516098,21.239428997039795
1483,2021-10-26 08:10:24,516098,19.596930980682373
1484,2021-10-26 08:10:29,516098,20.098925828933716
1485,2021-10-26 09:10:06,516098,20.138440132141113
1486,2021-10-26 09:10:42,516098,20.502267122268677
1487,2021-10-26 01:10:22,516099,19.421173095703125
1488,2021-10-26 01:10:23,516099,19.820122003555298
1489,2021-10-26 12:10:07,516099,19.62954592704773
1490,2021-10-26 12:10:12,516099,19.500746965408325
1491,2021-10-26 12:10:52,516099,19.14950680732727
1492,2021-10-26 02:10:21,516100,19.478505849838257
1493,2021-10-26 02:10:33,516100,19.694355010986328
1494,2021-10-26 03:10:21,516101,19.19480800628662
1495,2021-10-26 03:10:24,516102,19.340309143066406
1496,2021-10-26 03:10:45,516103,19.362149000167847
1497,2021-10-26 03:10:52,516103,19.391994953155518
1498,2021-10-26 04:10:17,516103,19.190709114074707
1499,2021-10-26 04:10:28,516103,20.074886083602905
1500,2021-10-26 04:10:30,516103,19.385431051254272
1501,2021-10-26 05:10:35,516104,19.315389156341553
1502,2021-10-26 05:10:39,516104,19.54424214363098
1503,2021-10-26 06:10:05,516104,19.266746997833252
1504,2021-10-26 06:10:44,516107,21.490928173065186
1505,2021-10-26 08:10:52,516107,19.707720041275024
1506,2021-10-26 07:10:46,516108,20.28645920753479
1507,2021-10-26 09:10:51,516108,19.692708015441895
1508,2021-10-26 09:10:21,516109,20.86922597885132
1509,2021-10-26 09:10:34,516109,20.064305782318115
1510,2021-10-26 09:10:42,516109,20.515878200531006
1511,2021-10-26 10:10:25,516109,21.534064054489136
1512,2021-10-26 10:10:36,516109,21.49787187576294
1513,2021-10-26 10:10:39,516112,19.296567916870117
1514,2021-10-26 10:10:58,516112,19.63412618637085
1515,2021-10-26 09:10:22,516114,19.67966318130493
1516,2021-10-26 11:10:14,516116,22.415760040283203
1517,2021-10-26 11:10:22,516116,19.03145408630371
1518,2021-10-27 01:10:51,516116,20.1047580242157
1519,2021-10-27 12:10:01,516116,21.119554042816162
1520,2021-10-27 12:10:24,516116,22.268965005874634
1521,2021-10-26 11:10:00,516117,19.670056104660034
1522,2021-10-26 11:10:13,516117,19.64976406097412
1523,2021-10-27 12:10:41,516117,19.62527894973755
1524,2021-10-27 01:10:04,516119,19.494065046310425
1525,2021-10-27 01:10:22,516119,19.560133934020996
1526,2021-10-27 04:10:29,516122,19.783447980880737
1527,2021-10-27 05:10:01,516122,20.6854190826416
1528,2021-10-27 04:10:33,516124,20.09102988243103
1529,2021-10-27 05:10:23,516126,19.487234115600586
1530,2021-10-27 06:10:00,516127,19.253376960754395
1531,2021-10-27 06:10:18,516128,20.406373977661133
1532,2021-10-27 07:10:36,516128,20.110435962677002
1533,2021-10-27 07:10:37,516128,20.159557104110718
1534,2021-10-27 07:10:52,516129,20.030601024627686
1535,2021-10-27 09:10:41,516130,19.081767082214355
1536,2021-10-27 01:10:27,516133,20.09791898727417
1537,2021-10-27 02:10:42,516133,19.440726041793823
1538,2021-10-27 02:10:45,516133,19.037893056869507
1539,2021-10-27 03:10:02,516133,19.545599222183228
1540,2021-10-27 03:10:49,516133,19.360281229019165
1541,2021-10-27 12:10:36,516133,20.24400806427002
1542,2021-10-27 12:10:52,516133,19.772182941436768
1543,2021-10-27 04:10:12,516134,22.26694083213806
1544,2021-10-27 04:10:30,516134,19.34767484664917
1545,2021-10-27 04:10:44,516134,19.43198800086975
1546,2021-10-27 05:10:47,516134,20.007885932922363
1547,2021-10-27 05:10:46,516136,19.268187999725342
1548,2021-10-27 06:10:09,516138,19.793270111083984
1549,2021-10-27 07:10:15,516139,19.445326805114746
1550,2021-10-27 07:10:39,516139,21.093557119369507
1551,2021-10-27 10:10:13,516139,19.637208223342896
1552,2021-10-28 01:10:54,516140,19.5080349445343
1553,2021-10-28 12:10:03,516140,19.74565100669861
1554,2021-10-28 03:10:15,516144,20.282176971435547
1555,2021-10-28 03:10:50,516146,19.388803958892822
1556,2021-10-28 04:10:10,516149,19.92587900161743
1557,2021-10-28 04:10:27,516150,19.93302893638611
1558,2021-10-28 04:10:24,516151,21.592427968978882
1559,2021-10-28 05:10:04,516152,20.00485610961914
1560,2021-10-28 05:10:35,516153,20.648347854614258
1561,2021-10-28 05:10:14,516159,20.396203994750977
1562,2021-10-28 07:10:01,516163,19.626935958862305
1563,2021-10-28 08:10:19,516163,20.618506908416748
1564,2021-10-28 08:10:41,516163,20.860815048217773
1565,2021-10-28 09:10:10,516163,20.2709059715271
1566,2021-10-28 03:10:07,516164,20.33507490158081
1567,2021-10-28 04:10:34,516164,20.72527003288269
1568,2021-10-28 11:10:48,516164,20.224207162857056
1569,2021-10-28 05:10:17,516165,20.22820210456848
1570,2021-10-28 05:10:27,516165,21.051575183868408
1571,2021-10-28 05:10:16,516166,20.17164897918701
1572,2021-10-28 06:10:31,516168,21.15901017189026
1573,2021-10-28 06:10:47,516168,21.042909860610962
1574,2021-10-28 06:10:29,516169,20.39150094985962
1575,2021-10-28 06:10:48,516170,21.067135095596313
1576,2021-10-28 07:10:11,516170,20.447396993637085
1577,2021-10-29 01:10:14,516171,20.393364906311035
1578,2021-10-29 01:10:14,516171,20.998687982559204
1579,2021-10-29 01:10:39,516171,21.20177984237671
1580,2021-10-29 02:10:57,516172,20.56380295753479
1581,2021-10-29 03:10:41,516174,20.57814311981201
1582,2021-10-29 06:10:02,516174,20.522561073303223
1583,2021-10-29 08:10:33,516174,21.1172878742218
1584,2021-10-29 08:10:19,516175,19.921936988830566
1585,2021-10-29 08:10:20,516176,20.31894087791443
1586,2021-10-29 08:10:29,516176,20.74227499961853
1587,2021-10-29 08:10:45,516176,20.26235294342041
1588,2021-10-29 08:10:59,516176,20.497073888778687
1589,2021-10-29 09:10:23,516176,20.48192000389099
1590,2021-10-29 10:10:07,516176,21.292783975601196
1591,2021-10-29 10:10:22,516176,21.5089168548584
1592,2021-10-29 11:10:54,516176,20.54826307296753
1593,2021-10-29 01:10:47,516177,20.646443128585815
1594,2021-10-29 02:10:18,516177,22.476032972335815
1595,2021-10-29 07:10:23,516177,20.594653844833374
1596,2021-10-29 07:10:54,516177,20.50795817375183
1597,2021-10-29 08:10:06,516177,20.781431198120117
1598,2021-10-29 02:10:01,516178,20.421543836593628
1599,2021-10-29 02:10:07,516178,20.76427388191223
1600,2021-10-29 04:10:47,516178,20.721562147140503
1601,2021-10-29 05:10:05,516179,20.73020887374878
1602,2021-10-29 10:10:05,516179,20.47972083091736
1603,2021-10-29 10:10:34,516179,20.5821750164032
1604,2021-10-29 11:10:29,516180,20.429576873779297
1605,2021-10-30 12:10:49,516180,20.162694931030273
1606,2021-10-29 09:10:33,516181,22.39749312400818
1607,2021-10-30 02:10:38,516181,21.11073589324951
1608,2021-10-30 03:10:31,516181,20.671539068222046
1609,2021-10-30 05:10:04,516181,20.102646827697754
1610,2021-10-30 06:10:16,516181,20.120235919952393
1611,2021-10-30 06:10:32,516181,20.465327978134155
1612,2021-10-30 12:10:13,516181,20.16992998123169
1613,2021-10-30 07:10:08,516182,20.943938970565796
1614,2021-10-30 07:10:19,516182,21.51470398902893
1615,2021-10-30 07:10:42,516182,20.515032052993774
1616,2021-10-30 08:10:03,516184,19.975688934326172
1617,2021-10-30 08:10:10,516184,20.796206951141357
1618,2021-10-30 09:10:11,516187,20.95576810836792
1619,2021-10-30 09:10:04,516189,21.055148124694824
1620,2021-10-30 02:10:33,516190,20.68393898010254
1621,2021-10-30 03:10:34,516193,20.447048902511597
1622,2021-10-30 05:10:33,516193,20.425917863845825
1623,2021-10-30 05:10:38,516193,22.521595001220703
1624,2021-10-30 08:10:41,516194,20.071079969406128
1625,2021-10-31 04:10:48,516194,20.643252849578857
1626,2021-10-31 11:10:02,516195,21.661844968795776
1627,2021-10-31 04:10:46,516199,23.03412389755249
1628,2021-10-31 05:10:35,516199,20.445523023605347
1629,2021-10-31 06:10:45,516199,20.254836082458496
1630,2021-10-31 07:10:36,516199,20.806761980056763
1631,2021-10-31 09:10:14,516199,21.496973037719727
1632,2021-10-31 09:10:17,516199,21.933305025100708
1633,2021-10-31 09:10:30,516199,21.164937019348145
1634,2021-10-31 09:10:56,516199,20.945159912109375
1635,2021-10-31 09:10:58,516199,21.022485971450806
1636,2021-10-31 10:10:17,516199,20.138133764266968
1637,2021-10-31 10:10:36,516199,20.37324595451355
1638,2021-10-31 10:10:58,516199,21.12759804725647
1639,2021-10-31 11:10:44,516199,20.57318091392517
1640,2021-11-01 05:11:08,516207,21.081866025924683
1641,2021-11-01 01:11:58,516217,20.328211069107056
1642,2021-11-01 10:11:37,516217,20.318866968154907
1643,2021-11-01 11:11:00,516217,20.645389080047607
1644,2021-11-01 11:11:01,516217,20.714568853378296
1645,2021-11-01 11:11:35,516217,21.39786195755005
1646,2021-11-01 11:11:53,516217,20.904783010482788
1647,2021-11-01 11:11:55,516217,21.11258602142334
1648,2021-11-01 03:11:48,516219,20.37341594696045
1649,2021-11-01 05:11:12,516219,19.99777388572693
1650,2021-11-01 05:11:59,516221,20.72587299346924
1651,2021-11-01 06:11:34,516222,20.676135063171387
1652,2021-11-01 09:11:08,516223,20.11518096923828
1653,2021-11-02 12:11:53,516223,20.34193778038025
1654,2021-11-02 03:11:19,516224,20.369624853134155
1655,2021-11-02 05:11:15,516225,21.28928303718567
1656,2021-11-02 07:11:37,516225,20.121126890182495
1657,2021-11-02 06:11:45,516226,20.020607948303223
1658,2021-11-02 10:11:00,516227,20.206974029541016
1659,2021-11-02 10:11:49,516227,20.387567043304443
1660,2021-11-02 11:11:56,516228,20.127699851989746
1661,2021-11-02 12:11:10,516228,20.134886980056763
1662,2021-11-02 12:11:12,516228,21.41994595527649
1663,2021-11-02 12:11:17,516228,20.447399139404297
1664,2021-11-02 12:11:25,516228,20.25674295425415
1665,2021-11-02 01:11:11,516229,19.76456904411316
1666,2021-11-02 01:11:50,516229,20.297640085220337
1667,2021-11-02 03:11:45,516229,20.591284036636353
1668,2021-11-02 03:11:58,516229,20.230900049209595
1669,2021-11-02 04:11:05,516229,20.242149114608765
1670,2021-11-02 05:11:09,516229,20.375159978866577
1671,2021-11-02 12:11:55,516229,20.30436110496521
1672,2021-11-02 05:11:15,516231,20.207128047943115
1673,2021-11-02 05:11:44,516232,21.081768035888672
1674,2021-11-02 06:11:29,516232,20.05116891860962
1675,2021-11-02 07:11:04,516232,20.102509021759033
1676,2021-11-02 07:11:06,516232,21.457958936691284
1677,2021-11-02 07:11:19,516232,20.261876106262207
1678,2021-11-02 07:11:24,516232,21.681560039520264
1679,2021-11-02 07:11:27,516232,20.764121055603027
1680,2021-11-02 08:11:13,516232,20.571813106536865
1681,2021-11-02 10:11:10,516232,20.235031843185425
1682,2021-11-02 10:11:06,516233,20.330852270126343
1683,2021-11-02 11:11:13,516236,20.280076026916504
1684,2021-11-02 11:11:16,516237,20.327105045318604
1685,2021-11-03 12:11:18,516239,20.92792010307312
1686,2021-11-03 12:11:47,516239,20.167073965072632
1687,2021-11-03 05:11:05,516243,21.945439100265503
1688,2021-11-03 05:11:32,516243,20.513050079345703
1689,2021-11-03 05:11:56,516243,22.131103038787842
1690,2021-11-03 06:11:06,516243,20.173216819763184
1691,2021-11-03 06:11:04,516244,21.36587691307068
1692,2021-11-03 06:11:12,516244,20.504489183425903
1693,2021-11-03 07:11:28,516244,21.409509897232056
1694,2021-11-03 08:11:52,516244,20.378074884414673
1695,2021-11-03 08:11:52,516244,20.318981170654297
1696,2021-11-03 09:11:30,516244,21.914320945739746
1697,2021-11-03 10:11:20,516245,20.37286901473999
1698,2021-11-03 11:11:18,516245,22.424381971359253
1699,2021-11-03 11:11:19,516245,20.14860510826111
1700,2021-11-03 01:11:39,516246,20.4251070022583
1701,2021-11-03 02:11:21,516247,22.12640619277954
1702,2021-11-03 02:11:48,516247,20.356515884399414
1703,2021-11-03 03:11:46,516247,20.550862073898315
1704,2021-11-03 02:11:01,516248,20.44729709625244
1705,2021-11-03 02:11:25,516248,20.728471994400024
1706,2021-11-03 03:11:38,516248,20.66621208190918
1707,2021-11-03 03:11:18,516249,20.029937982559204
1708,2021-11-03 04:11:50,516249,20.24280309677124
1709,2021-11-03 04:11:53,516249,20.444030046463013
1710,2021-11-03 04:11:58,516250,20.272607803344727
1711,2021-11-03 05:11:44,516251,20.253407955169678
1712,2021-11-03 05:11:53,516251,20.8297221660614
1713,2021-11-03 05:11:05,516252,20.26874303817749
1714,2021-11-03 06:11:20,516252,20.065073013305664
1715,2021-11-03 06:11:19,516253,20.02317500114441
1716,2021-11-03 06:11:25,516253,20.519481897354126
1717,2021-11-03 06:11:48,516253,20.250380992889404
1718,2021-11-03 07:11:55,516254,20.402812957763672
1719,2021-11-03 09:11:17,516254,20.51911997795105
1720,2021-11-03 09:11:32,516254,20.41082501411438
1721,2021-11-03 09:11:53,516254,21.008913040161133
1722,2021-11-03 09:11:59,516254,20.439987897872925
1723,2021-11-03 10:11:15,516256,21.470010995864868
1724,2021-11-03 10:11:17,516256,20.101315021514893
1725,2021-11-03 11:11:25,516258,20.34147000312805
1726,2021-11-04 12:11:16,516258,20.163763999938965
1727,2021-11-04 12:11:52,516258,20.041001081466675
1728,2021-11-04 04:11:24,516262,20.936105966567993
1729,2021-11-04 04:11:58,516262,20.496436834335327
1730,2021-11-04 05:11:02,516263,20.163920879364014
1731,2021-11-04 06:11:05,516264,20.557612895965576
1732,2021-11-04 06:11:17,516264,20.198698043823242
1733,2021-11-04 06:11:27,516264,20.778071880340576
1734,2021-11-04 06:11:32,516265,20.801895141601562
1735,2021-11-04 08:11:00,516267,20.691587924957275
1736,2021-11-04 08:11:09,516267,20.109454870224
1737,2021-11-04 08:11:57,516267,20.360219955444336
1738,2021-11-04 09:11:36,516268,20.391653060913086
1739,2021-11-04 10:11:48,516270,20.300530195236206
1740,2021-11-04 11:11:08,516270,20.367751836776733
1741,2021-11-04 11:11:51,516270,19.948605060577393
1742,2021-11-04 12:11:12,516271,21.073315858840942
1743,2021-11-04 01:11:24,516272,20.220541954040527
1744,2021-11-04 01:11:47,516272,20.310335159301758
1745,2021-11-04 12:11:22,516272,20.0322048664093
1746,2021-11-04 03:11:07,516274,20.395113945007324
1747,2021-11-04 06:11:28,516274,20.0463387966156
1748,2021-11-04 06:11:39,516274,20.191149950027466
1749,2021-11-04 06:11:12,516275,20.48276710510254
1750,2021-11-04 07:11:13,516275,20.334656953811646
1751,2021-11-04 07:11:40,516275,20.658168077468872
1752,2021-11-04 07:11:51,516275,20.436349153518677
1753,2021-11-05 05:11:22,516275,20.170552015304565
1754,2021-11-05 04:11:20,516276,20.455405950546265
1755,2021-11-05 05:11:07,516278,20.744615077972412
1756,2021-11-05 05:11:07,516278,20.89233899116516
1757,2021-11-05 05:11:24,516278,20.070353984832764
1758,2021-11-05 06:11:45,516279,22.50113606452942
1759,2021-11-05 09:11:52,516279,20.554907083511353
1760,2021-11-05 10:11:18,516281,21.13837194442749
1761,2021-11-05 12:11:36,516281,21.70345401763916
1762,2021-11-05 12:11:56,516281,20.45392394065857
1763,2021-11-05 01:11:09,516282,20.539685010910034
1764,2021-11-05 01:11:29,516282,20.935460090637207
1765,2021-11-05 01:11:39,516284,20.58683204650879
1766,2021-11-05 01:11:00,516285,20.337507009506226
1767,2021-11-05 01:11:23,516285,21.10615110397339
1768,2021-11-05 01:11:13,516286,20.47572898864746
1769,2021-11-05 01:11:59,516286,20.3212571144104
1770,2021-11-05 03:11:26,516286,20.8227698802948
1771,2021-11-05 02:11:51,516290,20.25602412223816
1772,2021-11-05 03:11:38,516290,19.745633840560913
1773,2021-11-05 02:11:05,516292,20.96363592147827
1774,2021-11-05 02:11:17,516292,20.361515045166016
1775,2021-11-05 02:11:55,516292,20.299486875534058
1776,2021-11-05 03:11:43,516292,20.729259967803955
1777,2021-11-05 03:11:57,516292,20.032991886138916
1778,2021-11-05 06:11:16,516292,20.693464994430542
1779,2021-11-05 07:11:19,516292,20.673277854919434
1780,2021-11-05 07:11:38,516292,20.82624888420105
1781,2021-11-05 07:11:54,516292,20.464573860168457
1782,2021-11-05 09:11:00,516292,20.048583030700684
1783,2021-11-05 09:11:04,516292,20.622397899627686
1784,2021-11-05 07:11:36,516293,20.598265886306763
1785,2021-11-05 07:11:42,516293,20.021881103515625
1786,2021-11-05 10:11:27,516293,20.50767707824707
1787,2021-11-05 02:11:47,516294,20.134807109832764
1788,2021-11-05 10:11:02,516294,20.521788835525513
1789,2021-11-05 10:11:57,516294,20.16287589073181
1790,2021-11-05 11:11:19,516294,22.095377922058105
1791,2021-11-05 11:11:40,516294,20.85689687728882
1792,2021-11-06 01:11:07,516294,20.51574993133545
1793,2021-11-06 12:11:10,516294,20.55454707145691
1794,2021-11-06 12:11:22,516294,21.268963098526
1795,2021-11-06 01:11:31,516295,20.99732494354248
1796,2021-11-06 02:11:44,516295,20.4038348197937
1797,2021-11-06 02:11:04,516296,22.095772981643677
1798,2021-11-06 02:11:23,516296,21.149634838104248
1799,2021-11-06 03:11:00,516296,20.470617055892944
1800,2021-11-06 03:11:20,516296,20.403445959091187
1801,2021-11-06 03:11:44,516298,20.279168128967285
1802,2021-11-06 03:11:04,516299,20.205561876296997
1803,2021-11-06 04:11:55,516300,20.437236070632935
1804,2021-11-06 05:11:33,516300,20.05231785774231
1805,2021-11-06 06:11:50,516301,20.11274290084839
1806,2021-11-06 06:11:54,516301,20.91824984550476
1807,2021-11-06 07:11:30,516302,20.3520610332489
1808,2021-11-06 07:11:27,516304,20.95021104812622
1809,2021-11-06 08:11:33,516304,20.190996885299683
1810,2021-11-06 08:11:35,516308,20.965615034103394
1811,2021-11-06 09:11:24,516313,20.16701102256775
1812,2021-11-06 09:11:27,516316,22.334185123443604
1813,2021-11-06 11:11:57,516318,21.200130939483643
1814,2021-11-07 04:11:20,516322,19.90093183517456
1815,2021-11-07 10:11:08,516322,20.211026906967163
1816,2021-11-07 11:11:56,516322,20.64383602142334
1817,2021-11-07 02:11:31,516323,21.235055208206177
1818,2021-11-07 06:11:59,516326,21.35736393928528
1819,2021-11-07 08:11:01,516326,19.598636150360107
1820,2021-11-08 02:11:21,516326,20.01522707939148
1821,2021-11-08 04:11:48,516326,19.997153997421265
1822,2021-11-08 05:11:40,516326,20.130445957183838
1823,2021-11-08 05:11:45,516326,20.033729076385498
1824,2021-11-08 05:11:57,516326,19.881632089614868
1825,2021-11-08 06:11:11,516326,19.73878812789917
1826,2021-11-08 06:11:59,516326,20.048241138458252
1827,2021-11-08 07:11:03,516326,20.871076107025146
1828,2021-11-08 07:11:45,516326,21.03806185722351
1829,2021-11-08 08:11:22,516326,20.458081007003784
1830,2021-11-08 08:11:27,516326,20.307337999343872
1831,2021-11-08 08:11:28,516326,21.910439014434814
1832,2021-11-08 09:11:10,516326,19.948401927947998
1833,2021-11-08 10:11:43,516326,21.190306901931763
1834,2021-11-08 10:11:10,516327,20.023273944854736
1835,2021-11-08 02:11:30,516328,22.31794810295105
1836,2021-11-08 03:11:28,516328,22.021368980407715
1837,2021-11-08 03:11:42,516328,22.191387176513672
1838,2021-11-08 11:11:35,516328,20.101823091506958
1839,2021-11-08 12:11:36,516328,22.589473962783813
1840,2021-11-08 12:11:24,516329,20.41953206062317
1841,2021-11-08 02:11:00,516330,21.973287105560303
1842,2021-11-08 02:11:14,516330,22.35477900505066
1843,2021-11-08 03:11:13,516330,22.09588599205017
1844,2021-11-08 03:11:35,516330,22.11415195465088
1845,2021-11-08 04:11:28,516330,22.05836009979248
1846,2021-11-08 04:11:28,516330,22.333175897598267
1847,2021-11-08 04:11:51,516330,22.29174518585205
1848,2021-11-08 04:11:57,516330,22.13243317604065
1849,2021-11-08 05:11:03,516330,22.134284019470215
1850,2021-11-08 05:11:03,516330,21.92314887046814
1851,2021-11-08 05:11:53,516330,22.27711296081543
1852,2021-11-08 05:11:59,516330,22.010547161102295
1853,2021-11-08 12:11:24,516330,19.94146704673767
1854,2021-11-08 03:11:00,516332,22.09703302383423
1855,2021-11-08 03:11:25,516332,22.467173099517822
1856,2021-11-08 03:11:40,516332,22.20878005027771
1857,2021-11-08 04:11:44,516332,22.46615719795227
1858,2021-11-08 05:11:34,516332,22.309040069580078
1859,2021-11-08 05:11:51,516332,22.251325845718384
1860,2021-11-08 03:11:00,516333,22.47958517074585
1861,2021-11-08 04:11:33,516333,22.737207174301147
1862,2021-11-08 05:11:11,516333,22.099597215652466
1863,2021-11-08 05:11:37,516333,22.621506929397583
1864,2021-11-08 04:11:12,516334,22.242193937301636
1865,2021-11-08 05:11:40,516334,22.294015884399414
1866,2021-11-08 06:11:10,516334,21.974617958068848
1867,2021-11-08 06:11:15,516334,22.14785599708557
1868,2021-11-08 06:11:25,516335,22.335819005966187
1869,2021-11-08 07:11:42,516335,22.27806806564331
1870,2021-11-08 08:11:08,516335,22.82623314857483
1871,2021-11-08 08:11:37,516335,22.274610996246338
1872,2021-11-08 06:11:10,516336,22.159310817718506
1873,2021-11-08 06:11:11,516336,21.99202299118042
1874,2021-11-08 06:11:52,516336,22.718194007873535
1875,2021-11-08 06:11:58,516336,22.648290157318115
1876,2021-11-08 07:11:15,516336,22.18855381011963
1877,2021-11-08 07:11:27,516336,22.05490803718567
1878,2021-11-08 07:11:58,516336,22.731591939926147
1879,2021-11-08 08:11:01,516336,22.154688119888306
1880,2021-11-08 08:11:08,516336,22.009605169296265
1881,2021-11-08 08:11:12,516336,21.814695119857788
1882,2021-11-08 08:11:25,516336,22.136932849884033
1883,2021-11-08 08:11:30,516336,22.281227111816406
1884,2021-11-08 08:11:42,516336,22.02675700187683
1885,2021-11-08 08:11:42,516336,22.76201295852661
1886,2021-11-08 08:11:45,516336,22.08436894416809
1887,2021-11-08 08:11:55,516336,22.01725697517395
1888,2021-11-08 06:11:58,516338,22.22884202003479
1889,2021-11-08 07:11:12,516338,21.909842014312744
1890,2021-11-08 07:11:25,516338,22.63193392753601
1891,2021-11-08 07:11:37,516338,22.102591037750244
1892,2021-11-08 07:11:39,516338,22.218147039413452
1893,2021-11-08 07:11:41,516338,22.348089933395386
1894,2021-11-08 08:11:00,516338,22.22969388961792
1895,2021-11-08 08:11:06,516338,22.15330219268799
1896,2021-11-08 08:11:19,516338,22.23655915260315
1897,2021-11-08 08:11:29,516338,22.39440107345581
1898,2021-11-08 08:11:42,516338,22.035749912261963
1899,2021-11-08 08:11:48,516338,22.073167085647583
1900,2021-11-08 09:11:13,516338,21.869436979293823
1901,2021-11-08 09:11:13,516338,22.088876008987427
1902,2021-11-08 09:11:17,516338,22.061997890472412
1903,2021-11-08 09:11:21,516338,22.345821142196655
1904,2021-11-08 09:11:25,516338,22.06946611404419
1905,2021-11-08 09:11:29,516338,22.2724130153656
1906,2021-11-08 09:11:31,516338,22.28119993209839
1907,2021-11-08 09:11:43,516338,22.152281999588013
1908,2021-11-08 08:11:50,516340,22.06355595588684
1909,2021-11-08 09:11:40,516340,22.787858963012695
1910,2021-11-08 09:11:57,516340,21.961204051971436
1911,2021-11-08 10:11:01,516340,22.239503145217896
1912,2021-11-08 10:11:51,516340,21.939682960510254
1913,2021-11-08 11:11:03,516340,22.059152126312256
1914,2021-11-08 11:11:17,516340,21.865532875061035
1915,2021-11-08 11:11:43,516340,22.206010103225708
1916,2021-11-09 12:11:08,516340,21.958590030670166
1917,2021-11-09 12:11:21,516340,22.6348659992218
1918,2021-11-08 10:11:20,516343,22.637990951538086
1919,2021-11-08 10:11:35,516343,21.793517112731934
1920,2021-11-08 11:11:07,516343,22.198155164718628
1921,2021-11-09 12:11:02,516343,22.187453985214233
1922,2021-11-09 12:11:10,516343,22.144223928451538
1923,2021-11-09 12:11:13,516343,22.43004298210144
1924,2021-11-09 12:11:28,516343,22.26693105697632
1925,2021-11-09 12:11:39,516343,22.066524028778076
1926,2021-11-08 11:11:19,516345,21.64574408531189
1927,2021-11-09 12:11:07,516345,21.96264910697937
1928,2021-11-09 12:11:40,516345,22.196018934249878
1929,2021-11-09 12:11:59,516345,22.266402006149292
1930,2021-11-09 02:11:35,516349,21.97345495223999
1931,2021-11-09 02:11:55,516349,22.282812118530273
1932,2021-11-09 03:11:26,516349,21.94403600692749
1933,2021-11-09 03:11:30,516349,22.217915058135986
1934,2021-11-09 03:11:47,516349,21.975389003753662
1935,2021-11-09 04:11:06,516349,22.360936880111694
1936,2021-11-09 04:11:20,516349,22.252540111541748
1937,2021-11-09 05:11:04,516349,22.259807109832764
1938,2021-11-09 05:11:25,516349,22.09951400756836
1939,2021-11-09 05:11:30,516349,22.173578023910522
1940,2021-11-09 06:11:22,516349,22.31711506843567
1941,2021-11-09 06:11:46,516349,22.05051302909851
1942,2021-11-09 06:11:48,516349,22.426241159439087
1943,2021-11-09 07:11:06,516349,22.346240997314453
1944,2021-11-09 07:11:42,516349,22.227110862731934
1945,2021-11-09 07:11:11,516350,22.21199917793274
1946,2021-11-09 08:11:56,516350,22.192157983779907
1947,2021-11-09 09:11:09,516350,22.090142965316772
1948,2021-11-09 10:11:31,516350,22.47694683074951
1949,2021-11-09 01:11:11,516351,22.320357084274292
1950,2021-11-09 01:11:43,516351,22.280966997146606
1951,2021-11-09 02:11:07,516351,22.26077389717102
1952,2021-11-09 02:11:08,516351,21.860010862350464
1953,2021-11-09 12:11:07,516351,22.461759090423584
1954,2021-11-09 12:11:52,516351,22.461732864379883
1955,2021-11-09 02:11:19,516352,22.018316984176636
1956,2021-11-09 03:11:14,516353,22.18911600112915
1957,2021-11-09 03:11:35,516353,22.233954906463623
1958,2021-11-09 04:11:33,516353,22.38075590133667
1959,2021-11-09 04:11:42,516353,22.06054401397705
1960,2021-11-09 05:11:02,516356,21.984364986419678
1961,2021-11-09 07:11:53,516358,22.39232587814331
1962,2021-11-09 06:11:08,516359,22.61796498298645
1963,2021-11-09 07:11:55,516359,21.625864028930664
1964,2021-11-09 08:11:48,516359,22.883533000946045
1965,2021-11-09 09:11:08,516359,22.596869945526123
1966,2021-11-09 09:11:39,516359,22.460774898529053
1967,2021-11-10 12:11:38,516361,22.173917055130005
1968,2021-11-10 12:11:21,516362,22.470447063446045
1969,2021-11-09 11:11:00,516363,22.524884939193726
1970,2021-11-10 03:11:45,516365,22.883841037750244
1971,2021-11-10 04:11:29,516365,22.81946897506714
1972,2021-11-10 05:11:34,516365,22.75172710418701
1973,2021-11-10 05:11:40,516365,22.866360902786255
1974,2021-11-10 05:11:20,516368,22.16113305091858
1975,2021-11-10 08:11:16,516371,21.720333099365234
1976,2021-11-10 09:11:25,516372,22.319649934768677
1977,2021-11-10 09:11:32,516372,22.201754808425903
1978,2021-11-10 10:11:03,516374,22.155987977981567
1979,2021-11-10 11:11:54,516374,22.202356100082397
1980,2021-11-10 11:11:10,516375,21.964884996414185
1981,2021-11-10 12:11:59,516375,21.95484209060669
1982,2021-11-10 01:11:19,516376,22.328809022903442
1983,2021-11-10 12:11:03,516376,22.283915996551514
1984,2021-11-10 01:11:02,516377,21.972994804382324
1985,2021-11-10 01:11:33,516377,22.054542064666748
1986,2021-11-10 02:11:06,516377,21.805506944656372
1987,2021-11-10 02:11:11,516377,22.064471006393433
1988,2021-11-10 02:11:50,516378,21.98242497444153
1989,2021-11-10 03:11:17,516379,22.27963089942932
1990,2021-11-10 04:11:27,516380,21.951349020004272
1991,2021-11-10 04:11:45,516380,22.34844398498535
1992,2021-11-10 04:11:46,516381,22.39380979537964
1993,2021-11-10 05:11:30,516381,21.884559869766235
1994,2021-11-10 06:11:25,516381,23.049315214157104
1995,2021-11-10 06:11:44,516382,22.345278024673462
1996,2021-11-10 08:11:26,516383,22.032282829284668
1997,2021-11-10 08:11:51,516383,22.19453501701355
1998,2021-11-10 08:11:18,516385,21.9952290058136
1999,2021-11-10 08:11:47,516385,22.157294988632202
2000,2021-11-10 09:11:34,516385,22.42538094520569
2001,2021-11-10 10:11:07,516385,21.895150899887085
2002,2021-11-10 09:11:53,516386,22.25073790550232
2003,2021-11-10 10:11:48,516386,22.41936707496643
2004,2021-11-10 10:11:52,516386,22.11589217185974
2005,2021-11-10 11:11:01,516386,22.116594076156616
2006,2021-11-10 11:11:02,516387,22.143393993377686
2007,2021-11-10 11:11:52,516387,22.123253107070923
2008,2021-11-11 12:11:44,516390,19.760540008544922
2009,2021-11-11 01:11:57,516391,22.225041151046753
2010,2021-11-11 01:11:44,516392,22.627771139144897
2011,2021-11-11 02:11:07,516392,22.02421998977661
2012,2021-11-11 05:11:47,516397,22.334025144577026
2013,2021-11-11 06:11:15,516398,22.397247076034546
2014,2021-11-11 06:11:54,516398,22.682668209075928
2015,2021-11-11 07:11:37,516399,22.376877069473267
2016,2021-11-11 09:11:50,516400,22.68356704711914
2017,2021-11-11 10:11:13,516401,21.971734046936035
2018,2021-11-11 10:11:16,516401,22.726644039154053
2019,2021-11-11 10:11:18,516402,22.267091035842896
2020,2021-11-11 11:11:26,516403,22.653791904449463
2021,2021-11-11 12:11:12,516403,22.28227400779724
2022,2021-11-11 01:11:42,516404,21.877542972564697
2023,2021-11-11 01:11:43,516404,22.30728507041931
2024,2021-11-11 12:11:17,516404,23.186275959014893
2025,2021-11-11 12:11:38,516404,22.516128063201904
2026,2021-11-11 12:11:51,516404,22.74229907989502
2027,2021-11-11 01:11:08,516405,21.720144987106323
2028,2021-11-11 01:11:50,516405,22.569555044174194
2029,2021-11-11 02:11:13,516406,22.06458592414856
2030,2021-11-11 02:11:46,516406,22.54040503501892
2031,2021-11-11 03:11:18,516406,22.2917799949646
2032,2021-11-11 03:11:28,516408,21.92271399497986
2033,2021-11-11 03:11:33,516408,22.009324073791504
2034,2021-11-11 03:11:58,516408,22.32853603363037
2035,2021-11-11 04:11:52,516409,22.238203048706055
2036,2021-11-11 04:11:07,516411,21.963897943496704
2037,2021-11-11 04:11:48,516411,21.820642948150635
2038,2021-11-11 05:11:00,516412,22.640251874923706
2039,2021-11-11 05:11:13,516412,22.277189016342163
2040,2021-11-11 06:11:31,516413,22.3853919506073
2041,2021-11-11 06:11:34,516413,22.05789303779602
2042,2021-11-11 07:11:12,516414,22.515683889389038
2043,2021-11-11 09:11:10,516414,22.478977918624878
2044,2021-11-11 08:11:56,516415,22.336160898208618
2045,2021-11-11 10:11:20,516415,22.160650491714478
2046,2021-11-11 10:11:22,516415,21.883162021636963
2047,2021-11-11 10:11:30,516415,22.318939924240112
2048,2021-11-11 11:11:52,516416,22.676387071609497
2049,2021-11-12 01:11:13,516419,23.259522914886475
2050,2021-11-12 02:11:37,516419,23.08009099960327
2051,2021-11-12 03:11:02,516419,22.917263984680176
2052,2021-11-12 03:11:38,516419,23.080440044403076
2053,2021-11-12 01:11:03,516420,22.70763611793518
2054,2021-11-12 01:11:42,516421,22.333472967147827
2055,2021-11-12 02:11:36,516421,22.588694095611572
2056,2021-11-12 05:11:25,516424,22.338550567626953
2057,2021-11-12 06:11:07,516424,22.50197172164917
2058,2021-11-12 08:11:26,516424,22.628559112548828
2059,2021-11-12 07:11:33,516425,22.3385329246521
2060,2021-11-12 09:11:10,516426,22.67109727859497
2061,2021-11-12 09:11:25,516426,20.208042860031128
2062,2021-11-12 09:11:55,516426,20.43269371986389
2063,2021-11-12 09:11:12,516427,22.4375159740448
2064,2021-11-12 11:11:03,516427,22.65208148956299
2065,2021-11-12 11:11:15,516427,22.470914125442505
2066,2021-11-12 11:11:16,516427,22.174956798553467
2067,2021-11-12 11:11:17,516427,22.1890287399292
2068,2021-11-12 11:11:20,516427,22.034231901168823
2069,2021-11-12 12:11:15,516427,22.390016317367554
2070,2021-11-12 12:11:29,516427,22.288476705551147
2071,2021-11-12 12:11:51,516427,22.484553337097168
2072,2021-11-12 01:11:42,516428,23.06545901298523
2073,2021-11-12 02:11:16,516428,22.840284824371338
2074,2021-11-12 02:11:46,516428,23.009024143218994
2075,2021-11-12 12:11:02,516428,22.22984552383423
2076,2021-11-12 12:11:04,516428,21.48032855987549
2077,2021-11-12 02:11:27,516429,22.821972846984863
2078,2021-11-12 03:11:17,516429,22.40984082221985
2079,2021-11-12 03:11:46,516429,22.768110036849976
2080,2021-11-12 04:11:23,516429,23.32733154296875
2081,2021-11-12 05:11:25,516429,22.91989803314209
2082,2021-11-12 05:11:28,516429,23.1808660030365
2083,2021-11-12 06:11:07,516429,23.27351713180542
2084,2021-11-12 06:11:09,516429,22.499029636383057
2085,2021-11-12 06:11:11,516429,22.61728024482727
2086,2021-11-12 06:11:37,516429,23.529813289642334
2087,2021-11-12 03:11:01,516430,22.1118586063385
2088,2021-11-12 03:11:18,516430,22.550627946853638
2089,2021-11-12 04:11:14,516431,22.68706488609314
2090,2021-11-12 05:11:14,516433,22.932763814926147
2091,2021-11-12 06:11:16,516433,21.77450704574585
2092,2021-11-12 06:11:32,516434,22.163625955581665
2093,2021-11-12 06:11:26,516436,22.123067140579224
2094,2021-11-12 07:11:33,516436,22.134514093399048
2095,2021-11-12 07:11:06,516437,22.1180739402771
2096,2021-11-12 07:11:24,516437,22.28280758857727
2097,2021-11-12 08:11:13,516437,22.653997898101807
2098,2021-11-12 10:11:13,516437,22.29118061065674
2099,2021-11-12 10:11:32,516437,22.56740927696228
2100,2021-11-12 10:11:09,516440,22.104499340057373
2101,2021-11-12 10:11:27,516440,21.282822847366333
2102,2021-11-13 01:11:26,516447,19.942736387252808
2103,2021-11-13 01:11:46,516448,22.614789724349976
2104,2021-11-13 02:11:43,516453,20.14139461517334
2105,2021-11-13 05:11:50,516453,22.67865538597107
2106,2021-11-13 09:11:06,516453,22.04489016532898
2107,2021-11-14 04:11:02,516453,22.430167198181152
2108,2021-11-14 03:11:04,516456,22.640586853027344
2109,2021-11-14 07:11:35,516456,22.605287313461304
2110,2021-11-15 03:11:58,516456,22.490536212921143
2111,2021-11-15 04:11:37,516456,22.81435227394104
2112,2021-11-15 05:11:13,516456,22.610328435897827
2113,2021-11-15 05:11:38,516456,21.533693552017212
2114,2021-11-15 06:11:16,516456,22.293164491653442
2115,2021-11-15 06:11:39,516456,22.22420597076416
2116,2021-11-15 06:11:55,516456,21.188733100891113
2117,2021-11-15 07:11:03,516456,22.306880474090576
2118,2021-11-15 07:11:03,516456,22.693318367004395
2119,2021-11-15 07:11:29,516456,22.51671051979065
2120,2021-11-15 07:11:49,516456,20.6287899017334
2121,2021-11-15 08:11:07,516456,20.86432909965515
2122,2021-11-15 08:11:41,516458,22.8248872756958
2123,2021-11-15 08:11:54,516458,22.169046878814697
2124,2021-11-15 09:11:09,516458,22.565603971481323
2125,2021-11-15 09:11:23,516458,23.382853031158447
2126,2021-11-15 10:11:00,516458,22.753546237945557
2127,2021-11-15 11:11:11,516459,22.096368312835693
2128,2021-11-15 11:11:32,516459,20.256630659103394
2129,2021-11-15 11:11:48,516459,21.807554006576538
2130,2021-11-15 01:11:55,516460,22.351261854171753
2131,2021-11-15 12:11:19,516460,22.160008907318115
2132,2021-11-15 12:11:43,516460,22.53235673904419
2133,2021-11-15 01:11:02,516461,20.38423442840576
2134,2021-11-15 12:11:12,516461,21.739018201828003
2135,2021-11-15 12:11:33,516461,22.57168698310852
2136,2021-11-15 02:11:03,516462,22.70843482017517
2137,2021-11-15 02:11:04,516462,20.380426168441772
2138,2021-11-15 02:11:35,516462,22.027722358703613
2139,2021-11-15 02:11:51,516462,22.784007787704468
2140,2021-11-15 03:11:39,516462,20.666425943374634
2141,2021-11-15 03:11:38,516463,19.808677673339844
2142,2021-11-15 04:11:48,516464,19.9605655670166
2143,2021-11-15 04:11:25,516466,22.16729164123535
2144,2021-11-15 06:11:57,516467,23.11766505241394
2145,2021-11-15 07:11:48,516467,21.328004837036133
2146,2021-11-15 07:11:03,516468,20.95758318901062
2147,2021-11-15 07:11:05,516469,22.775065422058105
2148,2021-11-15 08:11:19,516469,22.437064170837402
2149,2021-11-15 09:11:11,516472,21.06575584411621
2150,2021-11-16 04:11:17,516480,22.69375252723694
2151,2021-11-16 05:11:13,516480,22.839313745498657
2152,2021-11-16 06:11:42,516480,22.302671432495117
2153,2021-11-16 07:11:14,516480,22.228976488113403
2154,2021-11-16 07:11:16,516480,22.31236982345581
2155,2021-11-16 08:11:44,516481,21.57705020904541
2156,2021-11-16 08:11:52,516481,22.979541301727295
2157,2021-11-16 09:11:15,516481,22.711269855499268
2158,2021-11-16 09:11:42,516481,22.413360357284546
2159,2021-11-16 01:11:07,516485,22.701680183410645
2160,2021-11-16 01:11:08,516485,22.836580991744995
2161,2021-11-16 01:11:21,516485,21.056021690368652
2162,2021-11-16 01:11:30,516485,22.118673086166382
2163,2021-11-16 01:11:48,516485,22.348346948623657
2164,2021-11-16 01:11:49,516485,22.598244428634644
2165,2021-11-16 01:11:57,516485,22.73735809326172
2166,2021-11-16 02:11:39,516485,22.94202494621277
2167,2021-11-16 03:11:19,516485,23.008135318756104
2168,2021-11-16 03:11:28,516485,22.630658626556396
2169,2021-11-16 03:11:36,516485,20.79503321647644
2170,2021-11-16 03:11:38,516485,21.63035011291504
2171,2021-11-16 03:11:42,516485,22.75983428955078
2172,2021-11-16 03:11:42,516485,21.397287607192993
2173,2021-11-16 04:11:19,516485,21.760809659957886
2174,2021-11-16 04:11:22,516485,20.40489935874939
2175,2021-11-16 04:11:22,516485,22.722989797592163
2176,2021-11-16 05:11:16,516485,22.869589805603027
2177,2021-11-16 05:11:18,516485,20.57742953300476
2178,2021-11-16 10:11:01,516485,21.375133275985718
2179,2021-11-16 11:11:09,516485,23.175339460372925
2180,2021-11-16 12:11:02,516485,22.754383325576782
2181,2021-11-16 12:11:25,516485,22.64850378036499
2182,2021-11-16 12:11:27,516485,22.815057277679443
2183,2021-11-16 05:11:31,516487,22.220279216766357
2184,2021-11-16 05:11:37,516487,22.633132696151733
2185,2021-11-16 07:11:39,516488,22.916129112243652
2186,2021-11-16 09:11:51,516489,21.69579577445984
2187,2021-11-16 10:11:02,516489,22.48894214630127
2188,2021-11-16 11:11:44,516489,22.04811120033264
2189,2021-11-16 10:11:46,516490,22.410776138305664
2190,2021-11-16 11:11:34,516490,22.34776210784912
2191,2021-11-16 11:11:43,516490,22.189549922943115
2192,2021-11-17 01:11:43,516493,21.75814700126648
2193,2021-11-17 12:11:39,516493,22.277974367141724
2194,2021-11-17 01:11:36,516494,20.913409948349
2195,2021-11-17 02:11:55,516495,20.1419095993042
2196,2021-11-17 05:11:47,516497,21.600126266479492
2197,2021-11-17 05:11:16,516498,22.409474849700928
2198,2021-11-17 05:11:36,516498,22.347684621810913
2199,2021-11-17 06:11:40,516498,19.880787134170532
2200,2021-11-17 05:11:04,516499,20.10370898246765
2201,2021-11-17 05:11:29,516499,22.526195526123047
2202,2021-11-17 05:11:34,516499,21.4591863155365
2203,2021-11-17 06:11:46,516500,22.050448894500732
2204,2021-11-17 06:11:50,516500,22.377385139465332
2205,2021-11-17 06:11:57,516500,22.314139366149902
2206,2021-11-17 07:11:11,516500,21.965540885925293
2207,2021-11-17 07:11:57,516500,22.216309785842896
2208,2021-11-17 01:11:23,516503,21.955049514770508
2209,2021-11-17 01:11:50,516503,20.1851487159729
2210,2021-11-17 02:11:49,516503,19.58841061592102
2211,2021-11-17 03:11:15,516503,19.92449164390564
2212,2021-11-17 03:11:30,516503,21.8520565032959
2213,2021-11-17 03:11:31,516503,22.41722059249878
2214,2021-11-17 03:11:51,516503,22.3818359375
2215,2021-11-17 06:11:34,516503,20.134554386138916
2216,2021-11-17 07:11:57,516503,22.158381700515747
2217,2021-11-17 08:11:54,516503,22.46721386909485
2218,2021-11-17 09:11:06,516503,20.66750431060791
2219,2021-11-17 09:11:13,516503,22.00267195701599
2220,2021-11-17 09:11:16,516503,21.998735666275024
2221,2021-11-17 09:11:50,516503,21.12568688392639
2222,2021-11-17 09:11:53,516503,22.184903621673584
2223,2021-11-17 12:11:16,516503,20.602109670639038
2224,2021-11-18 03:11:38,516503,22.567803144454956
2225,2021-11-20 12:11:49,516503,20.24267053604126
2226,2021-11-18 07:11:26,516507,22.85446548461914
2227,2021-11-19 08:11:20,516509,22.61154532432556
2228,2021-11-18 11:11:52,516510,22.737738370895386
2229,2021-11-18 03:11:08,516511,21.507092714309692
2230,2021-11-18 03:11:48,516511,22.368263959884644
2231,2021-11-18 05:11:30,516511,22.537516832351685
2232,2021-11-18 06:11:11,516511,22.541873693466187
2233,2021-11-19 09:11:47,516511,22.003297328948975
2234,2021-11-18 04:11:38,516512,22.35442280769348
2235,2021-11-18 04:11:38,516512,22.531216144561768
2236,2021-11-19 09:11:42,516512,21.361135244369507
2237,2021-11-18 06:11:04,516517,22.05145239830017
2238,2021-11-19 04:11:27,516518,21.21892762184143
2239,2021-11-19 04:11:39,516518,20.277891635894775
2240,2021-11-19 05:11:29,516518,21.68218493461609
2241,2021-11-19 05:11:38,516518,20.356115341186523
2242,2021-11-19 05:11:53,516518,22.44788408279419
2243,2021-11-19 09:11:12,516518,22.308053016662598
2244,2021-11-19 09:11:40,516518,21.982787370681763
2245,2021-11-19 10:11:32,516518,20.100115299224854
2246,2021-11-19 10:11:37,516518,22.170082330703735
2247,2021-11-19 10:11:57,516518,21.97410011291504
2248,2021-11-19 11:11:16,516518,22.58401322364807
2249,2021-11-19 11:11:52,516518,20.606008291244507
2250,2021-11-19 02:11:18,516520,22.406721115112305
2251,2021-11-19 02:11:18,516520,19.98756170272827
2252,2021-11-19 02:11:25,516520,21.186980962753296
2253,2021-11-19 02:11:34,516520,21.469205141067505
2254,2021-11-19 02:11:36,516520,20.247397899627686
2255,2021-11-19 05:11:10,516520,20.52244806289673
2256,2021-11-19 05:11:17,516520,22.328253984451294
2257,2021-11-19 05:11:51,516520,22.25382924079895
2258,2021-11-19 06:11:00,516520,22.385295629501343
2259,2021-11-19 06:11:16,516520,22.28792667388916
2260,2021-11-19 06:11:26,516520,21.317464351654053
2261,2021-11-19 07:11:19,516520,20.27432656288147
2262,2021-11-19 07:11:31,516520,22.730956554412842
2263,2021-11-19 08:11:14,516520,21.73740577697754
2264,2021-11-19 09:11:53,516520,20.18386721611023
2265,2021-11-19 11:11:14,516520,22.10836887359619
2266,2021-11-19 11:11:24,516520,20.754048347473145
2267,2021-11-19 11:11:29,516520,21.464534044265747
2268,2021-11-19 11:11:46,516520,21.14273476600647
2269,2021-11-19 12:11:09,516520,22.118102073669434
2270,2021-11-19 12:11:34,516520,22.459800958633423
2271,2021-11-20 01:11:35,516520,22.21795082092285
2272,2021-11-19 06:11:04,516521,22.407308340072632
2273,2021-11-19 06:11:05,516521,20.72161841392517
2274,2021-11-19 08:11:00,516521,21.039110898971558
2275,2021-11-19 08:11:33,516521,22.19021511077881
2276,2021-11-19 08:11:51,516521,20.34949803352356
2277,2021-11-19 10:11:09,516521,21.02107334136963
2278,2021-11-19 11:11:03,516521,21.467613458633423
2279,2021-11-19 11:11:10,516521,22.614776611328125
2280,2021-11-19 12:11:22,516521,20.754063606262207
2281,2021-11-20 02:11:01,516521,22.25956892967224
2282,2021-11-20 02:11:43,516521,20.018885135650635
2283,2021-11-20 02:11:50,516521,21.47722816467285
2284,2021-11-20 03:11:16,516521,21.57274103164673
2285,2021-11-20 04:11:16,516521,20.79239296913147
2286,2021-11-20 05:11:05,516521,22.844361782073975
2287,2021-11-20 05:11:07,516521,20.97963237762451
2288,2021-11-20 05:11:54,516523,20.454962968826294
2289,2021-11-20 05:11:33,516525,20.370839595794678
2290,2021-11-20 05:11:48,516525,21.9753577709198
2291,2021-11-19 09:11:34,516527,20.621002912521362
2292,2021-11-20 05:11:49,516527,19.961014986038208
2293,2021-11-20 06:11:09,516528,21.738606929779053
2294,2021-11-20 07:11:11,516529,21.230015754699707
2295,2021-11-20 07:11:18,516529,21.888481616973877
2296,2021-11-20 08:11:42,516530,22.510722160339355
2297,2021-11-20 02:11:53,516532,22.547805547714233
2298,2021-11-20 08:11:15,516533,22.01536273956299
2299,2021-11-20 09:11:40,516533,21.051828861236572
2300,2021-11-20 08:11:15,516534,22.159770488739014
2301,2021-11-20 09:11:53,516538,21.933737754821777
2302,2021-11-20 10:11:16,516538,20.801965475082397
2303,2021-11-20 01:11:03,516541,20.843746423721313
2304,2021-11-20 12:11:37,516541,21.272878408432007
2305,2021-11-20 11:11:44,516547,20.986741304397583
2306,2021-11-21 02:11:24,516550,22.21562910079956
2307,2021-11-21 06:11:04,516550,22.936711072921753
2308,2021-11-21 07:11:40,516550,22.335559129714966
2309,2021-11-21 02:11:29,516551,23.662273406982422
2310,2021-11-21 02:11:34,516551,23.053226470947266
2311,2021-11-21 02:11:57,516551,23.132514238357544
2312,2021-11-21 03:11:37,516551,23.1606547832489
2313,2021-11-21 10:11:43,516556,22.52505660057068
2314,2021-11-22 01:11:23,516556,22.366663694381714
2315,2021-11-22 01:11:33,516556,20.315062284469604
2316,2021-11-22 01:11:35,516556,22.5496768951416
2317,2021-11-22 02:11:16,516556,22.650863647460938
2318,2021-11-22 02:11:53,516556,21.745306253433228
2319,2021-11-22 06:11:22,516556,20.397539615631104
2320,2021-11-22 07:11:02,516556,22.45516324043274
2321,2021-11-22 07:11:47,516556,22.625136852264404
2322,2021-11-22 07:11:12,516557,21.491363763809204
2323,2021-11-22 08:11:57,516557,22.753958225250244
2324,2021-11-22 09:11:15,516557,22.12028217315674
2325,2021-11-22 08:11:05,516558,22.8749680519104
2326,2021-11-22 08:11:52,516558,20.78899884223938
2327,2021-11-22 09:11:38,516558,21.498445987701416
2328,2021-11-22 11:11:52,516558,22.306281328201294
2329,2021-11-22 01:11:12,516559,22.59655785560608
2330,2021-11-22 03:11:40,516559,20.981616497039795
2331,2021-11-22 05:11:01,516561,21.776495218276978
2332,2021-11-22 05:11:18,516562,22.692980527877808
2333,2021-11-22 05:11:41,516562,21.03826928138733
2334,2021-11-22 05:11:43,516562,22.87747097015381
2335,2021-11-22 08:11:02,516562,22.762439250946045
2336,2021-11-22 08:11:58,516562,21.20998740196228
2337,2021-11-22 07:11:37,516564,22.327787399291992
2338,2021-11-22 07:11:58,516564,22.31497836112976
2339,2021-11-22 07:11:37,516565,21.537561655044556
2340,2021-11-22 08:11:38,516565,22.36749768257141
2341,2021-11-22 08:11:18,516567,23.0707004070282
2342,2021-11-22 08:11:52,516567,22.42244815826416
2343,2021-11-22 07:11:50,516569,22.636537313461304
2344,2021-11-22 08:11:19,516569,21.02750873565674
2345,2021-11-22 10:11:38,516569,22.063366651535034
2346,2021-11-22 10:11:49,516570,19.91872787475586
2347,2021-11-22 11:11:32,516571,20.85866093635559
2348,2021-11-22 11:11:37,516571,22.31975555419922
2349,2021-11-22 11:11:59,516571,20.548436403274536
2350,2021-11-22 09:11:22,516572,21.618582725524902
2351,2021-11-23 01:11:40,516573,22.73237133026123
2352,2021-11-23 12:11:44,516573,20.863658666610718
2353,2021-11-23 01:11:57,516574,22.429893255233765
2354,2021-11-23 01:11:27,516575,20.973918199539185
2355,2021-11-23 02:11:43,516576,19.79112935066223
2356,2021-11-23 05:11:19,516578,21.399746656417847
2357,2021-11-23 05:11:50,516578,22.341997146606445
2358,2021-11-23 05:11:04,516579,22.100685358047485
2359,2021-11-23 06:11:13,516579,20.42043685913086
2360,2021-11-23 06:11:22,516579,22.41540217399597
2361,2021-11-23 06:11:28,516579,20.664349794387817
2362,2021-11-23 06:11:48,516579,21.17755675315857
2363,2021-11-23 09:11:27,516582,22.87483859062195
2364,2021-11-23 09:11:31,516583,22.573671579360962
2365,2021-11-23 10:11:07,516583,22.53104043006897
2366,2021-11-23 10:11:36,516583,22.395461082458496
2367,2021-11-23 10:11:43,516583,22.25410532951355
2368,2021-11-23 11:11:10,516583,22.33290457725525
2369,2021-11-23 11:11:58,516583,21.252957105636597
2370,2021-11-23 12:11:22,516583,20.430777311325073
2371,2021-11-23 01:11:33,516585,21.414151906967163
2372,2021-11-23 01:11:35,516585,22.35191822052002
2373,2021-11-23 02:11:08,516586,21.428058624267578
2374,2021-11-23 02:11:24,516586,21.753671407699585
2375,2021-11-23 04:11:33,516588,22.33450984954834
2376,2021-11-23 04:11:36,516589,20.29844093322754
2377,2021-11-23 05:11:51,516590,20.560580492019653
2378,2021-11-23 08:11:55,516592,21.46783971786499
2379,2021-11-23 07:11:50,516593,21.620312213897705
2380,2021-11-23 08:11:44,516593,20.82929039001465
2381,2021-11-23 08:11:56,516593,19.907050132751465
2382,2021-11-23 08:11:10,516594,20.927292585372925
2383,2021-11-23 10:11:05,516594,20.1948664188385
2384,2021-11-23 10:11:35,516596,21.389566659927368
2385,2021-11-23 11:11:11,516598,22.49000120162964
2386,2021-11-24 01:11:13,516604,21.41936421394348
2387,2021-11-24 05:11:00,516605,22.384179830551147
2388,2021-11-24 05:11:15,516605,22.34331750869751
2389,2021-11-24 05:11:34,516605,22.043068885803223
2390,2021-11-24 06:11:01,516606,22.258832693099976
2391,2021-11-24 06:11:45,516606,21.951646327972412
2392,2021-11-24 07:11:31,516606,20.309762001037598
2393,2021-11-24 08:11:09,516608,22.32423162460327
2394,2021-11-24 01:11:31,516609,21.83015465736389
2395,2021-11-24 01:11:51,516609,20.503848791122437
2396,2021-11-24 02:11:19,516609,22.33881950378418
2397,2021-11-24 02:11:20,516609,20.355783939361572
2398,2021-11-24 02:11:47,516609,20.737733840942383
2399,2021-11-24 03:11:06,516609,22.512343168258667
2400,2021-11-24 10:11:02,516609,22.36046814918518
2401,2021-11-24 10:11:16,516609,22.336031436920166
2402,2021-11-24 11:11:06,516609,22.129778385162354
2403,2021-11-24 11:11:12,516609,20.72795581817627
2404,2021-11-24 11:11:43,516609,22.118037462234497
2405,2021-11-24 11:11:47,516609,22.35792827606201
2406,2021-11-24 12:11:08,516609,22.23168182373047
2407,2021-11-24 12:11:23,516609,20.700640201568604
2408,2021-11-24 12:11:28,516609,22.042316913604736
2409,2021-11-24 02:11:22,516610,21.364656925201416
2410,2021-11-24 02:11:59,516610,22.36245608329773
2411,2021-11-24 03:11:27,516611,20.457102060317993
2412,2021-11-24 03:11:35,516611,22.226719617843628
2413,2021-11-24 05:11:07,516612,20.47494912147522
2414,2021-11-24 04:11:03,516613,20.155707120895386
2415,2021-11-24 06:11:23,516613,22.305773735046387
2416,2021-11-24 06:11:25,516613,22.380778789520264
2417,2021-11-24 06:11:33,516615,22.57276940345764
2418,2021-11-24 07:11:10,516615,20.506028413772583
2419,2021-11-24 09:11:13,516616,21.42248272895813
2420,2021-11-24 09:11:41,516617,22.607089042663574
2421,2021-11-24 09:11:04,516618,22.51544976234436
2422,2021-11-24 10:11:05,516618,20.7427716255188
2423,2021-11-24 11:11:30,516619,20.91742205619812
2424,2021-11-24 11:11:56,516619,22.488415956497192
2425,2021-11-25 12:11:54,516619,21.92984652519226
2426,2021-11-24 11:11:02,516620,21.00386142730713
2427,2021-11-24 11:11:41,516620,22.59102153778076
2428,2021-11-25 02:11:24,516624,20.833534955978394
2429,2021-11-25 05:11:19,516624,20.523760080337524
2430,2021-11-25 05:11:46,516624,20.761544942855835
2431,2021-11-25 05:11:27,516628,22.319133758544922
2432,2021-11-25 07:11:00,516630,21.25648832321167
2433,2021-11-25 08:11:47,516630,23.037575006484985
2434,2021-11-25 09:11:37,516630,20.31971001625061
2435,2021-11-25 09:11:42,516630,22.908855199813843
2436,2021-11-25 10:11:04,516630,20.4044508934021
2437,2021-11-25 12:11:07,516630,22.777058839797974
2438,2021-11-25 12:11:15,516630,22.428163051605225
2439,2021-11-25 01:11:02,516632,23.15169596672058
2440,2021-11-25 01:11:22,516632,22.76172685623169
2441,2021-11-25 01:11:34,516632,20.858415842056274
2442,2021-11-25 01:11:39,516632,23.411677360534668
2443,2021-11-25 01:11:42,516632,21.393919467926025
2444,2021-11-25 01:11:46,516632,21.493663549423218
2445,2021-11-25 01:11:49,516632,23.18476676940918
2446,2021-11-25 02:11:03,516632,23.273286819458008
2447,2021-11-25 02:11:09,516632,22.74284076690674
2448,2021-11-25 02:11:36,516632,23.16053557395935
2449,2021-11-25 03:11:23,516632,22.20535898208618
2450,2021-11-25 03:11:29,516632,21.97885036468506
2451,2021-11-25 03:11:43,516632,23.490867853164673
2452,2021-11-25 04:11:39,516632,21.92191433906555
2453,2021-11-25 05:11:29,516632,23.615525722503662
2454,2021-11-25 05:11:52,516632,21.192251920700073
2455,2021-11-25 12:11:01,516632,21.193053722381592
2456,2021-11-25 12:11:18,516632,22.73105001449585
2457,2021-11-25 03:11:44,516633,21.68172001838684
2458,2021-11-25 03:11:47,516634,21.903241395950317
2459,2021-11-25 04:11:43,516635,21.93886089324951
2460,2021-11-25 06:11:57,516635,22.409172296524048
2461,2021-11-25 06:11:01,516638,22.77826428413391
2462,2021-11-25 06:11:38,516638,19.595743417739868
2463,2021-11-25 08:11:05,516638,23.438350915908813
2464,2021-11-25 10:11:17,516638,20.975651502609253
2465,2021-11-25 11:11:29,516638,22.99323034286499
2466,2021-11-25 08:11:55,516640,20.558852434158325
2467,2021-11-25 08:11:08,516641,22.517783880233765
2468,2021-11-25 10:11:12,516641,20.992013692855835
2469,2021-11-26 12:11:28,516641,22.01194190979004
2470,2021-11-28 06:11:04,516641,20.435630083084106
2471,2021-11-26 03:11:56,516642,21.335501670837402
2472,2021-11-26 12:11:12,516642,22.126781940460205
2473,2021-11-26 05:11:45,516645,20.553771018981934
2474,2021-11-26 06:11:39,516645,21.626394033432007
2475,2021-11-26 06:11:12,516648,22.145853757858276
2476,2021-11-26 07:11:05,516648,21.38928508758545
2477,2021-11-26 08:11:49,516649,21.781914949417114
2478,2021-11-26 10:11:34,516651,21.24612331390381
2479,2021-11-26 10:11:53,516651,21.46236753463745
2480,2021-11-26 01:11:54,516652,24.119747400283813
2481,2021-11-26 02:11:12,516652,23.84540343284607
2482,2021-11-26 02:11:33,516652,21.254422664642334
2483,2021-11-26 10:11:51,516652,22.330602884292603
2484,2021-11-26 11:11:30,516652,20.787962913513184
2485,2021-11-26 12:11:28,516652,20.9962797164917
2486,2021-11-26 12:11:31,516652,20.69336199760437
2487,2021-11-26 12:11:41,516652,22.024302005767822
2488,2021-11-26 12:11:46,516652,21.238769054412842
2489,2021-11-26 12:11:54,516652,23.470858097076416
2490,2021-11-26 01:11:22,516653,20.379262447357178
2491,2021-11-26 01:11:50,516653,20.954536199569702
2492,2021-11-26 02:11:20,516653,22.284449815750122
2493,2021-11-26 02:11:21,516653,22.542638778686523
2494,2021-11-26 03:11:00,516653,22.25631046295166
2495,2021-11-26 03:11:36,516653,22.49667525291443
2496,2021-11-26 03:11:48,516653,22.30187726020813
2497,2021-11-26 03:11:25,516654,22.701128721237183
2498,2021-11-26 04:11:44,516654,22.131433248519897
2499,2021-11-26 04:11:55,516655,22.99826407432556
2500,2021-11-26 04:11:53,516658,20.842268228530884
2501,2021-11-26 05:11:24,516658,23.141141653060913
2502,2021-11-26 06:11:14,516658,21.88299822807312
2503,2021-11-26 06:11:33,516658,20.99607515335083
2504,2021-11-26 08:11:30,516658,21.290679693222046
2505,2021-11-26 08:11:36,516663,23.30912709236145
2506,2021-11-26 09:11:38,516664,23.28314447402954
2507,2021-11-26 11:11:28,516664,21.602113008499146
2508,2021-11-26 11:11:42,516666,20.956998586654663
2509,2021-11-27 02:11:16,516669,19.77358317375183
2510,2021-11-27 02:11:45,516670,22.462788343429565
2511,2021-11-27 04:11:11,516671,20.79667091369629
2512,2021-11-27 04:11:28,516671,21.379266262054443
2513,2021-11-27 04:11:51,516671,21.93489909172058
2514,2021-11-27 05:11:46,516671,23.377163410186768
2515,2021-11-27 06:11:24,516671,22.414609670639038
2516,2021-11-28 01:11:48,516676,22.9284245967865
2517,2021-11-28 01:11:56,516676,21.490811109542847
2518,2021-11-28 03:11:16,516676,21.549619436264038
2519,2021-11-29 01:11:14,516682,22.89630913734436
2520,2021-11-29 02:11:16,516682,23.198769330978394
2521,2021-11-29 02:11:24,516682,23.220268487930298
2522,2021-11-29 08:11:28,516682,23.544116973876953
2523,2021-11-29 12:11:34,516682,24.279478073120117
2524,2021-11-30 04:11:33,516682,23.4731388092041
2525,2021-11-30 06:11:54,516682,24.051877737045288
2526,2021-11-30 07:11:46,516682,23.52083730697632
2527,2021-11-30 07:11:57,516682,23.111502170562744
2528,2021-11-29 01:11:35,516683,21.460141897201538
2529,2021-11-29 03:11:54,516683,23.053058624267578
2530,2021-11-29 03:11:54,516683,22.224475860595703
2531,2021-11-29 04:11:14,516683,21.499244689941406
2532,2021-11-29 01:11:01,516684,23.02081036567688
2533,2021-11-29 03:11:46,516684,23.439318418502808
2534,2021-11-29 04:11:50,516684,22.42014980316162
2535,2021-11-29 04:11:56,516684,21.428625345230103
2536,2021-11-29 06:11:13,516684,21.510501623153687
2537,2021-11-29 10:11:14,516684,23.58380436897278
2538,2021-11-29 10:11:26,516684,23.084375143051147
2539,2021-11-29 10:11:27,516684,21.651276350021362
2540,2021-11-29 02:11:03,516685,23.56164240837097
2541,2021-11-29 04:11:10,516685,23.0153751373291
2542,2021-11-29 04:11:35,516685,22.796982049942017
2543,2021-11-29 04:11:53,516685,22.518179893493652
2544,2021-11-29 04:11:55,516685,20.515216827392578
2545,2021-11-29 05:11:13,516685,22.958728075027466
2546,2021-11-29 05:11:50,516685,21.120421648025513
2547,2021-11-29 05:11:51,516685,22.026397228240967
2548,2021-11-29 05:11:59,516685,22.494565725326538
2549,2021-11-29 06:11:06,516685,22.440664052963257
2550,2021-11-29 06:11:15,516685,22.36710023880005
2551,2021-11-29 06:11:48,516685,23.71281623840332
2552,2021-11-29 07:11:34,516685,21.973897695541382
2553,2021-11-29 08:11:25,516685,21.30551028251648
2554,2021-11-29 08:11:30,516687,21.03297781944275
2555,2021-11-29 10:11:06,516687,22.291635751724243
2556,2021-11-30 01:11:10,516688,22.800232410430908
2557,2021-11-30 02:11:49,516688,22.048952341079712
2558,2021-11-30 12:11:30,516688,21.18900203704834
2559,2021-11-30 12:11:46,516688,23.18201780319214
2560,2021-11-30 01:11:43,516689,21.57796621322632
2561,2021-11-30 05:11:13,516690,22.741472244262695
2562,2021-11-30 05:11:18,516690,22.198734283447266
2563,2021-11-30 05:11:49,516690,21.879892349243164
2564,2021-11-30 06:11:28,516691,23.37699794769287
2565,2021-11-30 08:11:36,516691,21.50374960899353
2566,2021-11-30 08:11:04,516692,20.99608612060547
2567,2021-11-30 10:11:08,516692,22.43422508239746
2568,2021-11-30 11:11:50,516693,22.205781936645508
2569,2021-11-30 01:11:05,516697,22.958150625228882
2570,2021-11-30 01:11:13,516697,21.297080516815186
2571,2021-11-30 01:11:54,516697,22.11378812789917
2572,2021-11-30 02:11:28,516697,20.37083601951599
2573,2021-11-30 02:11:58,516697,22.261735439300537
2574,2021-11-30 03:11:23,516697,23.63660740852356
2575,2021-11-30 03:11:54,516697,21.122905731201172
2576,2021-11-30 04:11:17,516697,22.152199268341064
2577,2021-11-30 04:11:21,516697,22.700946807861328
2578,2021-11-30 12:11:20,516697,22.489356994628906
2579,2021-11-30 05:11:20,516700,21.436841249465942
2580,2021-11-30 09:11:14,516701,23.31477689743042
2581,2021-12-01 01:12:05,516701,20.357932567596436
2582,2021-12-01 05:12:41,516701,21.662302494049072
2583,2021-12-01 12:12:12,516706,22.654570817947388
2584,2021-12-01 02:12:03,516710,22.08130693435669
2585,2021-12-01 03:12:05,516710,21.065192461013794
2586,2021-12-01 01:12:40,516713,20.448012351989746
2587,2021-12-01 03:12:12,516713,21.301798343658447
2588,2021-12-01 03:12:24,516713,21.8741192817688
2589,2021-12-01 03:12:33,516713,22.65294051170349
2590,2021-12-01 06:12:19,516713,22.13435411453247
2591,2021-12-01 07:12:04,516713,21.681353092193604
2592,2021-12-01 07:12:24,516713,22.049501657485962
2593,2021-12-01 08:12:13,516713,21.38772964477539
2594,2021-12-01 08:12:57,516713,21.421038389205933
2595,2021-12-01 10:12:32,516713,22.54795241355896
2596,2021-12-01 12:12:59,516713,21.227250576019287
2597,2021-12-01 07:12:18,516714,22.46764063835144
2598,2021-12-01 09:12:41,516714,22.563252449035645
2599,2021-12-01 10:12:00,516714,20.245852947235107
2600,2021-12-01 10:12:05,516714,20.35576891899109
2601,2021-12-01 10:12:38,516714,20.35908794403076
2602,2021-12-01 10:12:58,516714,23.01569628715515
2603,2021-12-02 01:12:08,516714,22.729768753051758
2604,2021-12-01 11:12:09,516715,20.467708826065063
2605,2021-12-02 12:12:14,516715,22.072510480880737
2606,2021-12-02 12:12:41,516716,22.04561424255371
2607,2021-12-02 12:12:58,516716,22.49534845352173
2608,2021-12-02 01:12:15,516719,20.630774974822998
2609,2021-12-02 01:12:38,516719,23.057947397232056
2610,2021-12-02 02:12:38,516719,21.493666410446167
2611,2021-12-02 03:12:41,516719,22.37530779838562
2612,2021-12-02 05:12:11,516723,22.582661867141724
2613,2021-12-02 07:12:29,516725,21.491769790649414
2614,2021-12-02 08:12:21,516725,22.346707105636597
2615,2021-12-02 08:12:12,516727,22.231595516204834
2616,2021-12-02 09:12:34,516727,21.062709093093872
2617,2021-12-02 10:12:23,516727,21.8337082862854
2618,2021-12-02 10:12:57,516727,20.76226568222046
2619,2021-12-02 11:12:25,516727,22.762940168380737
2620,2021-12-02 11:12:37,516727,22.34175395965576
2621,2021-12-02 11:12:37,516727,22.696011543273926
2622,2021-12-02 01:12:21,516728,22.950871229171753
2623,2021-12-02 11:12:19,516728,19.978245496749878
2624,2021-12-02 11:12:21,516728,20.767053365707397
2625,2021-12-02 12:12:10,516728,22.59282398223877
2626,2021-12-02 12:12:23,516728,22.576289892196655
2627,2021-12-02 12:12:23,516728,20.493606567382812
2628,2021-12-02 12:12:33,516728,21.048423051834106
2629,2021-12-02 02:12:20,516729,20.987993478775024
2630,2021-12-02 02:12:22,516731,20.562087059020996
2631,2021-12-02 03:12:13,516732,21.238823175430298
2632,2021-12-02 05:12:17,516734,21.976070404052734
2633,2021-12-02 05:12:53,516735,22.080518007278442
2634,2021-12-02 06:12:03,516736,20.520774364471436
2635,2021-12-02 07:12:42,516737,22.079654693603516
2636,2021-12-02 08:12:06,516737,21.104757070541382
2637,2021-12-02 08:12:30,516739,20.771707773208618
2638,2021-12-02 08:12:45,516739,21.119269371032715
2639,2021-12-02 08:12:46,516739,21.152888536453247
2640,2021-12-02 11:12:24,516739,22.051269054412842
2641,2021-12-02 11:12:53,516740,22.38959002494812
2642,2021-12-03 12:12:32,516742,21.076613664627075
2643,2021-12-03 12:12:36,516742,20.549079656600952
2644,2021-12-03 12:12:00,516743,19.562137126922607
2645,2021-12-03 02:12:07,516749,22.215201139450073
2646,2021-12-03 05:12:08,516754,19.66981267929077
2647,2021-12-03 05:12:36,516754,21.691609144210815
2648,2021-12-03 06:12:18,516755,22.499191522598267
2649,2021-12-03 06:12:34,516755,21.783299207687378
2650,2021-12-03 06:12:17,516756,20.274587869644165
2651,2021-12-03 07:12:21,516756,21.65153741836548
2652,2021-12-03 07:12:47,516756,21.87063479423523
2653,2021-12-03 09:12:16,516760,21.95414662361145
2654,2021-12-03 01:12:12,516761,22.41894769668579
2655,2021-12-03 10:12:10,516761,20.63069200515747
2656,2021-12-03 11:12:42,516761,20.97453260421753
2657,2021-12-03 11:12:44,516761,20.843684434890747
2658,2021-12-03 12:12:34,516761,20.277596712112427
2659,2021-12-03 12:12:55,516761,20.77405333518982
2660,2021-12-03 12:12:57,516761,22.271421194076538
2661,2021-12-03 04:12:05,516763,21.764413118362427
2662,2021-12-03 04:12:26,516763,20.22866940498352
2663,2021-12-03 06:12:49,516763,20.70920968055725
2664,2021-12-03 05:12:46,516765,20.688588857650757
2665,2021-12-03 05:12:52,516765,20.968271017074585
2666,2021-12-03 07:12:06,516769,22.135653734207153
2667,2021-12-03 08:12:45,516769,20.1321120262146
2668,2021-12-03 11:12:25,516770,21.124788999557495
2669,2021-12-03 11:12:35,516770,22.26324725151062
2670,2021-12-04 12:12:50,516771,22.43325901031494
2671,2021-12-04 12:12:51,516771,21.566713094711304
2672,2021-12-04 12:12:32,516772,20.342477798461914
2673,2021-12-04 01:12:06,516775,21.594590425491333
2674,2021-12-04 01:12:28,516778,21.15171980857849
2675,2021-12-04 01:12:49,516778,21.1535701751709
2676,2021-12-04 01:12:50,516779,20.781424045562744
2677,2021-12-04 02:12:02,516780,21.47101140022278
2678,2021-12-04 02:12:09,516780,22.86699867248535
2679,2021-12-04 05:12:41,516781,21.636868953704834
2680,2021-12-04 06:12:42,516781,23.645044803619385
2681,2021-12-04 06:12:45,516781,23.60504126548767
2682,2021-12-04 07:12:17,516781,22.474266052246094
2683,2021-12-04 07:12:56,516781,22.938297748565674
2684,2021-12-05 03:12:49,516791,20.28286576271057
2685,2021-12-05 04:12:10,516791,21.719547271728516
2686,2021-12-06 03:12:28,516794,22.01962685585022
2687,2021-12-06 04:12:15,516795,21.05742573738098
2688,2021-12-06 05:12:23,516796,22.557903051376343
2689,2021-12-06 06:12:14,516796,22.642902374267578
2690,2021-12-06 09:12:21,516796,23.70691680908203
2691,2021-12-06 10:12:21,516796,23.333097219467163
2692,2021-12-06 03:12:26,516797,22.636985778808594
2693,2021-12-06 03:12:49,516797,22.26789665222168
2694,2021-12-06 03:12:54,516797,22.82940983772278
2695,2021-12-06 04:12:30,516797,22.523166179656982
2696,2021-12-06 04:12:02,516798,20.587252616882324
2697,2021-12-06 04:12:40,516798,20.580577850341797
2698,2021-12-06 04:12:58,516798,22.471169471740723
2699,2021-12-06 05:12:07,516798,20.636264324188232
2700,2021-12-06 05:12:11,516798,22.743163108825684
2701,2021-12-06 05:12:23,516798,20.999613761901855
2702,2021-12-06 05:12:34,516798,22.76346516609192
2703,2021-12-06 06:12:24,516798,22.60779857635498
2704,2021-12-06 06:12:52,516798,21.386218547821045
2705,2021-12-06 07:12:36,516798,22.018752098083496
2706,2021-12-06 08:12:56,516800,22.334216833114624
2707,2021-12-06 10:12:12,516800,20.79432988166809
2708,2021-12-06 10:12:15,516800,22.167070150375366
2709,2021-12-06 10:12:15,516800,22.67431354522705
2710,2021-12-06 10:12:23,516800,20.954094171524048
2711,2021-12-06 10:12:32,516800,21.06679916381836
2712,2021-12-06 10:12:38,516800,20.332164525985718
2713,2021-12-06 11:12:01,516800,20.33332586288452
2714,2021-12-07 12:12:09,516804,21.81738257408142
2715,2021-12-07 12:12:24,516805,20.746280670166016
2716,2021-12-07 12:12:44,516805,21.65679121017456
2717,2021-12-07 02:12:34,516806,21.38308095932007
2718,2021-12-07 05:12:11,516810,20.628339290618896
2719,2021-12-07 06:12:38,516811,20.987513542175293
2720,2021-12-07 09:12:18,516815,20.8559308052063
2721,2021-12-07 10:12:54,516818,22.386048316955566
2722,2021-12-07 10:12:55,516818,22.361615419387817
2723,2021-12-07 12:12:44,516821,20.522412061691284
2724,2021-12-07 02:12:32,516823,20.84814739227295
2725,2021-12-07 03:12:01,516823,20.607114553451538
2726,2021-12-07 03:12:43,516825,20.87569832801819
2727,2021-12-07 04:12:05,516825,21.638752937316895
2728,2021-12-07 05:12:38,516825,19.994540214538574
2729,2021-12-07 07:12:09,516825,20.78474712371826
2730,2021-12-07 08:12:00,516825,20.10102915763855
2731,2021-12-07 08:12:24,516825,20.530604362487793
2732,2021-12-07 08:12:28,516825,21.21908450126648
2733,2021-12-07 09:12:09,516825,21.7262601852417
2734,2021-12-07 09:12:22,516825,20.66663384437561
2735,2021-12-07 10:12:04,516825,21.978734254837036
2736,2021-12-07 10:12:27,516825,22.486932277679443
2737,2021-12-07 10:12:59,516825,21.144596815109253
2738,2021-12-07 11:12:08,516825,19.989526987075806
2739,2021-12-07 11:12:05,516826,20.411916732788086
2740,2021-12-07 11:12:42,516826,20.660492420196533
2741,2021-12-08 01:12:21,516828,21.58237624168396
2742,2021-12-08 03:12:14,516828,20.883277416229248
2743,2021-12-08 05:12:17,516829,20.551111936569214
2744,2021-12-08 05:12:23,516829,20.123542308807373
2745,2021-12-08 06:12:39,516830,21.185123920440674
2746,2021-12-08 07:12:02,516830,22.96032691001892
2747,2021-12-08 07:12:41,516830,20.077529668807983
2748,2021-12-08 07:12:42,516830,22.0291850566864
2749,2021-12-08 07:12:54,516830,21.837067127227783
2750,2021-12-08 09:12:05,516830,22.004568815231323
2751,2021-12-08 09:12:05,516830,21.820239305496216
2752,2021-12-08 09:12:07,516832,21.313599109649658
2753,2021-12-08 10:12:37,516832,20.110913276672363
2754,2021-12-08 01:12:15,516833,22.163779258728027
2755,2021-12-08 01:12:21,516833,20.95602822303772
2756,2021-12-08 02:12:19,516833,20.23850440979004
2757,2021-12-08 02:12:41,516833,21.612587928771973
2758,2021-12-08 11:12:00,516833,21.43531894683838
2759,2021-12-08 12:12:00,516833,19.828070402145386
2760,2021-12-08 12:12:08,516833,21.89436173439026
2761,2021-12-08 12:12:24,516833,22.231034994125366
2762,2021-12-08 01:12:25,516834,22.46435260772705
2763,2021-12-08 01:12:33,516834,22.26265239715576
2764,2021-12-08 02:12:24,516834,20.975993156433105
2765,2021-12-08 02:12:47,516835,22.43099331855774
2766,2021-12-08 04:12:02,516838,20.53499436378479
2767,2021-12-08 04:12:15,516838,21.589916229248047
2768,2021-12-08 05:12:40,516839,20.773608922958374
2769,2021-12-08 05:12:46,516840,22.696437120437622
2770,2021-12-08 06:12:35,516841,22.392748832702637
2771,2021-12-08 06:12:37,516841,21.295445203781128
2772,2021-12-08 08:12:08,516843,22.27928876876831
2773,2021-12-08 08:12:59,516844,21.130316972732544
2774,2021-12-08 10:12:50,516846,21.26155400276184
2775,2021-12-08 11:12:31,516849,21.133557558059692
2776,2021-12-08 11:12:36,516849,22.23579478263855
2777,2021-12-09 01:12:09,516851,21.841666221618652
2778,2021-12-09 01:12:37,516854,22.51265048980713
2779,2021-12-09 03:12:16,516856,21.463584423065186
2780,2021-12-09 06:12:32,516859,22.32965111732483
2781,2021-12-09 05:12:11,516860,23.21518635749817
2782,2021-12-09 05:12:13,516860,20.37431287765503
2783,2021-12-09 06:12:14,516861,22.20542597770691
2784,2021-12-09 06:12:34,516861,21.657623291015625
2785,2021-12-09 06:12:39,516861,20.738980770111084
2786,2021-12-09 07:12:23,516861,22.958558082580566
2787,2021-12-09 01:12:13,516864,23.187470197677612
2788,2021-12-09 01:12:34,516864,22.042081594467163
2789,2021-12-09 02:12:14,516864,21.115467071533203
2790,2021-12-09 02:12:35,516864,21.125723600387573
2791,2021-12-09 02:12:47,516864,21.171712398529053
2792,2021-12-09 08:12:36,516864,20.642167568206787
2793,2021-12-09 09:12:23,516864,21.041093349456787
2794,2021-12-09 09:12:28,516864,23.235676527023315
2795,2021-12-09 10:12:02,516864,22.333375215530396
2796,2021-12-09 11:12:22,516864,21.81202793121338
2797,2021-12-09 11:12:36,516864,20.37920117378235
2798,2021-12-09 12:12:04,516864,22.10595154762268
2799,2021-12-09 12:12:36,516864,20.734906435012817
2800,2021-12-09 02:12:23,516865,20.993211269378662
2801,2021-12-09 02:12:30,516865,20.26873207092285
2802,2021-12-09 02:12:56,516865,20.283936023712158
2803,2021-12-09 03:12:30,516866,22.290715217590332
2804,2021-12-09 03:12:19,516867,23.11493444442749
2805,2021-12-09 03:12:27,516867,22.289348602294922
2806,2021-12-09 04:12:25,516867,21.465153694152832
2807,2021-12-09 04:12:17,516869,21.349396467208862
2808,2021-12-09 04:12:40,516869,21.981056690216064
2809,2021-12-09 05:12:34,516869,21.821859121322632
2810,2021-12-09 05:12:47,516869,21.80481243133545
2811,2021-12-09 05:12:18,516871,21.424314260482788
2812,2021-12-09 06:12:50,516871,20.91907501220703
2813,2021-12-09 06:12:53,516871,23.941692352294922
2814,2021-12-09 07:12:01,516871,21.360830545425415
2815,2021-12-09 06:12:50,516872,22.16771173477173
2816,2021-12-09 10:12:00,516877,22.510459184646606
2817,2021-12-09 10:12:01,516878,20.90708613395691
2818,2021-12-10 01:12:49,516880,22.308884382247925
2819,2021-12-10 04:12:48,516883,22.409242630004883
2820,2021-12-10 05:12:03,516883,20.92446732521057
2821,2021-12-10 05:12:21,516883,21.365151166915894
2822,2021-12-10 08:12:02,516883,22.14998960494995
2823,2021-12-10 10:12:13,516883,20.832979679107666
2824,2021-12-10 10:12:24,516883,20.44859790802002
2825,2021-12-10 10:12:31,516883,21.291162967681885
2826,2021-12-10 10:12:44,516883,20.682493925094604
2827,2021-12-10 11:12:11,516883,21.116774797439575
2828,2021-12-10 01:12:42,516884,21.652349948883057
2829,2021-12-10 02:12:19,516884,21.392542123794556
2830,2021-12-10 11:12:08,516884,21.96222162246704
2831,2021-12-10 12:12:17,516884,20.438891410827637
2832,2021-12-10 01:12:05,516885,21.05189847946167
2833,2021-12-10 01:12:35,516885,22.929534435272217
2834,2021-12-10 02:12:26,516885,22.12915349006653
2835,2021-12-10 01:12:11,516886,22.923425436019897
2836,2021-12-10 02:12:44,516887,20.842634439468384
2837,2021-12-10 03:12:31,516887,20.234326601028442
2838,2021-12-10 03:12:15,516888,21.636451244354248
2839,2021-12-10 03:12:41,516888,20.218899965286255
2840,2021-12-10 06:12:19,516892,22.343109846115112
2841,2021-12-10 06:12:50,516892,21.01311731338501
2842,2021-12-10 06:12:56,516892,20.715661764144897
2843,2021-12-10 08:12:05,516893,21.513938188552856
2844,2021-12-10 08:12:11,516893,22.44272470474243
2845,2021-12-10 08:12:53,516894,20.67543315887451
2846,2021-12-10 08:12:19,516895,20.97721266746521
2847,2021-12-10 08:12:29,516895,21.43704843521118
2848,2021-12-10 08:12:36,516895,22.80725383758545
2849,2021-12-10 09:12:34,516895,20.996063709259033
2850,2021-12-10 09:12:12,516896,20.729017734527588
2851,2021-12-10 09:12:40,516896,21.14620351791382
2852,2021-12-10 10:12:14,516896,20.850314140319824
2853,2021-12-10 10:12:07,516897,22.920682191848755
2854,2021-12-10 11:12:33,516897,23.263049125671387
2855,2021-12-11 12:12:25,516897,22.8789324760437
2856,2021-12-11 12:12:36,516897,22.5726797580719
2857,2021-12-10 10:12:03,516898,22.902483224868774
2858,2021-12-10 11:12:33,516898,21.22097396850586
2859,2021-12-11 01:12:21,516898,22.45644187927246
2860,2021-12-11 01:12:43,516898,22.596600770950317
2861,2021-12-11 12:12:05,516898,23.10260510444641
2862,2021-12-10 11:12:11,516900,20.21765899658203
2863,2021-12-11 12:12:13,516900,22.657573223114014
2864,2021-12-11 01:12:38,516901,22.893110513687134
2865,2021-12-11 02:12:05,516901,22.846205472946167
2866,2021-12-11 02:12:13,516901,21.50436043739319
2867,2021-12-11 02:12:42,516901,20.192309617996216
2868,2021-12-11 12:12:40,516901,22.694435119628906
2869,2021-12-11 02:12:42,516902,21.01189637184143
2870,2021-12-11 11:12:19,516909,21.64839196205139
2871,2021-12-11 11:12:34,516909,21.721453428268433
2872,2021-12-12 01:12:29,516909,22.860190868377686
2873,2021-12-12 11:12:49,516909,23.12269425392151
2874,2021-12-12 12:12:13,516909,21.752422094345093
2875,2021-12-12 12:12:24,516909,23.533732414245605
2876,2021-12-12 04:12:06,516910,20.727120876312256
2877,2021-12-12 05:12:49,516911,21.06695318222046
2878,2021-12-12 01:12:31,516912,23.64881134033203
2879,2021-12-12 02:12:04,516912,22.201173782348633
2880,2021-12-12 03:12:37,516912,22.492515087127686
2881,2021-12-12 03:12:40,516912,20.973491668701172
2882,2021-12-12 12:12:06,516912,23.03783655166626
2883,2021-12-13 04:12:43,516914,22.816537380218506
2884,2021-12-13 05:12:29,516915,21.637598991394043
2885,2021-12-13 06:12:06,516915,21.35279369354248
2886,2021-12-13 06:12:26,516915,21.836772203445435
2887,2021-12-13 06:12:33,516915,20.557130098342896
2888,2021-12-13 07:12:16,516915,22.098604679107666
2889,2021-12-13 01:12:12,516916,21.320059537887573
2890,2021-12-13 01:12:14,516916,22.30886149406433
2891,2021-12-13 01:12:19,516916,23.538742780685425
2892,2021-12-13 01:12:22,516916,21.337586402893066
2893,2021-12-13 01:12:42,516916,21.992929458618164
2894,2021-12-13 07:12:53,516916,21.270241260528564
2895,2021-12-13 08:12:59,516916,22.83603596687317
2896,2021-12-13 09:12:06,516916,21.588463306427002
2897,2021-12-13 10:12:12,516916,22.476137161254883
2898,2021-12-13 10:12:23,516916,22.48204755783081
2899,2021-12-13 10:12:28,516916,21.185699701309204
2900,2021-12-13 11:12:31,516916,22.709699153900146
2901,2021-12-13 12:12:40,516916,22.51898694038391
2902,2021-12-13 12:12:59,516916,21.88209819793701
2903,2021-12-13 02:12:07,516917,22.403927326202393
2904,2021-12-13 02:12:23,516917,20.467902183532715
2905,2021-12-13 02:12:57,516917,21.231999397277832
2906,2021-12-13 03:12:23,516917,22.646442413330078
2907,2021-12-13 03:12:32,516917,21.52104878425598
2908,2021-12-13 03:12:48,516917,21.283883810043335
2909,2021-12-13 04:12:19,516918,22.404319763183594
2910,2021-12-13 08:12:07,516921,22.395986318588257
2911,2021-12-13 08:12:07,516922,21.327820777893066
2912,2021-12-13 08:12:19,516922,22.306097269058228
2913,2021-12-13 08:12:26,516922,20.832417726516724
2914,2021-12-13 10:12:19,516924,20.52876877784729
2915,2021-12-13 10:12:55,516924,20.97345995903015
2916,2021-12-13 11:12:06,516925,22.62927508354187
2917,2021-12-13 11:12:13,516926,21.38728976249695
2918,2021-12-14 01:12:48,516928,20.221172094345093
2919,2021-12-14 04:12:20,516936,21.709497213363647
2920,2021-12-14 05:12:56,516936,20.745283126831055
2921,2021-12-14 06:12:57,516937,21.59803009033203
2922,2021-12-14 01:12:17,516939,20.837460041046143
2923,2021-12-14 07:12:58,516939,21.122049808502197
2924,2021-12-14 11:12:44,516939,21.59858727455139
2925,2021-12-14 11:12:57,516939,22.957842588424683
2926,2021-12-14 12:12:24,516939,22.926737070083618
2927,2021-12-14 12:12:34,516939,22.41834807395935
2928,2021-12-14 12:12:39,516939,22.872321605682373
2929,2021-12-14 12:12:45,516939,20.399426221847534
2930,2021-12-14 01:12:54,516940,20.91933822631836
2931,2021-12-14 02:12:43,516941,20.434558629989624
2932,2021-12-14 02:12:55,516941,21.067270755767822
2933,2021-12-14 03:12:46,516941,22.13513493537903
2934,2021-12-14 03:12:06,516942,21.068469762802124
2935,2021-12-14 03:12:24,516942,20.45220375061035
2936,2021-12-14 03:12:26,516942,21.231333255767822
2937,2021-12-14 03:12:31,516942,21.4385826587677
2938,2021-12-14 04:12:50,516942,20.637956380844116
2939,2021-12-14 04:12:54,516942,22.80742311477661
2940,2021-12-14 05:12:01,516942,22.724592685699463
2941,2021-12-14 04:12:13,516944,21.23284387588501
2942,2021-12-14 05:12:00,516944,20.816681623458862
2943,2021-12-14 05:12:30,516945,21.01154088973999
2944,2021-12-14 06:12:43,516946,21.347858428955078
2945,2021-12-14 09:12:24,516949,20.810163974761963
2946,2021-12-14 10:12:51,516950,22.04222559928894
2947,2021-12-14 10:12:54,516950,21.010756731033325
2948,2021-12-14 11:12:35,516951,21.051513195037842
2949,2021-12-15 12:12:40,516954,21.088630437850952
2950,2021-12-15 04:12:20,516955,21.926748991012573
2951,2021-12-15 04:12:54,516955,22.702675342559814
2952,2021-12-15 04:12:22,516956,20.747265815734863
2953,2021-12-15 04:12:29,516956,21.48130750656128
2954,2021-12-15 04:12:56,516956,20.851680755615234
2955,2021-12-15 05:12:57,516957,21.212915897369385
2956,2021-12-15 06:12:49,516957,20.300289392471313
2957,2021-12-15 10:12:01,516959,20.18703269958496
2958,2021-12-15 10:12:52,516959,20.919846296310425
2959,2021-12-15 11:12:24,516959,22.567673206329346
2960,2021-12-15 11:12:33,516959,21.529486417770386
2961,2021-12-15 11:12:56,516959,20.904754877090454
2962,2021-12-15 12:12:03,516959,20.77937912940979
2963,2021-12-15 12:12:34,516959,20.806262493133545
2964,2021-12-15 01:12:40,516961,20.262978553771973
2965,2021-12-15 03:12:20,516964,21.03671669960022
2966,2021-12-15 03:12:32,516964,22.342188358306885
2967,2021-12-15 04:12:41,516964,20.87016487121582
2968,2021-12-15 05:12:29,516964,21.31476664543152
2969,2021-12-15 05:12:28,516965,20.88410782814026
2970,2021-12-15 05:12:37,516965,20.38727855682373
2971,2021-12-15 07:12:51,516967,19.97704792022705
2972,2021-12-15 07:12:32,516969,21.00198769569397
2973,2021-12-15 08:12:31,516969,21.94242835044861
2974,2021-12-15 08:12:37,516970,20.788323640823364
2975,2021-12-15 09:12:06,516970,20.629267930984497
2976,2021-12-15 10:12:52,516970,20.149503469467163
2977,2021-12-15 09:12:45,516972,20.38398289680481
2978,2021-12-15 11:12:36,516973,20.84857487678528
2979,2021-12-16 03:12:37,516975,21.453414916992188
2980,2021-12-16 04:12:59,516975,20.30567502975464
2981,2021-12-16 05:12:03,516975,20.72800087928772
2982,2021-12-16 05:12:02,516976,20.288120985031128
2983,2021-12-16 09:12:37,516976,20.45739507675171
2984,2021-12-16 10:12:26,516978,20.23308825492859
2985,2021-12-16 11:12:01,516978,21.792529106140137
2986,2021-12-16 11:12:15,516978,20.383955240249634
2987,2021-12-16 12:12:22,516978,22.4544198513031
2988,2021-12-16 12:12:39,516978,20.079550743103027
2989,2021-12-16 12:12:43,516978,21.157023429870605
2990,2021-12-16 12:12:44,516978,21.07963752746582
2991,2021-12-16 12:12:53,516978,20.12425971031189
2992,2021-12-16 01:12:00,516980,21.649077892303467
2993,2021-12-16 01:12:21,516980,21.047481060028076
2994,2021-12-16 01:12:34,516980,21.282011032104492
2995,2021-12-16 02:12:06,516982,22.870480060577393
2996,2021-12-16 02:12:33,516982,22.51966381072998
2997,2021-12-16 03:12:51,516982,22.184359073638916
2998,2021-12-16 02:12:51,516983,22.60458731651306
2999,2021-12-16 03:12:52,516984,20.669273138046265
3000,2021-12-16 03:12:16,516985,20.69046425819397
3001,2021-12-16 03:12:34,516985,22.90564203262329
3002,2021-12-16 04:12:03,516986,22.48187804222107
3003,2021-12-16 06:12:31,516986,21.021724224090576
3004,2021-12-16 05:12:22,516987,20.334830284118652
3005,2021-12-16 05:12:36,516987,22.071877241134644
3006,2021-12-16 05:12:54,516987,22.10820746421814
3007,2021-12-16 06:12:26,516987,21.42385721206665
3008,2021-12-16 09:12:14,516994,20.94357180595398
3009,2021-12-16 09:12:00,516996,22.594286680221558
3010,2021-12-16 09:12:11,516996,20.758182764053345
3011,2021-12-16 11:12:56,516998,21.46517515182495
3012,2021-12-17 01:12:50,517000,20.134960651397705
3013,2021-12-17 04:12:15,517001,21.129445791244507
3014,2021-12-17 04:12:22,517001,20.625165462493896
3015,2021-12-17 04:12:35,517001,20.687336921691895
3016,2021-12-17 05:12:07,517001,20.839803218841553
3017,2021-12-17 06:12:03,517001,20.352460622787476
3018,2021-12-17 06:12:49,517001,21.103451013565063
3019,2021-12-17 07:12:51,517001,21.013034343719482
3020,2021-12-17 08:12:12,517001,22.58590054512024
3021,2021-12-17 08:12:45,517001,21.129942893981934
3022,2021-12-17 09:12:42,517001,21.629107236862183
3023,2021-12-17 10:12:02,517001,21.17259931564331
3024,2021-12-17 10:12:52,517001,22.380391836166382
3025,2021-12-17 11:12:18,517002,22.330434560775757
3026,2021-12-17 11:12:47,517003,20.795016050338745
3027,2021-12-17 12:12:27,517004,22.17516326904297
3028,2021-12-17 12:12:54,517004,21.741289377212524
3029,2021-12-17 01:12:14,517005,21.41843056678772
3030,2021-12-17 01:12:23,517005,20.649625778198242
3031,2021-12-17 01:12:38,517005,21.812752723693848
3032,2021-12-17 12:12:04,517005,21.506965398788452
3033,2021-12-17 02:12:33,517008,20.95556664466858
3034,2021-12-17 02:12:43,517008,20.63994550704956
3035,2021-12-17 02:12:55,517009,20.435340404510498
3036,2021-12-17 05:12:17,517011,20.964420080184937
3037,2021-12-17 06:12:02,517012,20.75718379020691
3038,2021-12-17 06:12:03,517012,22.472605228424072
3039,2021-12-17 07:12:47,517013,22.463841915130615
3040,2021-12-17 07:12:06,517014,20.321226358413696
3041,2021-12-17 10:12:02,517016,21.631239414215088
3042,2021-12-17 11:12:03,517017,20.890676259994507
3043,2021-12-17 11:12:21,517017,21.130847215652466
3044,2021-12-18 01:12:30,517017,21.873881101608276
3045,2021-12-18 12:12:17,517017,22.42745852470398
3046,2021-12-18 12:12:30,517017,22.541420698165894
3047,2021-12-18 01:12:39,517019,21.02066969871521
3048,2021-12-18 01:12:54,517019,21.073787212371826
3049,2021-12-18 02:12:42,517019,20.95687985420227
3050,2021-12-18 03:12:35,517019,20.731104612350464
3051,2021-12-18 03:12:58,517019,21.808086395263672
3052,2021-12-18 06:12:35,517023,21.314013957977295
3053,2021-12-18 02:12:27,517025,22.677022218704224
3054,2021-12-18 06:12:06,517025,20.725891590118408
3055,2021-12-18 06:12:59,517025,20.820882081985474
3056,2021-12-19 01:12:15,517025,21.388951063156128
3057,2021-12-19 04:12:32,517025,22.53798508644104
3058,2021-12-19 03:12:48,517031,20.38820743560791
3059,2021-12-20 03:12:52,517031,20.870672464370728
3060,2021-12-20 04:12:32,517031,20.893156051635742
3061,2021-12-20 04:12:54,517031,21.34517002105713
3062,2021-12-20 05:12:33,517031,21.332130193710327
3063,2021-12-20 05:12:45,517031,20.903801202774048
3064,2021-12-20 08:12:52,517031,22.101398944854736
3065,2021-12-20 10:12:17,517033,20.232130527496338
3066,2021-12-20 10:12:36,517033,21.212251901626587
3067,2021-12-20 11:12:46,517034,20.45984721183777
3068,2021-12-20 12:12:19,517034,21.56089973449707
3069,2021-12-20 06:12:32,517035,21.239373683929443
3070,2021-12-20 01:12:09,517036,21.346264839172363
3071,2021-12-20 01:12:27,517036,22.432303428649902
3072,2021-12-20 01:12:32,517036,21.31741952896118
3073,2021-12-20 01:12:50,517036,21.588486194610596
3074,2021-12-20 02:12:38,517036,20.697782516479492
3075,2021-12-20 02:12:55,517036,21.272117614746094
3076,2021-12-20 02:12:56,517036,21.04968500137329
3077,2021-12-20 03:12:46,517036,20.490837335586548
3078,2021-12-20 04:12:46,517036,22.73733901977539
3079,2021-12-20 12:12:47,517036,19.792387008666992
3080,2021-12-20 04:12:36,517037,21.73703360557556
3081,2021-12-20 04:12:33,517038,21.044670581817627
3082,2021-12-20 05:12:14,517038,20.782932996749878
3083,2021-12-20 05:12:16,517038,21.09795618057251
3084,2021-12-20 05:12:39,517038,20.76660418510437
3085,2021-12-20 06:12:19,517040,21.054362058639526
3086,2021-12-20 07:12:46,517040,20.578402757644653
3087,2021-12-20 07:12:14,517041,20.49303412437439
3088,2021-12-20 07:12:15,517041,20.770957708358765
3089,2021-12-20 08:12:52,517042,20.67269802093506
3090,2021-12-21 05:12:14,517042,20.65165877342224
3091,2021-12-20 11:12:19,517043,21.667669534683228
3092,2021-12-21 02:12:02,517043,20.15676522254944
3093,2021-12-21 02:12:32,517043,21.568273544311523
3094,2021-12-21 04:12:00,517043,20.836442232131958
3095,2021-12-21 05:12:09,517043,21.027425289154053
3096,2021-12-21 05:12:32,517043,21.060582160949707
3097,2021-12-21 06:12:33,517043,20.599296808242798
3098,2021-12-21 07:12:14,517043,20.9205801486969
3099,2021-12-21 12:12:13,517043,20.264955043792725
3100,2021-12-21 09:12:16,517046,20.540878772735596
3101,2021-12-21 10:12:14,517046,21.679656744003296
3102,2021-12-21 10:12:21,517046,21.501514434814453
3103,2021-12-21 12:12:08,517046,20.55014991760254
3104,2021-12-21 12:12:20,517049,20.960529327392578
3105,2021-12-21 12:12:50,517049,20.23325800895691
3106,2021-12-21 01:12:25,517051,23.0604031085968
3107,2021-12-21 02:12:23,517051,22.097312450408936
3108,2021-12-21 02:12:07,517052,20.884403228759766
3109,2021-12-21 02:12:31,517052,20.07881236076355
3110,2021-12-21 02:12:57,517052,20.34640908241272
3111,2021-12-21 03:12:27,517052,20.435267448425293
3112,2021-12-21 03:12:01,517053,21.62112522125244
3113,2021-12-21 03:12:03,517053,20.263620615005493
3114,2021-12-21 03:12:26,517053,22.47897458076477
3115,2021-12-21 03:12:44,517053,22.04433536529541
3116,2021-12-21 04:12:33,517053,20.632149696350098
3117,2021-12-21 04:12:31,517056,20.481700897216797
3118,2021-12-21 05:12:34,517056,21.208449840545654
3119,2021-12-21 05:12:01,517058,20.647164821624756
3120,2021-12-21 05:12:18,517061,22.046724796295166
3121,2021-12-21 05:12:57,517061,20.66316509246826
3122,2021-12-21 06:12:17,517061,21.07602596282959
3123,2021-12-21 06:12:33,517061,21.01213836669922
3124,2021-12-21 06:12:59,517061,20.773035764694214
3125,2021-12-21 07:12:50,517061,20.849305868148804
3126,2021-12-21 08:12:23,517063,20.235060691833496
3127,2021-12-21 09:12:44,517064,21.972774267196655
3128,2021-12-21 09:12:40,517065,20.548134088516235
3129,2021-12-21 09:12:43,517065,21.21039366722107
3130,2021-12-21 09:12:57,517065,20.56316828727722
3131,2021-12-21 10:12:30,517066,21.716395378112793
3132,2021-12-21 10:12:16,517069,20.212177515029907
3133,2021-12-21 10:12:10,517070,21.971414804458618
3134,2021-12-22 04:12:07,517074,19.97101926803589
3135,2021-12-22 05:12:43,517075,20.716510772705078
3136,2021-12-22 06:12:03,517075,22.168880224227905
3137,2021-12-22 07:12:37,517075,22.06953716278076
3138,2021-12-22 08:12:06,517075,21.09877920150757
3139,2021-12-22 08:12:54,517075,20.655945301055908
3140,2021-12-22 06:12:33,517076,20.922801733016968
3141,2021-12-22 06:12:49,517076,20.692230939865112
3142,2021-12-22 07:12:37,517076,21.068381547927856
3143,2021-12-22 09:12:36,517076,20.32997465133667
3144,2021-12-22 10:12:13,517076,20.596317768096924
3145,2021-12-22 11:12:07,517077,20.944993257522583
3146,2021-12-22 04:12:10,517085,22.340561151504517
3147,2021-12-22 04:12:25,517085,20.68537926673889
3148,2021-12-22 06:12:12,517086,20.81432032585144
3149,2021-12-22 06:12:33,517086,22.02301573753357
3150,2021-12-22 07:12:14,517087,20.312278747558594
3151,2021-12-22 07:12:17,517087,19.913931608200073
3152,2021-12-22 07:12:17,517087,20.499822854995728
3153,2021-12-22 07:12:35,517087,20.544650316238403
3154,2021-12-22 08:12:17,517087,21.302042245864868
3155,2021-12-22 08:12:05,517089,21.0440673828125
3156,2021-12-22 08:12:14,517089,20.065247058868408
3157,2021-12-22 08:12:32,517089,20.034676551818848
3158,2021-12-22 08:12:33,517089,20.123952627182007
3159,2021-12-22 09:12:50,517089,20.584755420684814
3160,2021-12-22 09:12:52,517089,20.44536304473877
3161,2021-12-22 09:12:55,517089,22.41718363761902
3162,2021-12-22 10:12:13,517089,20.59905433654785
3163,2021-12-22 10:12:41,517089,20.750723123550415
3164,2021-12-22 10:12:59,517089,21.173812866210938
3165,2021-12-22 11:12:59,517090,20.81355929374695
3166,2021-12-23 02:12:03,517093,22.78089737892151
3167,2021-12-23 02:12:59,517093,20.689608812332153
3168,2021-12-23 04:12:10,517093,22.27763032913208
3169,2021-12-23 04:12:23,517093,23.086267709732056
3170,2021-12-23 04:12:28,517093,23.08424425125122
3171,2021-12-23 03:12:31,517095,21.492507219314575
3172,2021-12-23 04:12:19,517099,20.753265857696533
3173,2021-12-23 06:12:34,517099,20.534505367279053
3174,2021-12-23 06:12:46,517099,21.673665046691895
3175,2021-12-23 08:12:36,517100,20.394054174423218
3176,2021-12-23 09:12:11,517101,20.752373933792114
3177,2021-12-23 09:12:21,517102,20.75117588043213
3178,2021-12-23 10:12:55,517103,20.740652561187744
3179,2021-12-23 11:12:30,517103,20.963846683502197
3180,2021-12-23 11:12:12,517104,20.565589666366577
3181,2021-12-23 11:12:19,517104,20.835835456848145
3182,2021-12-23 11:12:12,517105,20.78709888458252
3183,2021-12-23 01:12:03,517106,22.28302812576294
3184,2021-12-23 01:12:20,517106,20.924185752868652
3185,2021-12-23 02:12:36,517106,21.294238090515137
3186,2021-12-23 12:12:48,517106,20.722548961639404
3187,2021-12-23 12:12:50,517106,20.41361141204834
3188,2021-12-23 03:12:42,517108,21.06889009475708
3189,2021-12-23 04:12:05,517111,20.537699460983276
3190,2021-12-23 04:12:51,517112,20.862947940826416
3191,2021-12-23 04:12:59,517112,22.723461151123047
3192,2021-12-23 05:12:45,517113,20.508095741271973
3193,2021-12-23 05:12:58,517114,21.546567916870117
3194,2021-12-23 07:12:18,517117,21.853489637374878
3195,2021-12-23 09:12:02,517119,20.142847061157227
3196,2021-12-23 10:12:06,517119,21.368706703186035
3197,2021-12-23 10:12:48,517119,22.590670824050903
3198,2021-12-24 01:12:38,517122,22.47031855583191
3199,2021-12-24 03:12:22,517122,22.739135026931763
3200,2021-12-24 03:12:56,517122,20.992648124694824
3201,2021-12-24 03:12:36,517123,20.90262007713318
3202,2021-12-24 03:12:59,517123,22.54084324836731
3203,2021-12-24 04:12:23,517123,21.699021577835083
3204,2021-12-24 04:12:38,517123,21.059082746505737
3205,2021-12-24 04:12:53,517123,20.53288221359253
3206,2021-12-24 05:12:15,517123,20.689265251159668
3207,2021-12-24 05:12:40,517123,21.09335446357727
3208,2021-12-24 08:12:42,517126,21.0265634059906
3209,2021-12-24 09:12:20,517127,20.266207456588745
3210,2021-12-24 10:12:04,517128,20.92957830429077
3211,2021-12-24 10:12:20,517131,21.26534128189087
3212,2021-12-24 12:12:23,517133,21.139029026031494
3213,2021-12-24 07:12:06,517134,21.100842237472534
3214,2021-12-24 07:12:12,517134,21.508872747421265
3215,2021-12-24 11:12:54,517134,22.58260464668274
3216,2021-12-25 09:12:22,517134,20.899784088134766
3217,2021-12-26 04:12:02,517134,20.95097827911377
3218,2021-12-26 12:12:59,517134,21.39756751060486
3219,2021-12-27 04:12:23,517135,20.14109444618225
3220,2021-12-27 08:12:01,517137,22.477488040924072
3221,2021-12-27 09:12:25,517137,20.88701057434082
3222,2021-12-27 09:12:32,517137,21.272679567337036
3223,2021-12-27 09:12:40,517137,20.889864921569824
3224,2021-12-27 01:12:18,517138,20.566420555114746
3225,2021-12-27 01:12:48,517138,20.57257914543152
3226,2021-12-27 01:12:53,517138,21.1485493183136
3227,2021-12-27 01:12:58,517138,21.27935814857483
3228,2021-12-27 02:12:10,517138,21.18410849571228
3229,2021-12-27 02:12:39,517138,21.509033918380737
3230,2021-12-27 02:12:42,517138,20.949131965637207
3231,2021-12-27 02:12:46,517138,20.676464796066284
3232,2021-12-27 03:12:15,517138,20.314979076385498
3233,2021-12-27 10:12:19,517138,22.79872441291809
3234,2021-12-27 11:12:13,517138,22.494559288024902
3235,2021-12-27 11:12:16,517138,20.224792957305908
3236,2021-12-27 11:12:30,517138,20.66910672187805
3237,2021-12-27 11:12:33,517138,21.14304804801941
3238,2021-12-27 12:12:36,517138,20.51949405670166
3239,2021-12-27 12:12:56,517138,20.651310682296753
3240,2021-12-27 03:12:51,517140,20.411895513534546
3241,2021-12-27 06:12:08,517144,20.588687896728516
3242,2021-12-27 07:12:19,517144,23.067731142044067
3243,2021-12-27 07:12:37,517145,20.860836029052734
3244,2021-12-27 11:12:28,517148,20.263976335525513
3245,2021-12-28 04:12:41,517149,21.843955039978027
3246,2021-12-28 06:12:34,517149,21.07636046409607
3247,2021-12-28 06:12:42,517149,21.056650638580322
3248,2021-12-28 06:12:52,517149,21.14176654815674
3249,2021-12-28 08:12:56,517149,21.396915674209595
3250,2021-12-28 09:12:26,517149,20.532467126846313
3251,2021-12-28 08:12:12,517150,22.85275936126709
3252,2021-12-28 08:12:51,517150,21.44128966331482
3253,2021-12-28 10:12:42,517150,21.213638067245483
3254,2021-12-28 10:12:51,517150,22.09904670715332
3255,2021-12-28 11:12:56,517150,20.64848566055298
3256,2021-12-28 01:12:21,517151,20.881443977355957
3257,2021-12-28 11:12:31,517151,20.91587233543396
3258,2021-12-28 12:12:57,517151,21.18586492538452
3259,2021-12-28 02:12:07,517152,21.60318660736084
3260,2021-12-28 02:12:23,517152,22.84059453010559
3261,2021-12-28 03:12:18,517152,20.88053321838379
3262,2021-12-28 03:12:33,517153,21.20321011543274
3263,2021-12-28 03:12:41,517153,20.961769580841064
3264,2021-12-28 04:12:17,517153,21.2279634475708
3265,2021-12-28 05:12:11,517153,23.203195333480835
3266,2021-12-28 08:12:02,517155,20.972726821899414
3267,2021-12-28 08:12:59,517155,20.499146461486816
3268,2021-12-28 11:12:45,517157,22.258910417556763
3269,2021-12-29 05:12:13,517158,21.192375898361206
3270,2021-12-29 05:12:23,517158,22.339251279830933
3271,2021-12-29 05:12:31,517158,22.437965393066406
3272,2021-12-29 06:12:28,517160,21.471200227737427
3273,2021-12-29 06:12:36,517160,20.86158514022827
3274,2021-12-29 09:12:23,517160,21.051417112350464
3275,2021-12-29 09:12:27,517160,21.92539882659912
3276,2021-12-29 12:12:29,517163,20.84302854537964
3277,2021-12-29 01:12:34,517164,20.428571462631226
3278,2021-12-29 01:12:50,517164,20.399863958358765
3279,2021-12-29 12:12:31,517164,22.102980613708496
3280,2021-12-29 12:12:32,517164,21.68429660797119
3281,2021-12-29 05:12:35,517165,21.30863380432129
3282,2021-12-29 08:12:05,517166,20.506551265716553
3283,2021-12-29 09:12:00,517166,20.824426651000977
3284,2021-12-30 10:12:09,517166,20.6309175491333
3285,2021-12-30 11:12:15,517166,20.95896625518799
3286,2021-12-30 01:12:37,517167,20.158191442489624
3287,2021-12-30 02:12:19,517167,20.3735511302948
3288,2021-12-30 03:12:49,517167,20.871490001678467
3289,2021-12-30 04:12:58,517167,20.793912410736084
3290,2021-12-30 05:12:54,517167,20.196105241775513
3291,2021-12-30 07:12:03,517167,20.73842692375183
3292,2021-12-30 08:12:16,517167,21.20435881614685
3293,2021-12-30 09:12:45,517167,20.652243852615356
3294,2021-12-30 12:12:09,517167,20.13107919692993
3295,2021-12-30 12:12:48,517167,21.54138159751892
3296,2021-12-30 02:12:14,517170,21.224658250808716
3297,2021-12-30 02:12:24,517170,21.830896854400635
3298,2021-12-30 02:12:48,517170,21.16841983795166
3299,2021-12-30 03:12:27,517170,19.901323556900024
3300,2021-12-30 03:12:34,517170,22.239152193069458
3301,2021-12-30 05:12:11,517170,21.85255193710327
3302,2021-12-30 07:12:13,517170,22.12605309486389
3303,2021-12-30 11:12:54,517172,20.424020767211914
3304,2021-12-31 03:12:42,517172,21.87453055381775
3305,2021-12-31 04:12:55,517172,20.628706216812134
3306,2021-12-31 06:12:59,517172,19.271809101104736
3307,2021-12-31 06:12:10,517174,20.410510301589966
3308,2021-12-31 06:12:02,517175,20.90443754196167
3309,2021-12-31 07:12:04,517175,22.867501974105835
3310,2021-12-31 09:12:09,517178,21.708916902542114
3311,2021-12-31 10:12:13,517178,20.00451135635376
3312,2021-12-31 04:12:34,517180,19.392688512802124
3313,2021-12-31 08:12:34,517180,21.65032196044922
3314,2022-01-01 05:01:18,517180,20.500086545944214
3315,2022-01-01 09:01:21,517180,21.660430431365967
3316,2022-01-01 12:01:16,517180,20.158897399902344
3317,2022-01-02 04:01:18,517180,19.36738657951355
3318,2022-01-03 04:01:38,517180,21.993171215057373
3319,2022-01-03 05:01:52,517180,19.837183713912964
3320,2022-01-03 06:01:09,517180,19.888428688049316
3321,2022-01-03 08:01:15,517180,21.587766885757446
3322,2022-01-03 08:01:43,517180,19.94041919708252
3323,2022-01-03 10:01:51,517180,21.933384895324707
3324,2022-01-03 10:01:53,517180,20.262593746185303
3325,2022-01-03 11:01:07,517180,20.480510711669922
3326,2022-01-03 11:01:32,517180,21.967560291290283
3327,2022-01-03 11:01:40,517180,19.595739603042603
3328,2022-01-03 11:01:57,517180,21.12923836708069
3329,2022-01-03 12:01:10,517180,20.403982162475586
3330,2022-01-03 12:01:16,517180,21.565101385116577
3331,2022-01-03 12:01:48,517180,20.815951347351074
3332,2022-01-03 01:01:30,517182,19.523205518722534
3333,2022-01-03 01:01:47,517182,19.74350929260254
3334,2022-01-03 02:01:33,517183,21.095713138580322
3335,2022-01-03 02:01:09,517184,20.879926919937134
3336,2022-01-03 02:01:59,517184,19.644856691360474
3337,2022-01-03 03:01:20,517185,21.28646159172058
3338,2022-01-04 05:01:10,517196,21.96428918838501
3339,2022-01-04 05:01:33,517196,20.180209636688232
3340,2022-01-04 05:01:36,517196,19.277143239974976
3341,2022-01-04 06:01:03,517196,19.567768573760986
3342,2022-01-04 06:01:21,517196,20.35711145401001
3343,2022-01-04 06:01:35,517196,21.80175542831421
3344,2022-01-04 07:01:22,517196,20.162272930145264
3345,2022-01-04 07:01:33,517196,20.193445682525635
3346,2022-01-04 09:01:56,517196,20.490918159484863
3347,2022-01-04 10:01:08,517196,20.84992218017578
3348,2022-01-04 11:01:06,517196,18.937984228134155
3349,2022-01-04 11:01:30,517196,20.027711391448975
3350,2022-01-04 11:01:43,517196,20.41232657432556
3351,2022-01-04 12:01:00,517196,19.537310123443604
3352,2022-01-04 01:01:21,517197,20.80533003807068
3353,2022-01-04 01:01:30,517197,20.20663356781006
3354,2022-01-04 02:01:23,517197,20.693657875061035
3355,2022-01-04 02:01:25,517197,21.020371913909912
3356,2022-01-04 03:01:01,517197,21.145160675048828
3357,2022-01-04 12:01:03,517197,20.30614161491394
3358,2022-01-04 12:01:55,517197,20.50706648826599
3359,2022-01-04 04:01:04,517198,20.10247015953064
3360,2022-01-04 04:01:06,517198,19.673235654830933
3361,2022-01-04 04:01:36,517199,21.659490823745728
3362,2022-01-04 05:01:46,517200,21.228949785232544
3363,2022-01-04 05:01:08,517201,20.613707542419434
3364,2022-01-04 07:01:07,517203,20.52116632461548
3365,2022-01-04 07:01:24,517203,19.55732297897339
3366,2022-01-04 07:01:08,517204,19.55502939224243
3367,2022-01-04 08:01:34,517206,21.594775438308716
3368,2022-01-04 10:01:50,517208,20.05956506729126
3369,2022-01-04 10:01:50,517209,20.848132848739624
3370,2022-01-05 12:01:23,517210,21.211963176727295
3371,2022-01-05 12:01:09,517212,21.604568004608154
3372,2022-01-05 06:01:16,517217,20.534432888031006
3373,2022-01-05 06:01:27,517217,22.51052451133728
3374,2022-01-05 06:01:50,517217,20.15549898147583
3375,2022-01-05 07:01:27,517217,20.04431414604187
3376,2022-01-05 08:01:07,517217,20.016071796417236
3377,2022-01-05 08:01:10,517218,21.106247663497925
3378,2022-01-05 08:01:34,517218,20.548003673553467
3379,2022-01-05 11:01:02,517218,20.43589735031128
3380,2022-01-05 11:01:07,517218,20.548092126846313
3381,2022-01-05 11:01:30,517218,21.581289529800415
3382,2022-01-05 11:01:34,517218,20.13573455810547
3383,2022-01-05 11:01:47,517218,20.398584365844727
3384,2022-01-05 11:01:50,517218,20.54145836830139
3385,2022-01-05 01:01:11,517221,19.321341037750244
3386,2022-01-05 01:01:24,517222,21.28295135498047
3387,2022-01-05 01:01:25,517222,19.634934425354004
3388,2022-01-05 01:01:15,517223,20.186562538146973
3389,2022-01-05 01:01:50,517223,19.615091562271118
3390,2022-01-05 03:01:58,517227,21.676016330718994
3391,2022-01-05 04:01:18,517228,20.43146514892578
3392,2022-01-05 05:01:16,517229,20.114691734313965
3393,2022-01-05 05:01:16,517229,20.629597425460815
3394,2022-01-05 05:01:35,517229,19.48402714729309
3395,2022-01-05 07:01:00,517231,21.308769702911377
3396,2022-01-05 07:01:16,517231,20.50304675102234
3397,2022-01-05 07:01:45,517231,21.807652473449707
3398,2022-01-05 11:01:19,517237,19.84509015083313
3399,2022-01-06 01:01:06,517239,20.446264266967773
3400,2022-01-06 03:01:05,517239,20.825345277786255
3401,2022-01-06 05:01:08,517239,19.757673025131226
3402,2022-01-06 05:01:16,517240,21.602230072021484
3403,2022-01-06 05:01:54,517240,20.386790990829468
3404,2022-01-06 06:01:58,517240,20.38636827468872
3405,2022-01-06 07:01:39,517240,19.91153621673584
3406,2022-01-06 09:01:07,517240,20.381993770599365
3407,2022-01-06 10:01:20,517240,20.418251752853394
3408,2022-01-06 10:01:38,517240,20.75166392326355
3409,2022-01-06 10:01:42,517240,19.650763034820557
3410,2022-01-06 11:01:01,517242,19.860748052597046
3411,2022-01-06 11:01:37,517242,20.034284830093384
3412,2022-01-06 11:01:56,517242,20.685893058776855
3413,2022-01-06 12:01:19,517242,19.252378225326538
3414,2022-01-06 01:01:08,517246,19.65807580947876
3415,2022-01-06 01:01:15,517246,20.21835207939148
3416,2022-01-06 02:01:24,517246,19.665748357772827
3417,2022-01-06 02:01:58,517247,21.072542667388916
3418,2022-01-07 05:01:04,517253,19.60171365737915
3419,2022-01-07 05:01:39,517253,20.05969524383545
3420,2022-01-07 06:01:35,517253,19.774400234222412
3421,2022-01-07 10:01:03,517253,20.34756088256836
3422,2022-01-07 11:01:09,517253,19.74530553817749
3423,2022-01-07 12:01:34,517253,20.763655185699463
3424,2022-01-07 12:01:47,517253,19.776073217391968
3425,2022-01-07 01:01:25,517254,19.52571940422058
3426,2022-01-07 01:01:48,517254,21.822956323623657
3427,2022-01-07 02:01:59,517254,21.571261882781982
3428,2022-01-07 12:01:02,517254,20.128611087799072
3429,2022-01-07 12:01:51,517254,20.346438884735107
3430,2022-01-07 04:01:38,517258,19.130030870437622
3431,2022-01-07 05:01:50,517261,21.034462928771973
3432,2022-01-07 07:01:02,517262,20.16321587562561
3433,2022-01-07 07:01:09,517263,20.521251440048218
3434,2022-01-07 09:01:06,517265,19.56864905357361
3435,2022-01-08 12:01:42,517266,20.293046712875366
3436,2022-01-08 05:01:12,517267,19.89966654777527
3437,2022-01-08 05:01:49,517267,20.369492530822754
3438,2022-01-10 04:01:32,517268,20.29187250137329
3439,2022-01-10 04:01:49,517268,19.564211130142212
3440,2022-01-10 05:01:40,517268,20.538652181625366
3441,2022-01-10 12:01:40,517268,21.02459406852722
3442,2022-01-10 06:01:34,517269,20.234378576278687
3443,2022-01-10 06:01:54,517269,21.110220193862915
3444,2022-01-10 07:01:41,517269,20.700544118881226
3445,2022-01-10 07:01:55,517269,20.337482452392578
3446,2022-01-10 09:01:29,517269,19.3160617351532
3447,2022-01-10 10:01:26,517270,21.329108238220215
3448,2022-01-10 11:01:33,517272,19.331607341766357
3449,2022-01-10 11:01:53,517272,20.36448860168457
3450,2022-01-10 11:01:07,517273,19.897167444229126
3451,2022-01-10 11:01:24,517273,19.825559377670288
3452,2022-01-10 12:01:23,517273,19.79838538169861
3453,2022-01-10 12:01:41,517273,19.34474754333496
3454,2022-01-10 01:01:31,517274,21.54585838317871
3455,2022-01-10 02:01:02,517274,19.990371704101562
3456,2022-01-10 02:01:06,517274,20.31283712387085
3457,2022-01-10 02:01:44,517274,19.80579447746277
3458,2022-01-10 02:01:53,517274,20.814913272857666
3459,2022-01-10 03:01:09,517275,19.38216805458069
3460,2022-01-10 04:01:03,517275,19.845964431762695
3461,2022-01-10 04:01:47,517275,20.121724605560303
3462,2022-01-10 05:01:04,517275,19.85256004333496
3463,2022-01-10 05:01:55,517275,19.88008213043213
3464,2022-01-10 07:01:36,517278,20.451641082763672
3465,2022-01-10 10:01:09,517284,19.370367527008057
3466,2022-01-10 10:01:20,517284,21.158329248428345
3467,2022-01-11 01:01:03,517287,19.556421756744385
3468,2022-01-11 01:01:37,517287,19.719433784484863
3469,2022-01-11 02:01:08,517287,19.95161199569702
3470,2022-01-11 02:01:21,517288,20.343048572540283
3471,2022-01-11 05:01:04,517288,21.244521856307983
3472,2022-01-11 05:01:24,517288,19.748087406158447
3473,2022-01-11 05:01:40,517288,20.380720615386963
3474,2022-01-11 05:01:43,517288,19.842629432678223
3475,2022-01-11 06:01:34,517288,19.584036350250244
3476,2022-01-11 06:01:51,517288,19.803760528564453
3477,2022-01-11 08:01:34,517288,19.55441641807556
3478,2022-01-11 08:01:57,517288,19.855908155441284
3479,2022-01-11 09:01:40,517288,21.486631870269775
3480,2022-01-11 12:01:21,517288,21.00982165336609
3481,2022-01-11 12:01:23,517288,19.596843481063843
3482,2022-01-11 01:01:10,517289,21.00433087348938
3483,2022-01-11 11:01:13,517289,19.979398250579834
3484,2022-01-11 02:01:18,517290,21.560633897781372
3485,2022-01-11 02:01:19,517290,20.152791261672974
3486,2022-01-11 02:01:19,517290,22.230757236480713
3487,2022-01-11 03:01:11,517290,21.606675624847412
3488,2022-01-11 03:01:17,517290,19.590755224227905
3489,2022-01-11 03:01:23,517290,19.715852975845337
3490,2022-01-11 03:01:35,517290,21.52593731880188
3491,2022-01-11 04:01:08,517291,20.084826707839966
3492,2022-01-11 04:01:19,517291,20.09641194343567
3493,2022-01-11 05:01:23,517293,19.784862756729126
3494,2022-01-11 08:01:29,517293,21.086986541748047
3495,2022-01-11 09:01:09,517293,19.84384822845459
3496,2022-01-11 09:01:13,517293,19.866477012634277
3497,2022-01-11 09:01:58,517293,20.599185466766357
3498,2022-01-11 09:01:47,517294,20.688886404037476
3499,2022-01-11 10:01:30,517294,20.168111085891724
3500,2022-01-12 01:01:43,517302,19.411295652389526
3501,2022-01-12 04:01:24,517306,20.43749475479126
3502,2022-01-12 05:01:55,517306,19.712979078292847
3503,2022-01-12 05:01:58,517306,19.58317494392395
3504,2022-01-12 06:01:21,517306,20.719698667526245
3505,2022-01-12 06:01:58,517306,19.56605887413025
3506,2022-01-12 07:01:53,517306,21.04287624359131
3507,2022-01-12 08:01:00,517306,21.01556420326233
3508,2022-01-12 08:01:13,517306,19.8621666431427
3509,2022-01-12 08:01:55,517306,21.168055534362793
3510,2022-01-12 09:01:05,517306,20.095651149749756
3511,2022-01-12 09:01:07,517306,19.50444459915161
3512,2022-01-12 10:01:20,517306,19.462628841400146
3513,2022-01-12 11:01:03,517306,19.834510564804077
3514,2022-01-12 11:01:58,517306,20.929510354995728
3515,2022-01-12 12:01:23,517307,19.940544366836548
3516,2022-01-12 01:01:06,517308,20.493030071258545
3517,2022-01-12 01:01:32,517308,20.17243766784668
3518,2022-01-12 01:01:55,517308,19.718592643737793
3519,2022-01-12 12:01:59,517308,20.12315058708191
3520,2022-01-12 01:01:11,517309,21.32929825782776
3521,2022-01-12 01:01:33,517309,20.343143939971924
3522,2022-01-12 02:01:06,517309,20.440486192703247
3523,2022-01-12 02:01:15,517309,20.87613558769226
3524,2022-01-12 02:01:23,517312,20.411149978637695
3525,2022-01-12 03:01:38,517315,19.59894585609436
3526,2022-01-12 03:01:11,517316,21.333427667617798
3527,2022-01-12 04:01:35,517316,20.59944438934326
3528,2022-01-12 04:01:00,517318,19.39948582649231
3529,2022-01-12 04:01:19,517318,21.290098428726196
3530,2022-01-12 04:01:31,517320,19.643668174743652
3531,2022-01-12 05:01:16,517320,19.577874898910522
3532,2022-01-12 05:01:21,517320,20.419170379638672
3533,2022-01-12 05:01:29,517320,20.559128999710083
3534,2022-01-12 05:01:16,517323,19.84499764442444
3535,2022-01-12 08:01:38,517329,19.905210256576538
3536,2022-01-12 08:01:58,517329,20.751012325286865
3537,2022-01-13 12:01:45,517332,19.917665481567383
3538,2022-01-13 12:01:54,517336,20.210768699645996
3539,2022-01-13 01:01:10,517337,21.51781964302063
3540,2022-01-13 12:01:49,517337,19.73203444480896
3541,2022-01-13 04:01:10,517342,20.17452335357666
3542,2022-01-13 05:01:01,517343,20.498278856277466
3543,2022-01-13 05:01:14,517343,22.04371404647827
3544,2022-01-13 05:01:33,517343,20.321550846099854
3545,2022-01-13 05:01:47,517343,19.878577709197998
3546,2022-01-13 06:01:11,517343,20.067806720733643
3547,2022-01-13 06:01:21,517343,19.872851610183716
3548,2022-01-13 06:01:28,517343,21.151288747787476
3549,2022-01-13 06:01:38,517343,20.19726324081421
3550,2022-01-13 06:01:51,517343,21.7006356716156
3551,2022-01-13 06:01:55,517343,20.02652406692505
3552,2022-01-13 08:01:19,517343,20.27678894996643
3553,2022-01-13 09:01:31,517344,20.25311279296875
3554,2022-01-13 09:01:40,517344,21.864125967025757
3555,2022-01-13 10:01:21,517344,20.106454133987427
3556,2022-01-13 11:01:20,517344,21.179944276809692
3557,2022-01-13 11:01:31,517344,19.49458932876587
3558,2022-01-13 12:01:58,517344,20.68279457092285
3559,2022-01-13 11:01:24,517345,19.706662893295288
3560,2022-01-13 12:01:08,517345,20.068413019180298
3561,2022-01-13 01:01:05,517347,19.96613383293152
3562,2022-01-13 01:01:11,517347,19.451443433761597
3563,2022-01-13 02:01:11,517349,19.89854621887207
3564,2022-01-13 03:01:02,517350,20.753492832183838
3565,2022-01-13 04:01:11,517351,19.578614473342896
3566,2022-01-13 07:01:26,517351,21.7400860786438
3567,2022-01-13 05:01:15,517352,19.979671716690063
3568,2022-01-13 05:01:57,517352,20.074321269989014
3569,2022-01-13 08:01:35,517352,19.436227083206177
3570,2022-01-13 05:01:13,517354,19.84473204612732
3571,2022-01-13 06:01:29,517355,20.03852152824402
3572,2022-01-13 09:01:25,517359,19.406681299209595
3573,2022-01-13 10:01:25,517360,19.550243854522705
3574,2022-01-13 11:01:00,517360,19.867294311523438
3575,2022-01-13 11:01:18,517360,20.768145084381104
3576,2022-01-14 01:01:26,517362,20.010700702667236
3577,2022-01-14 01:01:33,517362,19.397353649139404
3578,2022-01-14 02:01:03,517362,19.505136728286743
3579,2022-01-14 03:01:03,517362,20.721062421798706
3580,2022-01-14 03:01:49,517362,19.579252243041992
3581,2022-01-14 04:01:07,517362,19.856241464614868
3582,2022-01-14 04:01:30,517362,20.69053554534912
3583,2022-01-14 04:01:37,517362,19.895448207855225
3584,2022-01-14 05:01:03,517362,20.310938596725464
3585,2022-01-14 05:01:38,517362,20.444079160690308
3586,2022-01-14 06:01:27,517362,19.689297437667847
3587,2022-01-14 08:01:58,517362,20.970237970352173
3588,2022-01-14 09:01:13,517362,20.038958072662354
3589,2022-01-14 09:01:41,517362,20.2416033744812
3590,2022-01-14 10:01:08,517362,20.605849742889404
3591,2022-01-14 11:01:11,517362,20.34894347190857
3592,2022-01-14 11:01:12,517362,20.082329034805298
3593,2022-01-14 11:01:17,517362,20.922173500061035
3594,2022-01-14 11:01:32,517362,21.033974647521973
3595,2022-01-14 11:01:39,517362,19.315953969955444
3596,2022-01-14 12:01:52,517362,21.281843662261963
3597,2022-01-14 05:01:14,517364,21.38711953163147
3598,2022-01-14 05:01:56,517364,19.460757970809937
3599,2022-01-14 06:01:26,517364,19.810957670211792
3600,2022-01-14 06:01:30,517364,20.329641580581665
3601,2022-01-14 07:01:09,517364,20.256477117538452
3602,2022-01-14 07:01:32,517364,19.78610324859619
3603,2022-01-14 07:01:49,517365,20.17637324333191
3604,2022-01-14 07:01:59,517365,20.08147668838501
3605,2022-01-14 08:01:09,517365,21.497656106948853
3606,2022-01-14 09:01:05,517367,20.085843801498413
3607,2022-01-14 10:01:11,517367,20.481951475143433
3608,2022-01-14 11:01:28,517367,19.803903579711914
3609,2022-01-14 08:01:41,517368,19.433157920837402
3610,2022-01-14 11:01:05,517368,19.935503005981445
3611,2022-01-14 11:01:31,517368,20.013039588928223
3612,2022-01-15 01:01:04,517368,19.448310375213623
3613,2022-01-15 01:01:14,517368,21.037786722183228
3614,2022-01-15 01:01:29,517368,19.99070167541504
3615,2022-01-15 02:01:03,517368,20.908100128173828
3616,2022-01-15 02:01:08,517368,20.539887189865112
3617,2022-01-15 02:01:40,517368,20.96194624900818
3618,2022-01-15 03:01:45,517368,19.388386964797974
3619,2022-01-15 04:01:34,517369,20.392662286758423
3620,2022-01-15 06:01:47,517370,20.312073469161987
3621,2022-01-15 01:01:25,517372,20.10462784767151
3622,2022-01-15 04:01:15,517372,21.17423725128174
3623,2022-01-15 04:01:59,517372,20.178502559661865
3624,2022-01-15 07:01:35,517373,19.743907690048218
3625,2022-01-15 09:01:57,517373,20.221022844314575
3626,2022-01-15 10:01:15,517373,20.393490076065063
3627,2022-01-15 11:01:10,517373,21.477397441864014
3628,2022-01-16 12:01:29,517373,21.25262761116028
3629,2022-01-16 04:01:01,517374,20.64782738685608
3630,2022-01-16 10:01:59,517375,19.47786831855774
3631,2022-01-17 01:01:20,517375,21.348191022872925
3632,2022-01-17 04:01:41,517375,20.85586929321289
3633,2022-01-17 04:01:44,517375,19.767805337905884
3634,2022-01-17 05:01:39,517375,20.616134881973267
3635,2022-01-17 05:01:42,517375,19.779134511947632
3636,2022-01-17 05:01:06,517376,20.431124448776245
3637,2022-01-17 06:01:04,517376,20.715580701828003
3638,2022-01-17 06:01:03,517377,20.301777839660645
3639,2022-01-17 06:01:19,517377,19.858089685440063
3640,2022-01-17 07:01:46,517377,20.7473247051239
3641,2022-01-17 02:01:10,517379,21.72248125076294
3642,2022-01-17 10:01:14,517379,20.356850385665894
3643,2022-01-17 10:01:23,517379,19.972431182861328
3644,2022-01-17 11:01:40,517379,21.111704349517822
3645,2022-01-17 11:01:56,517379,19.7708797454834
3646,2022-01-17 12:01:45,517379,20.540767431259155
3647,2022-01-17 01:01:52,517380,19.711795568466187
3648,2022-01-17 11:01:40,517380,21.7626690864563
3649,2022-01-17 12:01:06,517380,20.88390803337097
3650,2022-01-17 02:01:02,517384,20.411232471466064
3651,2022-01-17 02:01:25,517385,20.129091024398804
3652,2022-01-17 02:01:20,517387,19.82185411453247
3653,2022-01-17 04:01:34,517389,20.384530544281006
3654,2022-01-17 04:01:55,517389,19.925684690475464
3655,2022-01-17 05:01:20,517389,21.030853271484375
3656,2022-01-17 05:01:38,517389,20.59206748008728
3657,2022-01-17 05:01:38,517389,19.763477087020874
3658,2022-01-17 07:01:03,517389,19.80660891532898
3659,2022-01-17 07:01:59,517389,19.763932704925537
3660,2022-01-17 08:01:04,517389,19.96251940727234
3661,2022-01-17 09:01:13,517389,19.459655046463013
3662,2022-01-17 09:01:34,517389,19.69205904006958
3663,2022-01-20 05:01:12,517389,20.137813806533813
3664,2022-01-20 05:01:43,517389,20.809250354766846
3665,2022-01-20 06:01:08,517389,21.067519664764404
3666,2022-01-20 06:01:46,517389,20.815330743789673
3667,2022-01-20 07:01:14,517389,20.815444469451904
3668,2022-01-20 07:01:30,517389,20.632564544677734
3669,2022-01-20 08:01:05,517389,21.564165353775024
3670,2022-01-20 08:01:45,517389,20.21764349937439
3671,2022-01-20 09:01:31,517389,20.380135774612427
3672,2022-01-20 09:01:34,517389,20.373120069503784
3673,2022-01-20 10:01:43,517389,20.004961729049683
3674,2022-01-20 10:01:47,517389,21.02371883392334
3675,2022-01-20 11:01:00,517389,20.336933851242065
3676,2022-01-20 11:01:58,517389,20.05796480178833
3677,2022-01-21 01:01:03,517389,20.449920892715454
3678,2022-01-21 01:01:46,517389,20.848283290863037
3679,2022-01-21 01:01:55,517389,20.00129747390747
3680,2022-01-21 02:01:24,517389,20.46822738647461
3681,2022-01-21 02:01:32,517389,21.372941970825195
3682,2022-01-21 03:01:13,517389,20.43743109703064
3683,2022-01-21 03:01:30,517389,21.695972442626953
3684,2022-01-21 04:01:03,517389,22.153736352920532
3685,2022-01-21 04:01:27,517389,20.272157192230225
3686,2022-01-21 05:01:28,517389,20.648195028305054
3687,2022-01-21 05:01:32,517389,20.809239625930786
3688,2022-01-21 06:01:30,517389,20.647082805633545
3689,2022-01-21 06:01:38,517389,20.233010292053223
3690,2022-01-21 07:01:16,517389,20.413389205932617
3691,2022-01-21 07:01:47,517389,20.55716347694397
3692,2022-01-21 08:01:45,517389,20.92701029777527
3693,2022-01-21 08:01:54,517389,21.56553840637207
3694,2022-01-21 09:01:04,517389,20.520851612091064
3695,2022-01-21 09:01:26,517389,20.832037687301636
3696,2022-01-21 10:01:35,517389,20.233517169952393
3697,2022-01-21 10:01:39,517389,20.068784713745117
3698,2022-01-21 11:01:21,517389,20.886637926101685
3699,2022-01-21 11:01:33,517389,19.99019169807434
3700,2022-01-21 12:01:05,517389,20.45306372642517
3701,2022-01-21 12:01:08,517389,20.387027502059937
3702,2022-01-21 12:01:36,517389,20.5325129032135
3703,2022-01-21 12:01:50,517389,20.717963695526123
3704,2022-01-17 09:01:44,517391,20.0944504737854
3705,2022-01-17 10:01:05,517391,20.261213302612305
3706,2022-01-17 10:01:15,517391,21.10262680053711
3707,2022-01-17 10:01:55,517391,20.559825897216797
3708,2022-01-18 12:01:07,517391,20.428470849990845
3709,2022-01-17 10:01:32,517392,19.939854621887207
3710,2022-01-18 12:01:32,517392,19.85068988800049
3711,2022-01-18 12:01:31,517395,19.418537139892578
3712,2022-01-18 12:01:32,517395,20.417767763137817
3713,2022-01-18 01:01:39,517398,21.08451747894287
3714,2022-01-18 02:01:45,517399,20.10870909690857
3715,2022-01-18 05:01:02,517400,20.115229845046997
3716,2022-01-18 05:01:42,517401,22.831071853637695
3717,2022-01-18 06:01:38,517401,21.945096731185913
3718,2022-01-18 06:01:52,517401,19.75204110145569
3719,2022-01-18 07:01:10,517402,20.65491247177124
3720,2022-01-18 06:01:09,517403,21.167038917541504
3721,2022-01-18 07:01:21,517403,20.251315593719482
3722,2022-01-18 06:01:33,517404,20.685943126678467
3723,2022-01-18 07:01:41,517404,20.706063985824585
3724,2022-01-18 08:01:17,517404,19.93702530860901
3725,2022-01-18 08:01:18,517404,20.652023553848267
3726,2022-01-18 08:01:04,517408,21.484583854675293
3727,2022-01-18 10:01:11,517410,19.570154428482056
3728,2022-01-18 10:01:46,517410,21.329000234603882
3729,2022-01-18 12:01:20,517411,20.173260927200317
3730,2022-01-18 12:01:26,517411,19.97422480583191
3731,2022-01-18 12:01:48,517411,20.390637397766113
3732,2022-01-18 01:01:15,517412,20.662376642227173
3733,2022-01-18 04:01:54,517413,20.09326457977295
3734,2022-01-18 04:01:23,517414,19.78435969352722
3735,2022-01-18 05:01:41,517414,20.157007455825806
3736,2022-01-18 07:01:44,517414,19.764883518218994
3737,2022-01-18 05:01:16,517416,21.33380937576294
3738,2022-01-18 08:01:23,517416,19.772963523864746
3739,2022-01-18 09:01:03,517416,19.96375036239624
3740,2022-01-18 05:01:30,517417,21.303146362304688
3741,2022-01-18 08:01:47,517417,21.415796041488647
3742,2022-01-18 10:01:19,517418,20.249796390533447
3743,2022-01-18 10:01:40,517418,20.46989607810974
3744,2022-01-18 11:01:02,517418,20.34742021560669
3745,2022-01-18 11:01:53,517421,21.608380794525146
3746,2022-01-19 12:01:20,517421,20.537105083465576
3747,2022-01-19 12:01:44,517421,20.164570331573486
3748,2022-01-19 01:01:04,517422,19.831441640853882
3749,2022-01-19 02:01:21,517422,21.07760715484619
3750,2022-01-19 02:01:44,517422,20.304935216903687
3751,2022-01-19 02:01:50,517422,20.548062086105347
3752,2022-01-19 02:01:51,517422,20.6025710105896
3753,2022-01-19 12:01:09,517422,20.74097990989685
3754,2022-01-19 01:01:13,517423,20.27258849143982
3755,2022-01-19 01:01:31,517423,19.41872525215149
3756,2022-01-19 02:01:00,517423,20.31728720664978
3757,2022-01-19 02:01:01,517423,19.947625160217285
3758,2022-01-19 02:01:58,517423,20.69627094268799
3759,2022-01-19 03:01:28,517423,20.424216508865356
3760,2022-01-19 03:01:01,517426,20.553743839263916
3761,2022-01-19 03:01:31,517426,21.564687252044678
3762,2022-01-19 03:01:46,517426,20.402793169021606
3763,2022-01-19 05:01:11,517426,20.406203269958496
3764,2022-01-19 04:01:51,517427,19.66192078590393
3765,2022-01-19 05:01:27,517427,20.636745929718018
3766,2022-01-19 05:01:38,517427,21.48404026031494
3767,2022-01-19 05:01:47,517427,21.401906728744507
3768,2022-01-19 05:01:53,517427,20.224390506744385
3769,2022-01-19 06:01:07,517427,20.466498374938965
3770,2022-01-19 06:01:21,517427,19.613290309906006
3771,2022-01-19 07:01:17,517427,20.03758955001831
3772,2022-01-19 08:01:26,517427,20.297533988952637
3773,2022-01-19 08:01:43,517427,20.773186683654785
3774,2022-01-19 06:01:13,517428,19.913278818130493
3775,2022-01-19 06:01:45,517428,20.46570611000061
3776,2022-01-19 07:01:37,517428,21.48417568206787
3777,2022-01-19 08:01:23,517428,21.63286280632019
3778,2022-01-19 07:01:48,517429,19.86207628250122
3779,2022-01-19 07:01:02,517430,19.998693466186523
3780,2022-01-19 09:01:44,517430,20.314806938171387
3781,2022-01-19 09:01:24,517431,19.80502939224243
3782,2022-01-19 09:01:33,517431,22.690428256988525
3783,2022-01-19 10:01:30,517431,20.3766987323761
3784,2022-01-19 10:01:51,517431,19.513610363006592
3785,2022-01-19 10:01:54,517431,20.582716703414917
3786,2022-01-19 11:01:28,517431,19.95221734046936
3787,2022-01-19 11:01:49,517431,19.82840657234192
3788,2022-01-19 12:01:47,517431,19.672513961791992
3789,2022-01-19 01:01:29,517432,20.231791496276855
3790,2022-01-19 01:01:57,517432,21.491573095321655
3791,2022-01-19 12:01:21,517432,20.990245819091797
3792,2022-01-19 12:01:56,517432,19.555965423583984
3793,2022-01-19 12:01:57,517432,20.223952531814575
3794,2022-01-19 01:01:32,517433,19.68919610977173
3795,2022-01-19 02:01:39,517437,20.776683807373047
3796,2022-01-19 02:01:40,517437,22.10826802253723
3797,2022-01-19 02:01:58,517437,19.969820261001587
3798,2022-01-19 03:01:49,517438,21.03364658355713
3799,2022-01-19 03:01:57,517438,20.039788484573364
3800,2022-01-19 04:01:02,517439,20.827189207077026
3801,2022-01-19 04:01:27,517441,20.810619115829468
3802,2022-01-19 04:01:28,517442,19.527035236358643
3803,2022-01-19 04:01:29,517442,19.687289714813232
3804,2022-01-19 05:01:47,517442,20.993818521499634
3805,2022-01-19 07:01:15,517446,20.015779495239258
3806,2022-01-19 08:01:17,517449,19.987882614135742
3807,2022-01-19 08:01:48,517451,19.97224497795105
3808,2022-01-19 10:01:48,517451,20.0090274810791
3809,2022-01-19 11:01:20,517458,20.59273934364319
3810,2022-01-20 01:01:06,517462,20.213156700134277
3811,2022-01-20 01:01:44,517462,20.646052837371826
3812,2022-01-20 04:01:18,517467,20.53515386581421
3813,2022-01-20 04:01:26,517468,19.32892894744873
3814,2022-01-20 04:01:14,517469,20.28022813796997
3815,2022-01-20 05:01:03,517469,21.125343561172485
3816,2022-01-20 05:01:32,517469,19.83316469192505
3817,2022-01-20 01:01:01,517470,20.5192768573761
3818,2022-01-20 01:01:43,517470,20.711644887924194
3819,2022-01-20 01:01:58,517470,20.238982915878296
3820,2022-01-20 04:01:44,517470,19.48229479789734
3821,2022-01-20 06:01:08,517470,20.727730751037598
3822,2022-01-20 06:01:27,517470,20.05593252182007
3823,2022-01-20 06:01:37,517470,20.359819412231445
3824,2022-01-20 06:01:46,517470,20.081055879592896
3825,2022-01-20 07:01:42,517470,20.55436086654663
3826,2022-01-20 08:01:21,517470,20.236876249313354
3827,2022-01-20 10:01:27,517470,19.994836568832397
3828,2022-01-20 11:01:23,517470,20.364484786987305
3829,2022-01-20 11:01:42,517470,20.145671367645264
3830,2022-01-20 12:01:15,517470,20.539300203323364
3831,2022-01-20 12:01:22,517470,20.613014459609985
3832,2022-01-20 01:01:05,517471,20.513242483139038
3833,2022-01-20 02:01:01,517471,20.27648425102234
3834,2022-01-20 02:01:17,517471,19.669027090072632
3835,2022-01-20 02:01:54,517471,19.50511074066162
3836,2022-01-20 02:01:55,517471,19.4338960647583
3837,2022-01-20 03:01:35,517472,20.55643081665039
3838,2022-01-20 03:01:17,517473,20.06492781639099
3839,2022-01-20 03:01:19,517473,20.20750665664673
3840,2022-01-20 04:01:11,517474,20.925432443618774
3841,2022-01-20 04:01:44,517474,21.316242218017578
3842,2022-01-20 05:01:01,517476,19.55660080909729
3843,2022-01-20 05:01:31,517476,19.736013889312744
3844,2022-01-20 05:01:55,517476,20.267765998840332
3845,2022-01-20 05:01:25,517478,20.047635793685913
3846,2022-01-20 06:01:45,517479,20.691107749938965
3847,2022-01-20 08:01:27,517480,19.694875478744507
3848,2022-01-20 08:01:00,517482,21.40998649597168
3849,2022-01-20 09:01:41,517483,20.667546033859253
3850,2022-01-20 09:01:54,517483,20.08033037185669
3851,2022-01-20 09:01:21,517484,19.600664138793945
3852,2022-01-20 09:01:08,517485,20.052578926086426
3853,2022-01-20 10:01:27,517489,20.146099090576172
3854,2022-01-20 11:01:11,517491,21.162992477416992
3855,2022-01-21 12:01:56,517494,19.72317099571228
3856,2022-01-21 01:01:38,517498,20.603694200515747
3857,2022-01-21 02:01:00,517500,20.07684826850891
3858,2022-01-21 02:01:38,517500,20.620057582855225
3859,2022-01-21 05:01:17,517500,20.29617142677307
3860,2022-01-21 05:01:43,517500,19.770793676376343
3861,2022-01-21 07:01:00,517500,19.57533097267151
3862,2022-01-21 07:01:28,517500,20.5962073802948
3863,2022-01-21 07:01:34,517500,19.294915676116943
3864,2022-01-21 07:01:46,517500,19.784000158309937
3865,2022-01-21 08:01:11,517500,20.164530277252197
3866,2022-01-21 09:01:49,517500,19.764215230941772
3867,2022-01-21 10:01:15,517500,19.603325605392456
3868,2022-01-21 10:01:20,517500,19.723991870880127
3869,2022-01-21 10:01:28,517500,19.85888671875
3870,2022-01-21 12:01:36,517500,20.74885392189026
3871,2022-01-21 12:01:45,517501,19.838526487350464
3872,2022-01-21 12:01:58,517501,19.8879656791687
3873,2022-01-21 01:01:13,517502,19.709752559661865
3874,2022-01-21 01:01:46,517502,20.248788833618164
3875,2022-01-21 02:01:03,517502,21.04696798324585
3876,2022-01-21 02:01:42,517502,19.33894681930542
3877,2022-01-21 02:01:56,517502,20.417696475982666
3878,2022-01-21 03:01:58,517502,19.798080682754517
3879,2022-01-21 03:01:43,517503,19.43852424621582
3880,2022-01-21 03:01:29,517504,19.745312452316284
3881,2022-01-21 04:01:03,517504,20.033835887908936
3882,2022-01-21 04:01:15,517504,20.15648651123047
3883,2022-01-21 04:01:42,517504,19.98883819580078
3884,2022-01-21 04:01:44,517505,19.870603561401367
3885,2022-01-21 05:01:20,517505,19.102351427078247
3886,2022-01-21 05:01:33,517506,20.747812032699585
3887,2022-01-21 05:01:21,517507,19.880117177963257
3888,2022-01-21 05:01:20,517508,20.222206592559814
3889,2022-01-21 06:01:25,517510,20.622782468795776
3890,2022-01-21 06:01:45,517510,20.58572554588318
3891,2022-01-21 07:01:31,517511,20.68168568611145
3892,2022-01-21 07:01:09,517515,19.985435247421265
3893,2022-01-21 08:01:12,517515,19.59889554977417
3894,2022-01-21 08:01:02,517517,21.418959140777588
3895,2022-01-21 08:01:24,517517,21.17115330696106
3896,2022-01-21 10:01:52,517520,20.580231428146362
3897,2022-01-21 10:01:15,517521,20.180453777313232
3898,2022-01-21 11:01:15,517521,20.521725177764893
3899,2022-01-22 12:01:43,517526,19.844037532806396
3900,2022-01-22 03:01:42,517535,20.63562321662903
3901,2022-01-22 04:01:57,517535,21.768988847732544
3902,2022-01-22 06:01:44,517535,20.492244720458984
3903,2022-01-22 07:01:55,517535,21.467667818069458
3904,2022-01-22 09:01:11,517535,20.009851932525635
3905,2022-01-22 08:01:57,517538,19.913517236709595
3906,2022-01-23 04:01:42,517539,21.240226984024048
3907,2022-01-23 08:01:36,517539,20.876609325408936
3908,2022-01-23 01:01:24,517540,20.091323614120483
3909,2022-01-23 01:01:28,517540,21.416488647460938
3910,2022-01-23 01:01:44,517540,19.464000701904297
3911,2022-01-23 03:01:52,517541,20.729798316955566
3912,2022-01-23 05:01:28,517541,21.558767795562744
3913,2022-01-23 08:01:07,517543,20.97772192955017
3914,2022-01-23 09:01:28,517543,20.317492723464966
3915,2022-01-23 10:01:16,517543,20.549378871917725
3916,2022-01-23 10:01:34,517543,20.891051530838013
3917,2022-01-23 11:01:57,517543,22.591527700424194
3918,2022-01-24 12:01:02,517543,20.274630546569824
3919,2022-01-24 04:01:19,517547,20.349903345108032
3920,2022-01-24 05:01:44,517547,20.749948501586914
3921,2022-01-24 05:01:17,517548,21.65328621864319
3922,2022-01-24 06:01:06,517548,20.62590193748474
3923,2022-01-24 07:01:13,517548,20.644553899765015
3924,2022-01-24 07:01:43,517548,21.76878023147583
3925,2022-01-24 05:01:07,517549,22.024664878845215
3926,2022-01-24 06:01:30,517549,20.886765003204346
3927,2022-01-24 08:01:19,517549,20.46064043045044
3928,2022-01-24 09:01:17,517550,20.757882356643677
3929,2022-01-24 09:01:58,517550,20.67668867111206
3930,2022-01-24 10:01:42,517551,19.476207971572876
3931,2022-01-24 10:01:59,517551,19.99934411048889
3932,2022-01-24 01:01:14,517552,21.169641733169556
3933,2022-01-24 02:01:17,517552,20.13357901573181
3934,2022-01-24 02:01:19,517552,20.476817846298218
3935,2022-01-24 11:01:22,517552,21.79542589187622
3936,2022-01-24 11:01:40,517552,22.45257043838501
3937,2022-01-24 11:01:52,517552,19.78869080543518
3938,2022-01-24 12:01:21,517552,20.47949504852295
3939,2022-01-24 12:01:14,517553,20.21784543991089
3940,2022-01-24 01:01:04,517554,20.151644229888916
3941,2022-01-24 01:01:22,517555,20.431743144989014
3942,2022-01-24 01:01:29,517555,20.675161123275757
3943,2022-01-24 02:01:21,517555,20.206342458724976
3944,2022-01-24 02:01:28,517555,19.968487977981567
3945,2022-01-24 02:01:26,517556,20.690706491470337
3946,2022-01-24 02:01:46,517556,20.142493963241577
3947,2022-01-24 02:01:50,517556,20.18911838531494
3948,2022-01-24 03:01:38,517556,19.75477433204651
3949,2022-01-24 03:01:47,517556,21.09095549583435
3950,2022-01-24 05:01:49,517556,19.830808401107788
3951,2022-01-24 04:01:22,517559,21.706478357315063
3952,2022-01-24 05:01:53,517559,19.997286319732666
3953,2022-01-24 06:01:21,517561,19.9939124584198
3954,2022-01-24 07:01:00,517561,19.691357374191284
3955,2022-01-24 08:01:05,517561,19.969383478164673
3956,2022-01-24 07:01:01,517562,20.566439151763916
3957,2022-01-24 08:01:23,517563,19.815783500671387
3958,2022-01-24 09:01:17,517564,20.025824785232544
3959,2022-01-24 09:01:35,517564,19.90735149383545
3960,2022-01-24 09:01:46,517564,20.838821411132812
3961,2022-01-25 01:01:25,517568,19.654656887054443
3962,2022-01-25 01:01:38,517568,19.865453243255615
3963,2022-01-25 01:01:38,517568,20.572645902633667
3964,2022-01-25 02:01:35,517568,20.085436582565308
3965,2022-01-25 05:01:03,517573,21.21356773376465
3966,2022-01-25 05:01:47,517573,20.3470561504364
3967,2022-01-25 06:01:07,517573,20.080430269241333
3968,2022-01-25 07:01:04,517574,19.51147174835205
3969,2022-01-25 07:01:15,517574,21.63532280921936
3970,2022-01-25 07:01:51,517574,19.970199584960938
3971,2022-01-25 08:01:26,517574,20.25089979171753
3972,2022-01-25 08:01:54,517574,19.66740345954895
3973,2022-01-25 09:01:41,517574,19.767571210861206
3974,2022-01-25 10:01:39,517575,19.59803295135498
3975,2022-01-25 12:01:24,517577,20.70263695716858
3976,2022-01-25 01:01:21,517578,20.062493562698364
3977,2022-01-25 01:01:21,517578,20.49513554573059
3978,2022-01-25 01:01:51,517578,19.722195863723755
3979,2022-01-25 02:01:00,517580,19.835877180099487
3980,2022-01-25 03:01:14,517580,20.04121446609497
3981,2022-01-25 03:01:36,517580,20.29263949394226
3982,2022-01-25 03:01:37,517580,19.467921018600464
3983,2022-01-25 04:01:06,517580,19.827762842178345
3984,2022-01-25 04:01:13,517580,20.264270305633545
3985,2022-01-25 04:01:21,517580,20.19943070411682
3986,2022-01-25 04:01:29,517580,19.492355823516846
3987,2022-01-25 04:01:36,517580,19.950082778930664
3988,2022-01-25 04:01:43,517580,19.90659809112549
3989,2022-01-25 05:01:22,517580,20.123069047927856
3990,2022-01-25 05:01:27,517580,20.434950828552246
3991,2022-01-25 05:01:59,517580,19.52958655357361
3992,2022-01-25 06:01:07,517582,19.76282835006714
3993,2022-01-25 06:01:09,517582,20.05793261528015
3994,2022-01-25 07:01:00,517582,20.24394965171814
3995,2022-01-25 07:01:49,517582,21.028829097747803
3996,2022-01-25 07:01:52,517582,19.16912007331848
3997,2022-01-25 07:01:55,517582,19.591470956802368
3998,2022-01-25 08:01:53,517582,20.244858980178833
3999,2022-01-25 08:01:21,517583,19.619295835494995
4000,2022-01-25 08:01:24,517583,20.21003270149231
4001,2022-01-25 08:01:33,517583,19.85107946395874
4002,2022-01-25 09:01:35,517583,20.852299213409424
4003,2022-01-25 09:01:35,517583,20.172227144241333
4004,2022-01-25 09:01:59,517583,20.646865129470825
4005,2022-01-25 09:01:46,517584,19.15020442008972
4006,2022-01-25 10:01:16,517586,19.631924629211426
4007,2022-01-25 10:01:19,517586,21.040048122406006
4008,2022-01-25 11:01:07,517588,19.78085207939148
4009,2022-01-25 11:01:38,517588,19.919767141342163
4010,2022-01-26 02:01:07,517597,20.254117012023926
4011,2022-01-26 06:01:06,517600,20.14792823791504
4012,2022-01-26 06:01:34,517600,19.42825412750244
4013,2022-01-26 09:01:39,517600,19.58772373199463
4014,2022-01-26 09:01:00,517601,19.89734697341919
4015,2022-01-26 10:01:04,517602,19.378804445266724
4016,2022-01-26 10:01:10,517602,21.242781162261963
4017,2022-01-26 10:01:45,517602,19.73441433906555
4018,2022-01-26 11:01:27,517602,20.249023914337158
4019,2022-01-26 11:01:56,517602,19.660481214523315
4020,2022-01-26 11:01:48,517603,20.07499051094055
4021,2022-01-26 11:01:53,517603,20.046751499176025
4022,2022-01-26 11:01:31,517604,20.81874656677246
4023,2022-01-26 01:01:26,517606,19.507524490356445
4024,2022-01-26 01:01:33,517606,21.448290824890137
4025,2022-01-26 11:01:53,517606,19.500110864639282
4026,2022-01-26 12:01:18,517606,19.499472856521606
4027,2022-01-26 12:01:56,517606,19.961054801940918
4028,2022-01-26 02:01:09,517607,21.562458753585815
4029,2022-01-26 02:01:32,517607,20.12061595916748
4030,2022-01-26 03:01:42,517608,19.274170398712158
4031,2022-01-26 03:01:53,517608,19.76664113998413
4032,2022-01-26 03:01:49,517610,21.12934136390686
4033,2022-01-26 03:01:18,517611,20.27748727798462
4034,2022-01-26 07:01:55,517619,19.26533532142639
4035,2022-01-26 08:01:51,517619,19.919351816177368
4036,2022-01-26 08:01:23,517620,19.74835228919983
4037,2022-01-27 03:01:28,517627,20.866790771484375
4038,2022-01-27 01:01:21,517628,20.343831062316895
4039,2022-01-27 01:01:28,517628,19.920583486557007
4040,2022-01-27 01:01:36,517628,19.814730405807495
4041,2022-01-27 01:01:39,517628,20.106542110443115
4042,2022-01-27 01:01:56,517628,19.266572952270508
4043,2022-01-27 01:01:59,517628,19.923546314239502
4044,2022-01-27 02:01:16,517628,19.47563362121582
4045,2022-01-27 05:01:11,517628,19.530996322631836
4046,2022-01-27 05:01:47,517628,19.89815354347229
4047,2022-01-27 06:01:08,517628,19.810112476348877
4048,2022-01-27 06:01:21,517628,19.452561616897583
4049,2022-01-27 07:01:11,517628,20.15171194076538
4050,2022-01-27 08:01:50,517628,19.530324459075928
4051,2022-01-27 10:01:04,517628,20.308290243148804
4052,2022-01-27 10:01:13,517628,20.15655207633972
4053,2022-01-27 11:01:30,517628,20.091121673583984
4054,2022-01-27 11:01:50,517628,19.444270133972168
4055,2022-01-27 12:01:23,517628,20.737654209136963
4056,2022-01-27 02:01:16,517629,19.55606985092163
4057,2022-01-27 02:01:19,517629,19.83336567878723
4058,2022-01-27 02:01:23,517629,20.35846209526062
4059,2022-01-27 02:01:23,517629,19.44380474090576
4060,2022-01-27 05:01:18,517630,19.869444131851196
4061,2022-01-27 06:01:22,517630,19.480184078216553
4062,2022-01-27 06:01:04,517631,20.98284363746643
4063,2022-01-27 06:01:57,517633,21.011479377746582
4064,2022-01-27 07:01:00,517633,19.28645133972168
4065,2022-01-27 07:01:17,517633,19.331780195236206
4066,2022-01-27 08:01:31,517635,19.62852191925049
4067,2022-01-27 10:01:50,517635,19.328988313674927
4068,2022-01-27 11:01:25,517635,19.75509262084961
4069,2022-01-27 11:01:26,517635,19.64897847175598
4070,2022-01-28 12:01:31,517636,19.528064250946045
4071,2022-01-28 12:01:06,517637,20.00418448448181
4072,2022-01-28 01:01:29,517640,19.421982288360596
4073,2022-01-28 01:01:28,517642,19.571080923080444
4074,2022-01-28 02:01:46,517643,19.61847972869873
4075,2022-01-28 02:01:37,517644,19.567115545272827
4076,2022-01-28 02:01:10,517645,20.336371421813965
4077,2022-01-28 03:01:02,517646,20.105398416519165
4078,2022-01-28 03:01:40,517647,20.148576498031616
4079,2022-01-28 06:01:22,517649,20.072935819625854
4080,2022-01-28 07:01:58,517649,19.659022092819214
4081,2022-01-28 08:01:06,517650,20.555180549621582
4082,2022-01-28 09:01:27,517651,19.69597291946411
4083,2022-01-28 10:01:14,517651,19.814343690872192
4084,2022-01-28 10:01:33,517651,19.72800040245056
4085,2022-01-28 10:01:36,517651,19.867781400680542
4086,2022-01-28 11:01:55,517651,20.348834991455078
4087,2022-01-28 11:01:06,517652,19.953917264938354
4088,2022-01-28 11:01:07,517652,19.983084440231323
4089,2022-01-28 11:01:13,517652,20.588424921035767
4090,2022-01-28 11:01:59,517652,19.941356658935547
4091,2022-01-28 12:01:09,517652,22.187160968780518
4092,2022-01-28 12:01:18,517652,19.995240688323975
4093,2022-01-28 02:01:44,517653,19.615559101104736
4094,2022-01-28 01:01:03,517654,19.773146867752075
4095,2022-01-28 02:01:15,517654,20.2397141456604
4096,2022-01-28 02:01:06,517656,19.72239899635315
4097,2022-01-28 05:01:19,517661,19.573925256729126
4098,2022-01-28 06:01:35,517663,20.000131368637085
4099,2022-01-28 06:01:38,517663,19.9190411567688
4100,2022-01-28 06:01:33,517664,20.476610898971558
4101,2022-01-28 07:01:03,517665,20.34658432006836
4102,2022-01-28 07:01:15,517665,19.77314043045044
4103,2022-01-28 08:01:57,517665,20.91290020942688
4104,2022-01-28 09:01:41,517665,19.620124578475952
4105,2022-01-28 09:01:47,517665,19.709659337997437
4106,2022-01-28 10:01:09,517665,20.019278049468994
4107,2022-01-28 10:01:48,517665,20.04404354095459
4108,2022-01-28 10:01:56,517665,19.54732370376587
4109,2022-01-29 12:01:04,517665,19.862698554992676
4110,2022-01-29 12:01:11,517665,20.097814559936523
4111,2022-01-29 12:01:16,517665,20.319677114486694
4112,2022-01-29 12:01:47,517665,21.532975673675537
4113,2022-01-28 09:01:16,517667,19.757871389389038
4114,2022-01-28 09:01:08,517668,20.359347343444824
4115,2022-01-28 10:01:06,517669,19.615273237228394
4116,2022-01-28 10:01:29,517669,19.875975847244263
4117,2022-01-28 11:01:18,517670,19.217207670211792
4118,2022-01-29 01:01:42,517673,20.898870944976807
4119,2022-01-29 01:01:53,517673,20.08504867553711
4120,2022-01-29 08:01:47,517676,20.368741512298584
4121,2022-01-29 01:01:12,517677,20.59498381614685
4122,2022-01-29 02:01:46,517677,21.480145931243896
4123,2022-01-30 04:01:05,517678,21.990314483642578
4124,2022-01-30 04:01:57,517678,19.379672527313232
4125,2022-01-30 12:01:00,517678,21.00629734992981
4126,2022-01-30 12:01:28,517678,19.990994691848755
4127,2022-01-30 12:01:42,517679,19.97725486755371
4128,2022-01-30 12:01:54,517679,19.66807723045349
4129,2022-01-30 05:01:10,517680,19.92282009124756
4130,2022-01-31 11:01:49,517686,19.47069501876831
4131,2022-01-31 10:01:18,517687,19.946500539779663
4132,2022-01-31 01:01:38,517688,20.558186531066895
4133,2022-01-31 02:01:41,517688,19.92759132385254
4134,2022-01-31 12:01:26,517688,20.05275797843933
4135,2022-01-31 12:01:45,517688,19.729942321777344
4136,2022-01-31 01:01:26,517689,19.828434467315674
4137,2022-01-31 01:01:59,517689,20.109426736831665
4138,2022-01-31 02:01:19,517689,21.57029128074646
4139,2022-01-31 02:01:31,517689,19.84848427772522
4140,2022-01-31 04:01:39,517689,21.12749934196472
4141,2022-01-31 06:01:16,517689,20.043028116226196
4142,2022-01-31 06:01:16,517689,20.01559853553772
4143,2022-01-31 06:01:20,517689,19.73526358604431
4144,2022-01-31 06:01:24,517689,19.815951824188232
4145,2022-01-31 06:01:32,517689,20.27653193473816
4146,2022-01-31 06:01:33,517689,20.67865800857544
4147,2022-01-31 02:01:02,517690,19.62022829055786
4148,2022-01-31 02:01:23,517690,19.581029176712036
4149,2022-01-31 04:01:39,517690,20.39804697036743
4150,2022-01-31 05:01:02,517690,20.185333251953125
4151,2022-01-31 05:01:22,517690,20.157880306243896
4152,2022-01-31 05:01:25,517690,19.48922038078308
4153,2022-01-31 05:01:38,517690,19.281940937042236
4154,2022-01-31 05:01:52,517690,19.560572147369385
4155,2022-01-31 05:01:55,517690,20.10743474960327
4156,2022-01-31 05:01:50,517691,19.619512796401978
4157,2022-01-31 07:01:16,517691,19.461427211761475
4158,2022-01-31 07:01:49,517691,19.338505744934082
4159,2022-01-31 07:01:38,517692,20.0816593170166
4160,2022-01-31 08:01:16,517693,19.581173181533813
4161,2022-01-31 09:01:26,517693,20.366759061813354
4162,2022-01-31 09:01:34,517693,19.627894163131714
4163,2022-01-31 09:01:48,517693,19.487043857574463
4164,2022-01-31 10:01:39,517693,19.748668670654297
4165,2022-01-31 11:01:26,517693,19.851117849349976
4166,2022-02-01 12:02:24,517693,20.46336793899536
4167,2022-02-01 12:02:49,517693,20.313544988632202
4168,2022-01-31 10:01:56,517695,19.53194546699524
4169,2022-02-01 01:02:21,517704,19.871236085891724
4170,2022-02-01 05:02:57,517704,19.925304412841797
4171,2022-02-01 06:02:08,517704,19.78548550605774
4172,2022-02-01 07:02:06,517704,20.498338222503662
4173,2022-02-01 09:02:36,517704,19.40114188194275
4174,2022-02-01 10:02:38,517704,20.003704071044922
4175,2022-02-01 11:02:01,517704,19.677868843078613
4176,2022-02-01 11:02:46,517704,21.53827166557312
4177,2022-02-01 12:02:02,517704,21.681474685668945
4178,2022-02-01 12:02:14,517704,19.70095419883728
4179,2022-02-01 01:02:58,517705,20.184518337249756
4180,2022-02-01 12:02:29,517705,20.28058934211731
4181,2022-02-01 02:02:11,517706,20.683944702148438
4182,2022-02-01 03:02:11,517706,20.20207118988037
4183,2022-02-01 02:02:57,517707,20.659123420715332
4184,2022-02-01 04:02:08,517709,19.965941667556763
4185,2022-02-01 04:02:13,517710,19.695192575454712
4186,2022-02-01 07:02:50,517714,19.619077682495117
4187,2022-02-01 08:02:27,517714,20.24495220184326
4188,2022-02-01 07:02:12,517715,20.091774702072144
4189,2022-02-01 08:02:04,517716,20.171926975250244
4190,2022-02-01 08:02:51,517716,19.48241353034973
4191,2022-02-01 09:02:12,517719,20.02277684211731
4192,2022-02-01 10:02:58,517720,19.850961208343506
4193,2022-02-01 10:02:34,517721,20.079447984695435
4194,2022-02-02 01:02:02,517721,20.074689388275146
4195,2022-02-02 12:02:26,517721,20.259745359420776
4196,2022-02-02 02:02:28,517722,20.384482860565186
4197,2022-02-02 03:02:27,517723,19.615047693252563
4198,2022-02-02 04:02:59,517723,21.463132619857788
4199,2022-02-02 06:02:32,517723,19.610186100006104
4200,2022-02-02 09:02:07,517723,19.904613971710205
4201,2022-02-02 09:02:28,517723,19.67480206489563
4202,2022-02-02 10:02:02,517723,20.56108784675598
4203,2022-02-02 11:02:16,517723,20.09780502319336
4204,2022-02-02 11:02:52,517723,20.669869899749756
4205,2022-02-02 12:02:01,517723,19.909051418304443
4206,2022-02-02 12:02:26,517724,19.99065113067627
4207,2022-02-02 12:02:36,517725,19.748875379562378
4208,2022-02-02 03:02:07,517730,19.66770315170288
4209,2022-02-02 03:02:18,517730,21.77207589149475
4210,2022-02-02 05:02:19,517731,20.64237141609192
4211,2022-02-02 05:02:29,517731,20.00883388519287
4212,2022-02-02 06:02:34,517731,20.61239457130432
4213,2022-02-02 06:02:55,517731,19.769442796707153
4214,2022-02-02 06:02:56,517731,19.872575759887695
4215,2022-02-02 05:02:53,517732,19.73729109764099
4216,2022-02-02 06:02:31,517732,21.907814025878906
4217,2022-02-02 07:02:04,517732,20.456040859222412
4218,2022-02-02 07:02:41,517733,20.328954219818115
4219,2022-02-02 07:02:24,517736,19.528454065322876
4220,2022-02-02 08:02:54,517736,20.221869230270386
4221,2022-02-02 10:02:05,517738,19.769875049591064
4222,2022-02-02 10:02:08,517738,19.505040645599365
4223,2022-02-02 10:02:17,517738,19.28865933418274
4224,2022-02-02 11:02:02,517738,20.17620587348938
4225,2022-02-02 11:02:53,517738,19.963303565979004
4226,2022-02-03 12:02:30,517738,21.320566177368164
4227,2022-02-03 01:02:54,517742,20.254433631896973
4228,2022-02-03 01:02:22,517749,21.367689609527588
4229,2022-02-03 08:02:14,517749,21.650282859802246
4230,2022-02-03 08:02:59,517749,19.975465297698975
4231,2022-02-03 09:02:08,517749,20.188122034072876
4232,2022-02-03 09:02:09,517749,19.63289475440979
4233,2022-02-03 10:02:12,517749,20.501505374908447
4234,2022-02-03 10:02:32,517749,19.59461283683777
4235,2022-02-03 11:02:15,517749,19.593926191329956
4236,2022-02-03 12:02:15,517749,20.27183198928833
4237,2022-02-03 12:02:23,517749,20.296058654785156
4238,2022-02-03 12:02:40,517749,20.199125051498413
4239,2022-02-03 01:02:10,517750,20.082801818847656
4240,2022-02-03 12:02:00,517750,19.90323805809021
4241,2022-02-03 02:02:10,517751,19.69166398048401
4242,2022-02-03 02:02:13,517752,20.654770135879517
4243,2022-02-03 02:02:33,517752,20.383527040481567
4244,2022-02-03 03:02:48,517752,19.8001925945282
4245,2022-02-03 03:02:49,517753,19.915777683258057
4246,2022-02-03 04:02:58,517754,19.947970628738403
4247,2022-02-03 04:02:06,517755,19.508381605148315
4248,2022-02-03 04:02:35,517755,19.217915773391724
4249,2022-02-03 05:02:19,517756,19.78278350830078
4250,2022-02-03 05:02:19,517756,19.526790857315063
4251,2022-02-03 05:02:24,517756,19.42579483985901
4252,2022-02-03 05:02:43,517756,19.47074604034424
4253,2022-02-03 08:02:43,517760,19.153618574142456
4254,2022-02-03 08:02:32,517761,20.31221318244934
4255,2022-02-03 08:02:12,517763,20.32885980606079
4256,2022-02-03 08:02:36,517763,19.59886407852173
4257,2022-02-03 10:02:38,517765,19.55823302268982
4258,2022-02-04 03:02:15,517768,20.035540342330933
4259,2022-02-04 03:02:50,517770,20.200897693634033
4260,2022-02-04 04:02:13,517770,21.707680463790894
4261,2022-02-04 04:02:47,517770,19.876498460769653
4262,2022-02-04 05:02:55,517771,20.45860981941223
4263,2022-02-04 07:02:57,517771,20.318344354629517
4264,2022-02-04 08:02:26,517771,19.80652093887329
4265,2022-02-04 10:02:01,517772,19.849960327148438
4266,2022-02-04 10:02:33,517773,20.02172040939331
4267,2022-02-04 10:02:47,517773,20.36847448348999
4268,2022-02-04 11:02:10,517773,19.855382204055786
4269,2022-02-04 11:02:41,517773,21.134801864624023
4270,2022-02-04 01:02:57,517774,20.424803972244263
4271,2022-02-04 11:02:06,517774,20.146469593048096
4272,2022-02-04 11:02:26,517774,20.350304126739502
4273,2022-02-04 12:02:08,517774,20.134543657302856
4274,2022-02-04 12:02:12,517774,19.94491720199585
4275,2022-02-04 12:02:29,517774,19.91932988166809
4276,2022-02-04 01:02:15,517776,20.61173963546753
4277,2022-02-04 02:02:02,517777,20.36979079246521
4278,2022-02-04 02:02:44,517777,20.18606448173523
4279,2022-02-04 01:02:33,517778,19.611083030700684
4280,2022-02-04 02:02:50,517779,19.722541093826294
4281,2022-02-04 03:02:15,517782,20.492835521697998
4282,2022-02-04 04:02:20,517783,19.83598756790161
4283,2022-02-04 05:02:15,517786,19.743274450302124
4284,2022-02-04 05:02:32,517787,19.397037982940674
4285,2022-02-04 07:02:05,517787,20.067226886749268
4286,2022-02-04 07:02:37,517787,19.730679035186768
4287,2022-02-04 07:02:42,517788,20.18799328804016
4288,2022-02-04 07:02:13,517789,19.573758840560913
4289,2022-02-04 08:02:32,517789,19.52826499938965
4290,2022-02-04 08:02:40,517789,19.57261872291565
4291,2022-02-04 08:02:44,517789,20.01518988609314
4292,2022-02-04 08:02:58,517789,20.514622688293457
4293,2022-02-04 08:02:39,517790,20.483651399612427
4294,2022-02-04 09:02:36,517790,20.415902614593506
4295,2022-02-04 11:02:34,517792,20.350645303726196
4296,2022-02-05 12:02:32,517795,20.222491025924683
4297,2022-02-05 04:02:41,517799,19.668055772781372
4298,2022-02-05 05:02:22,517800,19.81261944770813
4299,2022-02-05 09:02:19,517800,19.695854902267456
4300,2022-02-06 02:02:26,517801,19.93215823173523
4301,2022-02-06 07:02:17,517801,20.734193801879883
4302,2022-02-06 09:02:46,517801,19.387060165405273
4303,2022-02-07 05:02:18,517801,20.415372848510742
4304,2022-02-07 05:02:46,517801,19.678511142730713
4305,2022-02-07 05:02:47,517801,20.778008460998535
4306,2022-02-07 06:02:33,517802,19.892341375350952
4307,2022-02-07 06:02:40,517802,19.437743425369263
4308,2022-02-07 07:02:57,517802,20.340214252471924
4309,2022-02-07 08:02:49,517802,19.416831731796265
4310,2022-02-07 09:02:04,517802,19.445845365524292
4311,2022-02-07 09:02:50,517802,19.57946801185608
4312,2022-02-07 10:02:33,517802,19.488353967666626
4313,2022-02-07 12:02:04,517803,19.870103359222412
4314,2022-02-07 12:02:58,517803,19.63807487487793
4315,2022-02-07 01:02:10,517804,20.39373016357422
4316,2022-02-07 01:02:48,517804,20.756332874298096
4317,2022-02-07 01:02:54,517804,19.87073254585266
4318,2022-02-07 02:02:43,517804,19.840251922607422
4319,2022-02-07 12:02:24,517804,19.845727682113647
4320,2022-02-07 02:02:22,517805,20.105659246444702
4321,2022-02-07 02:02:26,517805,20.03825807571411
4322,2022-02-07 02:02:27,517805,20.17228627204895
4323,2022-02-07 02:02:31,517805,20.25057625770569
4324,2022-02-08 07:02:25,517805,20.69423818588257
4325,2022-02-07 03:02:34,517806,19.119992971420288
4326,2022-02-07 03:02:36,517806,19.678701162338257
4327,2022-02-07 05:02:32,517806,20.085453033447266
4328,2022-02-07 05:02:49,517806,20.345210552215576
4329,2022-02-07 05:02:50,517806,19.552907705307007
4330,2022-02-07 07:02:37,517806,19.537455797195435
4331,2022-02-07 07:02:52,517806,19.957282304763794
4332,2022-02-07 07:02:57,517806,20.0822856426239
4333,2022-02-07 08:02:17,517807,20.745362043380737
4334,2022-02-07 08:02:04,517809,19.54752492904663
4335,2022-02-07 09:02:46,517810,19.993414640426636
4336,2022-02-07 09:02:37,517811,20.522661924362183
4337,2022-02-07 09:02:51,517812,20.05449652671814
4338,2022-02-07 11:02:41,517815,20.540231704711914
4339,2022-02-07 11:02:43,517816,20.33794927597046
4340,2022-02-08 12:02:27,517816,22.128140926361084
4341,2022-02-08 01:02:19,517820,19.45651626586914
4342,2022-02-08 03:02:53,517822,19.201817989349365
4343,2022-02-08 04:02:18,517823,19.837865591049194
4344,2022-02-08 04:02:16,517824,19.662113666534424
4345,2022-02-08 05:02:09,517824,19.410578727722168
4346,2022-02-08 06:02:26,517825,19.322970151901245
4347,2022-02-08 06:02:35,517825,20.316458463668823
4348,2022-02-08 10:02:10,517831,19.996463298797607
4349,2022-02-08 10:02:45,517832,20.31885576248169
4350,2022-02-08 11:02:57,517832,20.813852787017822
4351,2022-02-08 01:02:25,517833,19.61911392211914
4352,2022-02-08 01:02:40,517833,19.38677740097046
4353,2022-02-08 03:02:17,517835,20.394778728485107
4354,2022-02-08 08:02:08,517836,19.07868480682373
4355,2022-02-08 08:02:30,517836,19.801587343215942
4356,2022-02-08 09:02:03,517836,20.447383165359497
4357,2022-02-08 09:02:52,517836,19.63626217842102
4358,2022-02-08 10:02:19,517836,19.3331241607666
4359,2022-02-08 10:02:41,517836,19.965402126312256
4360,2022-02-08 11:02:03,517836,20.396089553833008
4361,2022-02-08 11:02:16,517837,19.534454822540283
4362,2022-02-08 11:02:29,517837,20.139830350875854
4363,2022-02-08 11:02:53,517837,19.744685411453247
4364,2022-02-09 12:02:21,517837,19.647076845169067
4365,2022-02-09 01:02:02,517838,20.49881625175476
4366,2022-02-09 01:02:11,517838,20.532228469848633
4367,2022-02-09 01:02:57,517838,19.885900497436523
4368,2022-02-09 01:02:57,517838,19.19257664680481
4369,2022-02-09 02:02:52,517838,20.193286180496216
4370,2022-02-09 12:02:29,517838,19.87590503692627
4371,2022-02-09 12:02:39,517838,21.85845947265625
4372,2022-02-09 12:02:39,517838,19.768217086791992
4373,2022-02-09 02:02:36,517839,19.473367929458618
4374,2022-02-09 02:02:24,517840,19.835259675979614
4375,2022-02-09 02:02:46,517840,19.22392511367798
4376,2022-02-09 02:02:48,517840,20.12048029899597
4377,2022-02-09 02:02:56,517840,21.49585461616516
4378,2022-02-09 03:02:08,517840,20.988797426223755
4379,2022-02-09 03:02:53,517840,20.118497371673584
4380,2022-02-09 04:02:33,517840,20.764124870300293
4381,2022-02-09 03:02:59,517843,20.11162495613098
4382,2022-02-09 04:02:11,517843,19.283387660980225
4383,2022-02-09 04:02:50,517843,19.42879009246826
4384,2022-02-09 05:02:54,517843,19.238932847976685
4385,2022-02-09 05:02:24,517844,19.369691133499146
4386,2022-02-09 06:02:21,517844,19.569623708724976
4387,2022-02-09 06:02:35,517845,19.828466415405273
4388,2022-02-09 06:02:53,517845,19.275315523147583
4389,2022-02-09 09:02:12,517850,19.80484652519226
4390,2022-02-09 09:02:53,517850,19.464357376098633
4391,2022-02-09 11:02:48,517851,20.24356985092163
4392,2022-02-09 01:02:27,517852,20.141928911209106
4393,2022-02-09 01:02:35,517852,19.297473430633545
4394,2022-02-09 12:02:29,517852,20.27873182296753
4395,2022-02-09 01:02:25,517853,20.295909643173218
4396,2022-02-09 01:02:30,517855,20.89323377609253
4397,2022-02-09 02:02:17,517856,21.742019653320312
4398,2022-02-09 02:02:28,517856,21.431686639785767
4399,2022-02-09 05:02:01,517861,19.821953058242798
4400,2022-02-09 05:02:30,517861,20.224660396575928
4401,2022-02-09 06:02:32,517863,19.85994601249695
4402,2022-02-09 07:02:50,517863,21.888895511627197
4403,2022-02-09 07:02:17,517864,19.799888610839844
4404,2022-02-09 10:02:05,517868,20.97150206565857
4405,2022-02-09 10:02:24,517868,19.90027666091919
4406,2022-02-09 10:02:32,517868,20.88643169403076
4407,2022-02-09 10:02:56,517868,19.72872233390808
4408,2022-02-09 11:02:22,517869,19.8431613445282
4409,2022-02-10 02:02:09,517872,19.733020067214966
4410,2022-02-10 03:02:53,517872,19.971681594848633
4411,2022-02-10 05:02:47,517873,20.109910011291504
4412,2022-02-10 05:02:20,517875,19.501675605773926
4413,2022-02-10 06:02:48,517875,20.601544857025146
4414,2022-02-10 06:02:36,517876,19.204909324645996
4415,2022-02-10 06:02:59,517876,21.00380778312683
4416,2022-02-10 09:02:31,517878,19.57533288002014
4417,2022-02-10 10:02:30,517878,19.597156047821045
4418,2022-02-10 11:02:50,517878,19.267873764038086
4419,2022-02-10 11:02:56,517878,20.187267541885376
4420,2022-02-10 12:02:54,517878,20.654473781585693
4421,2022-02-10 12:02:52,517879,19.734811305999756
4422,2022-02-10 12:02:56,517879,20.101813793182373
4423,2022-02-10 01:02:10,517881,19.654637575149536
4424,2022-02-10 01:02:36,517881,19.68562412261963
4425,2022-02-10 01:02:54,517882,19.83722758293152
4426,2022-02-10 02:02:43,517883,20.244332551956177
4427,2022-02-10 03:02:25,517885,19.73884153366089
4428,2022-02-10 03:02:55,517885,20.240089178085327
4429,2022-02-10 03:02:52,517886,19.953194618225098
4430,2022-02-10 07:02:02,517888,19.627612590789795
4431,2022-02-10 07:02:08,517888,20.06916069984436
4432,2022-02-10 07:02:09,517890,19.75947594642639
4433,2022-02-10 08:02:24,517890,19.81593418121338
4434,2022-02-10 08:02:05,517891,20.02018666267395
4435,2022-02-10 08:02:58,517892,19.440680503845215
4436,2022-02-10 09:02:24,517894,20.63036298751831
4437,2022-02-10 10:02:52,517895,19.454843759536743
4438,2022-02-10 11:02:56,517896,19.568390369415283
4439,2022-02-11 12:02:59,517897,20.342370748519897
4440,2022-02-11 01:02:08,517898,20.769001960754395
4441,2022-02-11 12:02:51,517898,20.15682029724121
4442,2022-02-11 01:02:08,517902,19.333773612976074
4443,2022-02-11 01:02:20,517902,20.3047878742218
4444,2022-02-11 01:02:37,517902,20.66939353942871
4445,2022-02-11 02:02:30,517902,20.64346194267273
4446,2022-02-11 06:02:06,517902,19.19607424736023
4447,2022-02-11 07:02:09,517902,19.729636192321777
4448,2022-02-11 07:02:59,517902,20.28689432144165
4449,2022-02-11 09:02:02,517902,19.382370948791504
4450,2022-02-11 09:02:12,517902,19.956949710845947
4451,2022-02-11 09:02:29,517902,20.285573482513428
4452,2022-02-11 09:02:38,517902,19.333173990249634
4453,2022-02-11 09:02:45,517902,19.36897921562195
4454,2022-02-11 10:02:26,517902,20.005131244659424
4455,2022-02-11 10:02:40,517902,19.45275616645813
4456,2022-02-11 12:02:11,517902,19.265774488449097
4457,2022-02-11 12:02:14,517902,19.279953479766846
4458,2022-02-11 12:02:50,517902,19.573529958724976
4459,2022-02-11 12:02:51,517902,21.304984092712402
4460,2022-02-11 02:02:20,517903,19.569922924041748
4461,2022-02-11 02:02:36,517904,19.770267724990845
4462,2022-02-11 02:02:07,517905,19.883142948150635
4463,2022-02-11 02:02:23,517905,19.360365629196167
4464,2022-02-11 02:02:43,517905,20.601361989974976
4465,2022-02-11 03:02:00,517905,19.573597192764282
4466,2022-02-11 03:02:15,517905,19.523374319076538
4467,2022-02-11 03:02:26,517906,19.673807382583618
4468,2022-02-11 05:02:00,517910,20.178054571151733
4469,2022-02-11 05:02:06,517910,19.520487785339355
4470,2022-02-11 06:02:44,517912,19.69294047355652
4471,2022-02-11 07:02:47,517912,19.6750910282135
4472,2022-02-11 08:02:41,517912,19.472661018371582
4473,2022-02-11 08:02:50,517914,20.73578429222107
4474,2022-02-11 09:02:07,517915,19.2365243434906
4475,2022-02-12 01:02:09,517919,19.51349925994873
4476,2022-02-12 01:02:43,517919,19.99698519706726
4477,2022-02-12 12:02:49,517919,19.497662782669067
4478,2022-02-12 01:02:27,517920,19.373806953430176
4479,2022-02-12 01:02:58,517920,19.715714693069458
4480,2022-02-12 09:02:13,517922,19.36434531211853
4481,2022-02-12 04:02:51,517924,20.224717378616333
4482,2022-02-12 08:02:31,517924,20.111709117889404
4483,2022-02-13 04:02:35,517925,19.758944272994995
4484,2022-02-13 01:02:19,517926,19.979613780975342
4485,2022-02-13 03:02:21,517926,19.764019012451172
4486,2022-02-13 05:02:32,517926,19.470817804336548
4487,2022-02-14 01:02:08,517928,20.32430124282837
4488,2022-02-14 02:02:28,517928,19.582066297531128
4489,2022-02-14 03:02:09,517928,21.47159481048584
4490,2022-02-14 04:02:01,517928,20.14075541496277
4491,2022-02-14 04:02:13,517928,19.798926830291748
4492,2022-02-14 04:02:21,517928,19.806479930877686
4493,2022-02-14 04:02:55,517928,19.703468799591064
4494,2022-02-14 05:02:14,517928,20.210790395736694
4495,2022-02-14 05:02:30,517928,20.64581871032715
4496,2022-02-14 05:02:35,517928,20.039813995361328
4497,2022-02-14 05:02:40,517928,20.095227003097534
4498,2022-02-14 08:02:16,517929,19.72252917289734
4499,2022-02-14 09:02:45,517929,19.391448259353638
4500,2022-02-14 09:02:52,517930,19.947389364242554
4501,2022-02-14 03:02:03,517931,20.538657903671265
4502,2022-02-14 04:02:26,517931,20.05857515335083
4503,2022-02-14 01:02:28,517932,19.603482246398926
4504,2022-02-14 02:02:15,517932,20.24839496612549
4505,2022-02-14 04:02:17,517932,20.1763334274292
4506,2022-02-14 04:02:23,517932,19.680847644805908
4507,2022-02-14 04:02:30,517932,20.07301950454712
4508,2022-02-14 04:02:43,517932,19.5927791595459
4509,2022-02-14 05:02:18,517932,20.242244720458984
4510,2022-02-14 06:02:09,517932,20.001785039901733
4511,2022-02-14 07:02:19,517932,20.277323246002197
4512,2022-02-14 07:02:29,517932,19.977268934249878
4513,2022-02-14 07:02:46,517932,19.48680090904236
4514,2022-02-14 08:02:11,517932,19.872458457946777
4515,2022-02-14 08:02:16,517932,20.068891525268555
4516,2022-02-14 08:02:27,517932,19.319681406021118
4517,2022-02-14 08:02:33,517932,19.598907232284546
4518,2022-02-14 08:02:42,517932,21.7575044631958
4519,2022-02-14 09:02:03,517932,21.296979665756226
4520,2022-02-14 09:02:17,517932,20.017770051956177
4521,2022-02-14 09:02:18,517932,19.468721389770508
4522,2022-02-14 09:02:34,517932,20.25434184074402
4523,2022-02-14 10:02:03,517932,21.47573208808899
4524,2022-02-14 10:02:14,517932,21.55751633644104
4525,2022-02-14 09:02:00,517933,19.163846015930176
4526,2022-02-14 09:02:25,517933,19.640657901763916
4527,2022-02-14 10:02:45,517934,20.50513529777527
4528,2022-02-14 10:02:25,517936,21.661347150802612
4529,2022-02-14 10:02:32,517936,20.39003348350525
4530,2022-02-14 10:02:46,517936,19.839189052581787
4531,2022-02-14 11:02:41,517936,20.03484082221985
4532,2022-02-15 12:02:23,517936,19.97319984436035
4533,2022-02-15 01:02:00,517937,20.31934404373169
4534,2022-02-15 01:02:39,517937,19.719005823135376
4535,2022-02-15 03:02:49,517939,20.730653524398804
4536,2022-02-15 04:02:18,517939,20.002674102783203
4537,2022-02-15 05:02:20,517939,19.844862461090088
4538,2022-02-15 06:02:13,517939,19.24335551261902
4539,2022-02-15 05:02:33,517940,20.83975052833557
4540,2022-02-15 05:02:46,517940,20.203680753707886
4541,2022-02-15 06:02:50,517941,19.774242639541626
4542,2022-02-15 09:02:55,517948,19.960283994674683
4543,2022-02-15 10:02:18,517948,19.504618406295776
4544,2022-02-15 10:02:09,517950,19.846415519714355
4545,2022-02-15 10:02:21,517951,20.066566467285156
4546,2022-02-15 12:02:00,517954,19.870415687561035
4547,2022-02-15 12:02:14,517954,20.143681049346924
4548,2022-02-15 12:02:52,517954,20.97342324256897
4549,2022-02-15 06:02:52,517957,20.062106370925903
4550,2022-02-15 09:02:04,517959,20.583991527557373
4551,2022-02-15 09:02:29,517959,19.591637134552002
4552,2022-02-15 10:02:14,517959,21.36328959465027
4553,2022-02-15 10:02:34,517959,20.75292134284973
4554,2022-02-15 10:02:28,517960,20.46908450126648
4555,2022-02-15 11:02:10,517960,19.988924741744995
4556,2022-02-15 11:02:15,517960,20.438313007354736
4557,2022-02-15 11:02:49,517960,20.97566294670105
4558,2022-02-15 11:02:30,517961,19.92879819869995
4559,2022-02-16 12:02:51,517961,19.83945608139038
4560,2022-02-16 12:02:02,517962,20.02296233177185
4561,2022-02-16 12:02:24,517962,21.112574815750122
4562,2022-02-16 04:02:26,517965,19.835569143295288
4563,2022-02-16 04:02:33,517965,19.51172113418579
4564,2022-02-16 05:02:44,517965,19.41860866546631
4565,2022-02-16 06:02:23,517966,20.18554139137268
4566,2022-02-16 06:02:14,517967,19.669155836105347
4567,2022-02-16 06:02:26,517967,19.575170755386353
4568,2022-02-16 09:02:03,517971,20.467875719070435
4569,2022-02-16 09:02:09,517971,20.102015733718872
4570,2022-02-16 09:02:18,517971,20.05641531944275
4571,2022-02-16 09:02:54,517971,20.184245109558105
4572,2022-02-16 10:02:04,517971,20.270522832870483
4573,2022-02-16 10:02:36,517971,20.456600666046143
4574,2022-02-16 11:02:18,517972,20.555282592773438
4575,2022-02-16 11:02:26,517972,20.17973279953003
4576,2022-02-16 11:02:51,517972,20.07432770729065
4577,2022-02-16 11:02:58,517972,19.785257816314697
4578,2022-02-16 12:02:35,517972,21.281118392944336
4579,2022-02-16 01:02:16,517974,20.014164447784424
4580,2022-02-16 12:02:50,517974,20.129201889038086
4581,2022-02-16 01:02:16,517975,19.67080307006836
4582,2022-02-16 02:02:29,517975,19.887829065322876
4583,2022-02-16 01:02:22,517976,19.772334814071655
4584,2022-02-16 02:02:25,517977,20.115899324417114
4585,2022-02-16 02:02:52,517977,20.75287127494812
4586,2022-02-16 02:02:58,517977,20.253458976745605
4587,2022-02-16 02:02:47,517978,21.457319259643555
4588,2022-02-16 04:02:59,517985,20.54080057144165
4589,2022-02-16 05:02:11,517987,21.136252880096436
4590,2022-02-16 05:02:49,517987,19.958232164382935
4591,2022-02-16 07:02:39,517990,19.93985652923584
4592,2022-02-16 08:02:00,517990,19.815638303756714
4593,2022-02-16 09:02:19,517990,20.896757125854492
4594,2022-02-16 09:02:36,517990,20.908040046691895
4595,2022-02-16 08:02:10,517993,20.29641842842102
4596,2022-02-16 09:02:51,517993,20.55370306968689
4597,2022-02-16 10:02:14,517993,21.790444135665894
4598,2022-02-16 10:02:26,517993,19.95670747756958
4599,2022-02-16 08:02:28,517994,20.80866551399231
4600,2022-02-16 09:02:19,517996,19.348859786987305
4601,2022-02-16 10:02:17,517997,19.60592007637024
4602,2022-02-17 02:02:11,518005,19.7365243434906
4603,2022-02-17 02:02:52,518005,20.695783853530884
4604,2022-02-17 04:02:25,518007,19.93423056602478
4605,2022-02-17 05:02:32,518007,19.722514629364014
4606,2022-02-17 09:02:10,518007,20.182029008865356
4607,2022-02-17 09:02:36,518007,20.031087398529053
4608,2022-02-17 11:02:54,518009,19.778873682022095
4609,2022-02-17 12:02:17,518009,20.0368914604187
4610,2022-02-17 12:02:37,518009,19.847203969955444
4611,2022-02-17 12:02:54,518009,20.63200092315674
4612,2022-02-17 01:02:15,518011,20.34252691268921
4613,2022-02-17 02:02:00,518011,20.17677092552185
4614,2022-02-17 02:02:27,518011,19.740482330322266
4615,2022-02-17 02:02:55,518011,19.744890928268433
4616,2022-02-17 03:02:00,518011,20.841824054718018
4617,2022-02-17 03:02:01,518011,19.79744005203247
4618,2022-02-17 03:02:07,518011,19.96716022491455
4619,2022-02-17 03:02:24,518011,21.702621698379517
4620,2022-02-17 04:02:38,518011,20.61590075492859
4621,2022-02-17 04:02:54,518011,20.249778985977173
4622,2022-02-17 04:02:37,518013,19.623398303985596
4623,2022-02-17 04:02:38,518013,19.87888240814209
4624,2022-02-17 04:02:42,518013,19.52934432029724
4625,2022-02-17 05:02:04,518013,20.022043228149414
4626,2022-02-17 05:02:16,518013,20.35280418395996
4627,2022-02-17 05:02:26,518013,19.235543251037598
4628,2022-02-17 05:02:34,518013,19.404322147369385
4629,2022-02-17 06:02:37,518014,19.51081943511963
4630,2022-02-17 07:02:13,518015,20.440296173095703
4631,2022-02-17 07:02:18,518015,20.036162614822388
4632,2022-02-17 08:02:01,518015,19.794695615768433
4633,2022-02-17 08:02:07,518015,19.979416847229004
4634,2022-02-17 08:02:42,518018,19.40633797645569
4635,2022-02-17 09:02:48,518019,19.66659140586853
4636,2022-02-17 09:02:53,518019,19.94448471069336
4637,2022-02-17 09:02:59,518019,19.803977251052856
4638,2022-02-17 10:02:00,518019,19.66180729866028
4639,2022-02-17 11:02:17,518021,19.76258158683777
4640,2022-02-17 11:02:30,518022,19.402424812316895
4641,2022-02-18 01:02:32,518026,19.513980388641357
4642,2022-02-18 04:02:07,518029,20.95750379562378
4643,2022-02-18 04:02:10,518029,20.74832010269165
4644,2022-02-18 05:02:47,518030,19.399311780929565
4645,2022-02-18 07:02:53,518033,19.68362545967102
4646,2022-02-18 08:02:47,518033,19.54463028907776
4647,2022-02-18 11:02:49,518033,20.569437742233276
4648,2022-02-18 01:02:49,518034,19.988040685653687
4649,2022-02-18 11:02:23,518034,20.1386661529541
4650,2022-02-18 12:02:14,518034,19.968979358673096
4651,2022-02-18 12:02:47,518034,20.036221265792847
4652,2022-02-18 02:02:42,518036,19.767061233520508
4653,2022-02-18 03:02:51,518036,19.668548345565796
4654,2022-02-18 04:02:22,518036,20.400930881500244
4655,2022-02-18 04:02:57,518036,19.79390835762024
4656,2022-02-18 05:02:00,518036,20.407679319381714
4657,2022-02-18 05:02:10,518036,21.48212242126465
4658,2022-02-18 05:02:14,518036,21.724377632141113
4659,2022-02-18 05:02:23,518036,19.49181365966797
4660,2022-02-18 05:02:24,518036,19.45506501197815
4661,2022-02-18 05:02:40,518036,20.362389087677002
4662,2022-02-18 05:02:40,518036,19.49096131324768
4663,2022-02-18 05:02:40,518036,20.340325832366943
4664,2022-02-18 05:02:46,518036,20.93662142753601
4665,2022-02-18 05:02:58,518036,19.834017276763916
4666,2022-02-18 03:02:20,518037,20.885798454284668
4667,2022-02-18 04:02:16,518037,20.197222232818604
4668,2022-02-18 04:02:48,518038,22.542942762374878
4669,2022-02-18 05:02:09,518038,20.02765727043152
4670,2022-02-18 05:02:19,518039,19.873849630355835
4671,2022-02-18 05:02:22,518039,19.663523197174072
4672,2022-02-18 06:02:39,518039,19.9185848236084
4673,2022-02-18 06:02:42,518041,20.054234266281128
4674,2022-02-18 08:02:12,518042,19.624274253845215
4675,2022-02-18 08:02:38,518042,20.898432970046997
4676,2022-02-18 08:02:38,518042,20.153979539871216
4677,2022-02-18 08:02:53,518042,19.46095061302185
4678,2022-02-18 10:02:31,518043,20.520278453826904
4679,2022-02-19 01:02:02,518043,20.466957807540894
4680,2022-02-19 01:02:15,518043,19.844110250473022
4681,2022-02-19 12:02:02,518043,22.30828332901001
4682,2022-02-19 12:02:55,518043,20.03830051422119
4683,2022-02-19 01:02:38,518044,19.564500331878662
4684,2022-02-19 01:02:59,518044,19.509814262390137
4685,2022-02-20 04:02:16,518049,20.72800922393799
4686,2022-02-20 05:02:39,518049,20.016037702560425
4687,2022-02-21 06:02:42,518049,19.60879421234131
4688,2022-02-21 06:02:43,518050,20.165315866470337
4689,2022-02-21 07:02:58,518050,19.916584968566895
4690,2022-02-21 08:02:19,518050,20.711814165115356
4691,2022-02-21 09:02:13,518050,20.14633297920227
4692,2022-02-21 09:02:32,518050,20.539108991622925
4693,2022-02-21 11:02:06,518050,19.628171920776367
4694,2022-02-21 11:02:14,518050,19.704489946365356
4695,2022-02-21 11:02:15,518050,19.977204084396362
4696,2022-02-21 11:02:41,518050,19.533157110214233
4697,2022-02-21 12:02:23,518050,20.651609420776367
4698,2022-02-21 01:02:52,518051,20.421374559402466
4699,2022-02-21 01:02:59,518051,20.05965495109558
4700,2022-02-21 02:02:03,518051,19.853497982025146
4701,2022-02-21 02:02:10,518051,20.3074209690094
4702,2022-02-21 02:02:19,518051,21.801619291305542
4703,2022-02-21 02:02:40,518051,20.28030800819397
4704,2022-02-21 02:02:59,518051,21.839136123657227
4705,2022-02-21 12:02:51,518051,19.72672748565674
4706,2022-02-21 04:02:09,518053,20.144120931625366
4707,2022-02-21 04:02:22,518053,19.71448278427124
4708,2022-02-21 06:02:33,518058,20.116369485855103
4709,2022-02-21 07:02:23,518058,20.31558132171631
4710,2022-02-21 07:02:58,518058,20.136752367019653
4711,2022-02-21 07:02:20,518059,19.738484144210815
4712,2022-02-21 07:02:59,518059,21.90809416770935
4713,2022-02-21 09:02:18,518059,19.71899914741516
4714,2022-02-22 01:02:33,518064,20.54516077041626
4715,2022-02-22 08:02:43,518064,19.827036380767822
4716,2022-02-22 09:02:05,518064,19.856101751327515
4717,2022-02-22 09:02:09,518064,19.79451012611389
4718,2022-02-22 09:02:42,518064,21.020524978637695
4719,2022-02-22 09:02:59,518064,20.205007791519165
4720,2022-02-22 10:02:33,518064,20.695467710494995
4721,2022-02-22 10:02:36,518064,19.491020441055298
4722,2022-02-22 10:02:53,518064,19.524365186691284
4723,2022-02-22 11:02:02,518064,21.86390256881714
4724,2022-02-22 11:02:09,518064,19.615074157714844
4725,2022-02-22 11:02:10,518064,19.54131531715393
4726,2022-02-22 11:02:38,518064,21.622241497039795
4727,2022-02-22 12:02:38,518065,20.41151261329651
4728,2022-02-22 12:02:52,518065,19.52251958847046
4729,2022-02-22 12:02:32,518067,19.97418737411499
4730,2022-02-22 01:02:50,518069,20.980194568634033
4731,2022-02-22 12:02:05,518069,19.878177165985107
4732,2022-02-22 12:02:16,518069,21.106003284454346
4733,2022-02-22 01:02:11,518070,20.568279027938843
4734,2022-02-22 01:02:38,518070,19.8707377910614
4735,2022-02-22 01:02:56,518070,19.498169898986816
4736,2022-02-22 02:02:45,518070,19.512776374816895
4737,2022-02-22 02:02:54,518070,20.076247930526733
4738,2022-02-22 02:02:27,518071,20.404832363128662
4739,2022-02-22 02:02:08,518072,20.37820863723755
4740,2022-02-22 02:02:46,518072,20.44778084754944
4741,2022-02-22 03:02:33,518072,21.117361307144165
4742,2022-02-22 05:02:24,518077,19.826677560806274
4743,2022-02-22 07:02:36,518077,20.373239755630493
4744,2022-02-22 07:02:07,518079,21.170353889465332
4745,2022-02-22 07:02:27,518079,19.857470989227295
4746,2022-02-22 08:02:07,518079,19.8775634765625
4747,2022-02-22 08:02:02,518080,20.578413724899292
4748,2022-02-22 08:02:32,518080,19.99772834777832
4749,2022-02-22 08:02:31,518082,20.12518072128296
4750,2022-02-22 09:02:12,518082,20.07761549949646
4751,2022-02-22 09:02:40,518082,19.59429669380188
4752,2022-02-22 10:02:27,518082,20.895538806915283
4753,2022-02-22 11:02:23,518082,19.58053731918335
4754,2022-02-22 11:02:45,518082,22.175394773483276
4755,2022-02-22 09:02:27,518083,21.751841068267822
4756,2022-02-22 09:02:52,518083,20.69912552833557
4757,2022-02-22 10:02:05,518086,19.701884508132935
4758,2022-02-22 10:02:52,518088,20.308878183364868
4759,2022-02-22 11:02:16,518089,19.7256178855896
4760,2022-02-23 12:02:35,518089,20.89937162399292
4761,2022-02-22 11:02:15,518090,19.6832754611969
4762,2022-02-23 05:02:43,518098,19.408997535705566
4763,2022-02-23 05:02:11,518099,21.649155139923096
4764,2022-02-23 05:02:16,518099,20.80996084213257
4765,2022-02-23 01:02:11,518100,19.912885665893555
4766,2022-02-23 03:02:10,518100,19.90588355064392
4767,2022-02-23 06:02:27,518100,20.07957649230957
4768,2022-02-23 06:02:36,518100,20.51079487800598
4769,2022-02-23 07:02:11,518100,20.1386079788208
4770,2022-02-23 07:02:13,518100,21.771022081375122
4771,2022-02-23 07:02:50,518100,19.510695219039917
4772,2022-02-23 08:02:12,518100,20.42858600616455
4773,2022-02-23 08:02:14,518100,20.15548276901245
4774,2022-02-23 08:02:25,518100,19.544132947921753
4775,2022-02-23 08:02:44,518100,20.28869938850403
4776,2022-02-23 09:02:01,518100,21.889408588409424
4777,2022-02-23 09:02:06,518100,19.330565929412842
4778,2022-02-23 09:02:07,518100,20.082879543304443
4779,2022-02-23 09:02:56,518100,20.707677364349365
4780,2022-02-23 09:02:58,518100,20.861072301864624
4781,2022-02-23 10:02:16,518100,20.96602749824524
4782,2022-02-23 10:02:33,518100,20.432202100753784
4783,2022-02-23 10:02:52,518100,19.614742279052734
4784,2022-02-23 11:02:01,518100,20.687172651290894
4785,2022-02-23 11:02:04,518100,20.950920581817627
4786,2022-02-23 01:02:15,518101,20.21651577949524
4787,2022-02-23 01:02:05,518102,20.125879764556885
4788,2022-02-23 01:02:47,518102,20.899176597595215
4789,2022-02-23 01:02:51,518102,20.49299955368042
4790,2022-02-23 01:02:53,518102,20.183070182800293
4791,2022-02-23 02:02:56,518102,19.57388186454773
4792,2022-02-23 05:02:03,518106,19.966997623443604
4793,2022-02-23 05:02:29,518107,20.08422088623047
4794,2022-02-23 06:02:31,518109,20.006176233291626
4795,2022-02-23 08:02:38,518111,20.650567054748535
4796,2022-02-23 09:02:08,518111,21.253727436065674
4797,2022-02-23 09:02:09,518116,19.419322967529297
4798,2022-02-23 10:02:47,518117,19.94763994216919
4799,2022-02-23 11:02:18,518119,20.5114004611969
4800,2022-02-24 02:02:39,518122,20.759822607040405
4801,2022-02-24 03:02:31,518122,19.484861612319946
4802,2022-02-24 04:02:48,518123,20.364558219909668
4803,2022-02-24 04:02:56,518123,19.802095651626587
4804,2022-02-24 05:02:07,518124,20.491497039794922
4805,2022-02-24 05:02:34,518124,20.44198775291443
4806,2022-02-24 09:02:36,518125,20.468095541000366
4807,2022-02-24 10:02:56,518126,20.81035304069519
4808,2022-02-24 11:02:32,518126,20.57626461982727
4809,2022-02-24 11:02:55,518126,20.105590105056763
4810,2022-02-24 12:02:11,518126,19.913536310195923
4811,2022-02-24 12:02:55,518126,20.14313244819641
4812,2022-02-24 01:02:22,518127,19.572004079818726
4813,2022-02-24 01:02:44,518127,19.601641178131104
4814,2022-02-24 01:02:47,518127,19.7643563747406
4815,2022-02-24 02:02:13,518127,19.48482871055603
4816,2022-02-24 11:02:11,518127,19.830257177352905
4817,2022-02-24 12:02:06,518127,19.304506301879883
4818,2022-02-24 12:02:17,518127,20.0894136428833
4819,2022-02-24 12:02:28,518127,20.472736597061157
4820,2022-02-24 02:02:00,518128,19.547804594039917
4821,2022-02-24 02:02:22,518128,20.128623008728027
4822,2022-02-24 02:02:56,518128,20.353065729141235
4823,2022-02-24 03:02:28,518128,19.671339511871338
4824,2022-02-24 03:02:54,518128,19.814250946044922
4825,2022-02-24 03:02:58,518128,19.479154348373413
4826,2022-02-24 05:02:40,518128,19.625298261642456
4827,2022-02-24 05:02:33,518131,21.590946435928345
4828,2022-02-24 06:02:03,518131,19.59745144844055
4829,2022-02-24 06:02:23,518131,20.72301149368286
4830,2022-02-24 07:02:37,518131,21.69958472251892
4831,2022-02-24 06:02:11,518132,19.45524573326111
4832,2022-02-24 08:02:23,518134,20.283074855804443
4833,2022-02-24 08:02:32,518135,20.41407871246338
4834,2022-02-24 09:02:32,518136,20.838905572891235
4835,2022-02-24 10:02:42,518137,19.407068967819214
4836,2022-02-25 03:02:12,518143,19.70900845527649
4837,2022-02-25 03:02:11,518144,19.294575214385986
4838,2022-02-25 05:02:49,518145,19.863481521606445
4839,2022-02-25 01:02:02,518147,20.48936915397644
4840,2022-02-25 05:02:37,518147,19.517598628997803
4841,2022-02-25 06:02:27,518147,19.664145946502686
4842,2022-02-25 06:02:42,518147,19.7463059425354
4843,2022-02-25 08:02:23,518147,20.000487089157104
4844,2022-02-25 09:02:05,518147,20.378791093826294
4845,2022-02-25 10:02:22,518147,19.46543025970459
4846,2022-02-25 11:02:21,518147,20.392019987106323
4847,2022-02-25 12:02:07,518147,19.873361349105835
4848,2022-02-25 12:02:17,518147,19.981142044067383
4849,2022-02-25 12:02:40,518147,19.70452117919922
4850,2022-02-25 12:02:40,518147,19.663697004318237
4851,2022-02-25 12:02:41,518147,20.143478631973267
4852,2022-02-25 12:02:55,518147,19.422773361206055
4853,2022-02-25 02:02:20,518149,20.697707176208496
4854,2022-02-25 02:02:59,518149,19.677643060684204
4855,2022-02-25 03:02:08,518149,19.895970821380615
4856,2022-02-25 03:02:10,518149,19.878136157989502
4857,2022-02-25 03:02:57,518149,20.144644021987915
4858,2022-02-25 04:02:51,518150,19.55288600921631
4859,2022-02-25 05:02:21,518152,20.074426412582397
4860,2022-02-25 05:02:39,518152,19.63353419303894
4861,2022-02-25 05:02:43,518152,20.486128568649292
4862,2022-02-25 06:02:31,518152,20.182812452316284
4863,2022-02-25 05:02:53,518153,19.669159650802612
4864,2022-02-25 06:02:09,518155,19.689937353134155
4865,2022-02-25 07:02:52,518158,19.93154001235962
4866,2022-02-25 08:02:30,518158,20.03269934654236
4867,2022-02-25 08:02:28,518159,19.875120162963867
4868,2022-02-25 09:02:03,518161,19.738053560256958
4869,2022-02-25 11:02:10,518162,19.836453914642334
4870,2022-02-25 11:02:07,518163,20.74557614326477
4871,2022-02-25 11:02:20,518163,20.011311531066895
4872,2022-02-26 02:02:37,518168,19.735665798187256
4873,2022-02-26 06:02:22,518170,19.56308603286743
4874,2022-02-27 04:02:57,518170,19.519779682159424
4875,2022-02-27 05:02:05,518170,19.43772292137146
4876,2022-02-28 04:02:19,518171,20.0962336063385
4877,2022-02-28 04:02:39,518171,20.07800531387329
4878,2022-02-28 05:02:38,518171,20.232287406921387
4879,2022-02-28 06:02:46,518171,20.323404550552368
4880,2022-02-28 11:02:22,518173,19.858454942703247
4881,2022-02-28 11:02:30,518173,20.074334859848022
4882,2022-02-28 12:02:21,518173,19.89588475227356
4883,2022-02-28 01:02:44,518174,19.732412099838257
4884,2022-02-28 01:02:44,518174,20.376477241516113
4885,2022-02-28 12:02:35,518174,20.170079469680786
4886,2022-02-28 01:02:26,518175,20.144497632980347
4887,2022-02-28 03:02:26,518175,19.71993637084961
4888,2022-02-28 04:02:46,518175,19.659592151641846
4889,2022-02-28 05:02:03,518175,19.7970449924469
4890,2022-02-28 05:02:25,518175,20.216954469680786
4891,2022-02-28 05:02:49,518175,20.489554166793823
4892,2022-02-28 05:02:50,518175,20.1086745262146
4893,2022-02-28 07:02:47,518177,20.157349348068237
4894,2022-02-28 07:02:53,518177,19.299797773361206
4895,2022-02-28 08:02:51,518181,20.091158866882324
4896,2022-02-28 10:02:37,518182,21.231202840805054