index_1based,timestamp,sut_version,value
1,2021-09-01 12:09:20,515218,3300.9731769561768
2,2021-09-01 01:09:01,515219,3306.4329624176025
3,2021-09-01 01:09:05,515219,3319.9052810668945
4,2021-09-01 01:09:09,515219,3298.7380027770996
5,2021-09-01 02:09:18,515219,3274.1358280181885
6,2021-09-01 02:09:43,515219,3344.862222671509
7,2021-09-01 12:09:03,515219,3306.396007537842
8,2021-09-01 12:09:12,515219,3297.4178791046143
9,2021-09-01 12:09:43,515219,3337.028980255127
10,2021-09-01 03:09:07,515220,3284.1057777404785
11,2021-09-01 04:09:04,515220,3304.8269748687744
12,2021-09-01 05:09:21,515220,3399.9099731445312
13,2021-09-01 06:09:06,515220,3295.2029705047607
14,2021-09-01 06:09:28,515220,3325.874090194702
15,2021-09-01 08:09:37,515222,3332.7112197875977
16,2021-09-01 09:09:52,515222,3291.9540405273438
17,2021-09-01 01:09:20,515224,3384.4008445739746
18,2021-09-01 01:09:26,515224,3308.4261417388916
19,2021-09-01 01:09:28,515224,3288.393974304199
20,2021-09-01 01:09:49,515224,3317.6660537719727
21,2021-09-01 02:09:02,515224,3361.783027648926
22,2021-09-01 02:09:02,515224,3461.9171619415283
23,2021-09-01 03:09:38,515224,3308.284044265747
24,2021-09-01 11:09:22,515224,3308.121919631958
25,2021-09-01 11:09:24,515224,3306.612253189087
26,2021-09-01 11:09:46,515224,3294.090986251831
27,2021-09-01 11:09:53,515224,3327.7790546417236
28,2021-09-01 12:09:07,515224,3334.613084793091
29,2021-09-01 12:09:14,515224,3280.2469730377197
30,2021-09-01 12:09:17,515224,3294.606924057007
31,2021-09-01 12:09:20,515224,3306.6768646240234
32,2021-09-01 12:09:31,515224,3297.1060276031494
33,2021-09-01 12:09:32,515224,3325.3509998321533
34,2021-09-01 12:09:34,515224,3324.86891746521
35,2021-09-01 01:09:22,515225,3330.847978591919
36,2021-09-01 01:09:29,515225,3355.5498123168945
37,2021-09-01 01:09:51,515225,3297.9588508605957
38,2021-09-01 02:09:16,515225,3335.841178894043
39,2021-09-01 02:09:58,515225,3306.4651489257812
40,2021-09-01 03:09:04,515228,3331.164836883545
41,2021-09-01 04:09:01,515228,3292.8948402404785
42,2021-09-01 04:09:04,515228,3309.284210205078
43,2021-09-01 04:09:30,515228,3294.8999404907227
44,2021-09-01 04:09:58,515230,3298.72989654541
45,2021-09-01 05:09:27,515230,3279.276132583618
46,2021-09-01 10:09:23,515238,3310.899019241333
47,2021-09-02 01:09:02,515240,3375.81205368042
48,2021-09-02 12:09:15,515240,3358.524799346924
49,2021-09-02 05:09:28,515242,3365.6890392303467
50,2021-09-02 06:09:02,515242,3399.915933609009
51,2021-09-02 06:09:07,515242,3401.4601707458496
52,2021-09-02 06:09:22,515242,3379.85897064209
53,2021-09-02 06:09:30,515242,3406.944990158081
54,2021-09-02 07:09:47,515242,3569.164991378784
55,2021-09-02 08:09:47,515243,3417.8781509399414
56,2021-09-02 09:09:03,515243,3394.459009170532
57,2021-09-02 09:09:19,515243,3422.3849773406982
58,2021-09-02 09:09:26,515243,3612.940788269043
59,2021-09-02 10:09:08,515243,3378.999948501587
60,2021-09-02 11:09:37,515243,3410.1428985595703
61,2021-09-02 11:09:57,515243,3439.2378330230713
62,2021-09-02 12:09:57,515243,3516.191005706787
63,2021-09-02 12:09:57,515243,3430.9308528900146
64,2021-09-02 01:09:09,515244,3587.8310203552246
65,2021-09-02 01:09:15,515244,3364.593982696533
66,2021-09-02 01:09:22,515244,3608.774185180664
67,2021-09-02 01:09:29,515244,3411.86785697937
68,2021-09-02 01:09:32,515244,3385.2639198303223
69,2021-09-02 01:09:39,515244,3417.968988418579
70,2021-09-02 11:09:26,515244,3378.6118030548096
71,2021-09-02 12:09:00,515244,3365.1700019836426
72,2021-09-02 12:09:43,515244,3390.810012817383
73,2021-09-02 12:09:50,515244,3434.6542358398438
74,2021-09-02 12:09:52,515244,3373.7740516662598
75,2021-09-02 12:09:58,515244,3445.420742034912
76,2021-09-02 02:09:40,515246,3311.0909461975098
77,2021-09-02 03:09:09,515247,3391.4549350738525
78,2021-09-02 04:09:52,515247,3349.777936935425
79,2021-09-02 03:09:53,515248,3364.1347885131836
80,2021-09-02 04:09:31,515248,3393.3660984039307
81,2021-09-02 05:09:45,515251,3400.2602100372314
82,2021-09-02 06:09:19,515251,3390.950918197632
83,2021-09-02 06:09:37,515251,3379.329204559326
84,2021-09-02 07:09:12,515251,3390.7511234283447
85,2021-09-02 06:09:13,515252,3398.0281352996826
86,2021-09-02 07:09:53,515252,3535.965919494629
87,2021-09-02 08:09:33,515252,3412.142038345337
88,2021-09-02 08:09:44,515252,3426.4070987701416
89,2021-09-02 07:09:48,515254,3331.319808959961
90,2021-09-02 08:09:12,515257,3391.7081356048584
91,2021-09-02 09:09:33,515257,3361.359119415283
92,2021-09-03 01:09:08,515260,3376.009941101074
93,2021-09-03 01:09:45,515260,3414.0231609344482
94,2021-09-03 01:09:53,515260,3417.47784614563
95,2021-09-03 02:09:48,515260,3587.877035140991
96,2021-09-03 12:09:36,515260,3399.0068435668945
97,2021-09-03 12:09:45,515260,3392.8000926971436
98,2021-09-03 05:09:04,515262,3358.4442138671875
99,2021-09-03 06:09:15,515262,3342.912197113037
100,2021-09-03 07:09:16,515262,3349.299907684326
101,2021-09-03 07:09:21,515262,3407.0210456848145
102,2021-09-03 07:09:59,515262,3370.3479766845703
103,2021-09-03 08:09:21,515262,3362.157106399536
104,2021-09-03 09:09:03,515263,3407.296895980835
105,2021-09-03 09:09:15,515263,3396.014928817749
106,2021-09-03 09:09:26,515263,3368.164300918579
107,2021-09-03 09:09:55,515263,3348.7870693206787
108,2021-09-03 10:09:37,515263,3393.779993057251
109,2021-09-03 10:09:42,515263,3415.013074874878
110,2021-09-03 10:09:43,515263,3406.982898712158
111,2021-09-03 10:09:52,515263,3364.4778728485107
112,2021-09-03 10:09:05,515264,3294.7800159454346
113,2021-09-03 10:09:51,515264,3294.142007827759
114,2021-09-03 11:09:04,515264,3269.120931625366
115,2021-09-03 11:09:34,515264,3276.442050933838
116,2021-09-03 01:09:21,515265,3288.5091304779053
117,2021-09-03 12:09:22,515265,3272.5930213928223
118,2021-09-03 01:09:20,515266,3289.795160293579
119,2021-09-03 01:09:48,515266,3315.3629302978516
120,2021-09-03 01:09:59,515266,3536.1878871917725
121,2021-09-03 02:09:40,515266,3319.356918334961
122,2021-09-03 03:09:32,515268,3320.7499980926514
123,2021-09-03 03:09:35,515268,3294.295072555542
124,2021-09-03 04:09:15,515268,3305.536985397339
125,2021-09-03 04:09:48,515268,3301.679849624634
126,2021-09-03 05:09:14,515268,3278.888702392578
127,2021-09-03 05:09:14,515268,3282.5300693511963
128,2021-09-03 05:09:24,515268,3306.960105895996
129,2021-09-03 05:09:36,515268,3326.8067836761475
130,2021-09-03 04:09:11,515269,3304.168939590454
131,2021-09-03 05:09:39,515269,3286.566734313965
132,2021-09-03 06:09:13,515269,3351.088047027588
133,2021-09-03 06:09:13,515269,3330.8470249176025
134,2021-09-03 06:09:42,515272,3355.9751510620117
135,2021-09-03 07:09:03,515272,3336.40193939209
136,2021-09-03 10:09:18,515275,3575.4008293151855
137,2021-09-03 11:09:41,515275,3361.053943634033
138,2021-09-03 11:09:37,515277,3371.868133544922
139,2021-09-04 01:09:11,515277,3351.0420322418213
140,2021-09-04 01:09:22,515277,3345.4501628875732
141,2021-09-04 01:09:28,515277,3344.060182571411
142,2021-09-04 01:09:38,515277,3395.3330516815186
143,2021-09-04 01:09:53,515277,3277.4949073791504
144,2021-09-04 01:09:58,515277,3302.396059036255
145,2021-09-04 02:09:23,515277,3334.7702026367188
146,2021-09-04 02:09:32,515277,3402.2388458251953
147,2021-09-04 02:09:33,515277,3582.5207233428955
148,2021-09-04 02:09:40,515277,3389.479875564575
149,2021-09-04 12:09:14,515277,3370.2757358551025
150,2021-09-04 12:09:17,515277,3341.096878051758
151,2021-09-04 12:09:20,515277,3336.3471031188965
152,2021-09-04 12:09:27,515277,3316.9689178466797
153,2021-09-04 12:09:32,515277,3329.4129371643066
154,2021-09-04 02:09:08,515278,3458.2321643829346
155,2021-09-04 03:09:27,515278,3388.0650997161865
156,2021-09-04 06:09:02,515279,3465.8210277557373
157,2021-09-04 06:09:06,515279,3434.59415435791
158,2021-09-04 06:09:32,515279,3340.2140140533447
159,2021-09-04 07:09:00,515279,3332.801103591919
160,2021-09-04 07:09:19,515279,3597.277879714966
161,2021-09-04 07:09:25,515279,3367.419958114624
162,2021-09-04 07:09:29,515279,3333.98699760437
163,2021-09-04 07:09:43,515279,3346.497058868408
164,2021-09-04 10:09:08,515281,3334.096908569336
165,2021-09-04 11:09:19,515281,3340.4369354248047
166,2021-09-05 05:09:35,515282,3475.174903869629
167,2021-09-05 05:09:40,515282,3345.4370498657227
168,2021-09-05 07:09:09,515282,3344.2201614379883
169,2021-09-05 08:09:36,515282,3391.303062438965
170,2021-09-06 01:09:11,515282,3361.5520000457764
171,2021-09-06 01:09:41,515282,3335.4711532592773
172,2021-09-06 01:09:46,515282,3350.292921066284
173,2021-09-06 02:09:02,515282,3344.0117835998535
174,2021-09-06 02:09:28,515282,3381.516933441162
175,2021-09-06 06:09:41,515282,3334.2089653015137
176,2021-09-06 06:09:47,515282,3345.1640605926514
177,2021-09-06 08:09:00,515282,3328.9852142333984
178,2021-09-06 08:09:27,515282,3424.288749694824
179,2021-09-06 09:09:28,515282,3402.7302265167236
180,2021-09-06 09:09:28,515282,3375.5900859832764
181,2021-09-06 09:09:45,515282,3346.6618061065674
182,2021-09-06 10:09:00,515282,3347.4302291870117
183,2021-09-06 10:09:03,515282,3352.4398803710938
184,2021-09-06 10:09:28,515282,3354.2051315307617
185,2021-09-06 10:09:51,515282,3327.782154083252
186,2021-09-06 11:09:06,515282,3345.1759815216064
187,2021-09-06 11:09:14,515282,3372.1039295196533
188,2021-09-06 11:09:54,515282,3394.4430351257324
189,2021-09-06 11:09:58,515282,3366.0569190979004
190,2021-09-06 12:09:08,515282,3351.6600131988525
191,2021-09-06 12:09:21,515282,3358.3102226257324
192,2021-09-06 12:09:28,515282,3357.03706741333
193,2021-09-06 12:09:32,515282,3342.194080352783
194,2021-09-06 12:09:33,515282,3341.881036758423
195,2021-09-06 12:09:52,515282,3385.850191116333
196,2021-09-06 01:09:14,515283,3433.546304702759
197,2021-09-06 12:09:16,515283,3405.29203414917
198,2021-09-06 01:09:38,515284,3348.025321960449
199,2021-09-06 02:09:52,515284,3324.0039348602295
200,2021-09-06 01:09:23,515285,3397.001028060913
201,2021-09-06 02:09:30,515285,3323.279857635498
202,2021-09-06 03:09:35,515286,3313.6119842529297
203,2021-09-06 03:09:51,515286,3337.193727493286
204,2021-09-06 04:09:09,515286,3339.2720222473145
205,2021-09-06 04:09:14,515286,3374.727249145508
206,2021-09-06 04:09:17,515286,3318.073034286499
207,2021-09-06 04:09:24,515286,3331.159830093384
208,2021-09-06 04:09:38,515286,3331.4740657806396
209,2021-09-06 04:09:59,515286,3306.7898750305176
210,2021-09-06 05:09:12,515286,3425.696849822998
211,2021-09-06 05:09:45,515286,3328.519821166992
212,2021-09-06 06:09:08,515290,3342.5800800323486
213,2021-09-06 06:09:31,515290,3318.892002105713
214,2021-09-06 07:09:05,515290,3335.261106491089
215,2021-09-06 07:09:22,515290,3431.2641620635986
216,2021-09-06 07:09:31,515290,3359.35378074646
217,2021-09-06 07:09:48,515290,3337.7411365509033
218,2021-09-06 07:09:51,515290,3358.6812019348145
219,2021-09-06 07:09:54,515290,3337.541103363037
220,2021-09-06 07:09:05,515291,3331.874132156372
221,2021-09-06 08:09:06,515291,3329.3957710266113
222,2021-09-06 08:09:11,515292,3331.912040710449
223,2021-09-06 09:09:28,515292,3329.2510509490967
224,2021-09-06 10:09:00,515292,3417.008876800537
225,2021-09-06 10:09:37,515292,3311.2387657165527
226,2021-09-06 08:09:14,515293,3361.675024032593
227,2021-09-06 09:09:12,515293,3365.088939666748
228,2021-09-06 10:09:37,515293,3438.6839866638184
229,2021-09-06 10:09:48,515293,3310.0130558013916
230,2021-09-06 11:09:41,515293,3436.725378036499
231,2021-09-06 11:09:43,515293,3379.4479370117188
232,2021-09-06 09:09:20,515294,3353.627920150757
233,2021-09-06 09:09:40,515294,3531.625986099243
234,2021-09-06 10:09:07,515294,3346.6639518737793
235,2021-09-06 10:09:30,515294,3387.9151344299316
236,2021-09-06 10:09:51,515294,3319.5719718933105
237,2021-09-06 11:09:46,515294,3378.369092941284
238,2021-09-06 11:09:54,515294,3375.638008117676
239,2021-09-06 11:09:57,515294,3449.176073074341
240,2021-09-06 10:09:42,515295,3332.566261291504
241,2021-09-06 11:09:52,515295,3287.703275680542
242,2021-09-07 12:09:17,515295,3299.0198135375977
243,2021-09-07 12:09:26,515295,3365.7121658325195
244,2021-09-07 12:09:32,515295,3352.6811599731445
245,2021-09-07 12:09:44,515295,3349.6878147125244
246,2021-09-07 01:09:12,515296,3306.0977458953857
247,2021-09-07 12:09:45,515296,3373.5721111297607
248,2021-09-07 02:09:01,515297,3304.9957752227783
249,2021-09-07 03:09:35,515297,3324.9828815460205
250,2021-09-07 04:09:25,515297,3360.6789112091064
251,2021-09-07 04:09:32,515297,3354.8169136047363
252,2021-09-07 05:09:38,515303,3398.503065109253
253,2021-09-07 06:09:10,515304,3366.1251068115234
254,2021-09-07 06:09:49,515304,3335.908889770508
255,2021-09-07 07:09:12,515304,3336.8401527404785
256,2021-09-07 08:09:18,515304,3352.0991802215576
257,2021-09-07 08:09:57,515304,3355.142116546631
258,2021-09-07 09:09:51,515304,3320.1189041137695
259,2021-09-07 10:09:41,515308,3331.8190574645996
260,2021-09-07 10:09:48,515308,3359.8921298980713
261,2021-09-07 11:09:38,515308,3359.170913696289
262,2021-09-07 12:09:19,515308,3347.3873138427734
263,2021-09-07 01:09:07,515309,3383.82887840271
264,2021-09-07 01:09:10,515309,3408.975839614868
265,2021-09-07 01:09:35,515309,3322.6828575134277
266,2021-09-07 02:09:06,515309,3431.9100379943848
267,2021-09-07 02:09:19,515309,3444.23770904541
268,2021-09-07 02:09:29,515309,3437.21604347229
269,2021-09-07 02:09:30,515309,3395.8799839019775
270,2021-09-07 02:09:56,515309,3371.7281818389893
271,2021-09-07 03:09:02,515309,3419.9037551879883
272,2021-09-07 03:09:17,515309,3622.0781803131104
273,2021-09-07 03:09:17,515309,3672.9681491851807
274,2021-09-07 03:09:20,515309,3383.8648796081543
275,2021-09-07 03:09:26,515309,3340.3570652008057
276,2021-09-07 03:09:28,515309,3413.17081451416
277,2021-09-07 03:09:33,515309,3355.678081512451
278,2021-09-07 03:09:34,515309,3447.8237628936768
279,2021-09-07 06:09:12,515309,3354.5351028442383
280,2021-09-07 06:09:38,515309,3363.938331604004
281,2021-09-07 06:09:48,515309,3364.8862838745117
282,2021-09-07 06:09:52,515309,3358.5782051086426
283,2021-09-07 02:09:01,515310,3384.202003479004
284,2021-09-07 02:09:31,515310,3338.611125946045
285,2021-09-07 03:09:49,515310,3366.7678833007812
286,2021-09-07 03:09:49,515310,3364.790916442871
287,2021-09-07 04:09:52,515310,3362.865924835205
288,2021-09-07 04:09:54,515310,3636.353015899658
289,2021-09-07 02:09:50,515311,3326.2107372283936
290,2021-09-07 02:09:58,515311,3408.705234527588
291,2021-09-07 03:09:07,515311,3345.261812210083
292,2021-09-07 03:09:25,515311,3386.6188526153564
293,2021-09-07 03:09:42,515311,3366.569995880127
294,2021-09-07 04:09:04,515311,3393.0509090423584
295,2021-09-07 04:09:38,515311,3416.652202606201
296,2021-09-07 04:09:56,515311,3327.782154083252
297,2021-09-07 05:09:05,515311,3335.4620933532715
298,2021-09-07 05:09:48,515311,3349.9200344085693
299,2021-09-07 05:09:35,515313,3331.845998764038
300,2021-09-07 06:09:00,515313,3364.4049167633057
301,2021-09-07 06:09:08,515313,3346.781015396118
302,2021-09-07 06:09:29,515313,3389.597177505493
303,2021-09-07 06:09:47,515313,3360.9461784362793
304,2021-09-07 06:09:48,515313,3353.843927383423
305,2021-09-07 07:09:08,515313,3374.6771812438965
306,2021-09-07 07:09:18,515313,3599.152088165283
307,2021-09-07 07:09:38,515313,3364.6109104156494
308,2021-09-07 08:09:04,515313,3364.335060119629
309,2021-09-07 08:09:15,515313,3358.393907546997
310,2021-09-07 08:09:18,515313,3352.7941703796387
311,2021-09-07 08:09:30,515313,3387.0389461517334
312,2021-09-07 08:09:38,515313,3325.184106826782
313,2021-09-07 08:09:39,515313,3345.1130390167236
314,2021-09-07 08:09:56,515313,3372.634172439575
315,2021-09-07 09:09:25,515313,3346.7719554901123
316,2021-09-07 09:09:44,515313,3352.674961090088
317,2021-09-07 07:09:44,515314,3318.991184234619
318,2021-09-07 08:09:13,515314,3366.1558628082275
319,2021-09-07 08:09:17,515314,3363.840103149414
320,2021-09-07 08:09:45,515314,3376.636743545532
321,2021-09-07 09:09:03,515314,3375.943899154663
322,2021-09-07 09:09:40,515314,3373.991012573242
323,2021-09-07 09:09:57,515314,3329.2057514190674
324,2021-09-07 10:09:15,515314,3459.5210552215576
325,2021-09-07 10:09:16,515314,3351.4950275421143
326,2021-09-07 10:09:32,515314,3371.1671829223633
327,2021-09-07 10:09:36,515314,3365.4420375823975
328,2021-09-07 10:09:48,515314,3437.3769760131836
329,2021-09-07 11:09:04,515314,3348.5381603240967
330,2021-09-07 11:09:16,515314,3353.530168533325
331,2021-09-08 12:09:00,515314,3362.791061401367
332,2021-09-08 12:09:20,515314,3452.996015548706
333,2021-09-08 01:09:12,515317,3372.591972351074
334,2021-09-08 01:09:19,515317,3528.981924057007
335,2021-09-08 12:09:14,515317,3367.5758838653564
336,2021-09-08 12:09:45,515317,3369.3361282348633
337,2021-09-08 01:09:57,515318,3439.2459392547607
338,2021-09-08 02:09:31,515318,3379.354238510132
339,2021-09-08 03:09:02,515318,3365.247964859009
340,2021-09-08 03:09:43,515318,3339.054822921753
341,2021-09-08 06:09:13,515318,3351.989984512329
342,2021-09-08 06:09:24,515318,3333.6822986602783
343,2021-09-08 07:09:14,515318,3366.1417961120605
344,2021-09-08 07:09:15,515318,3362.091064453125
345,2021-09-08 07:09:15,515318,3410.372734069824
346,2021-09-08 07:09:21,515318,3346.914052963257
347,2021-09-08 07:09:36,515318,3447.5321769714355
348,2021-09-08 07:09:39,515318,3366.0500049591064
349,2021-09-08 07:09:54,515318,3360.9931468963623
350,2021-09-08 08:09:15,515318,3342.3078060150146
351,2021-09-08 08:09:15,515318,3344.0191745758057
352,2021-09-08 08:09:32,515318,3532.705068588257
353,2021-09-08 08:09:39,515318,3349.778890609741
354,2021-09-08 08:09:39,515318,3339.168071746826
355,2021-09-08 08:09:45,515318,3361.4988327026367
356,2021-09-08 08:09:56,515318,3371.0930347442627
357,2021-09-08 10:09:50,515318,3410.9408855438232
358,2021-09-08 11:09:10,515318,3281.7749977111816
359,2021-09-08 11:09:43,515318,3481.6908836364746
360,2021-09-08 11:09:48,515318,3387.223720550537
361,2021-09-08 11:09:54,515318,3363.5659217834473
362,2021-09-08 12:09:07,515318,3330.185890197754
363,2021-09-08 12:09:34,515318,3321.5770721435547
364,2021-09-08 12:09:36,515318,3365.2658462524414
365,2021-09-08 12:09:53,515318,3346.268892288208
366,2021-09-08 02:09:20,515320,3441.4660930633545
367,2021-09-08 02:09:49,515320,3447.972059249878
368,2021-09-08 03:09:38,515320,3459.120035171509
369,2021-09-08 03:09:54,515320,3425.5402088165283
370,2021-09-08 02:09:15,515321,3423.4979152679443
371,2021-09-08 02:09:36,515321,3423.4180450439453
372,2021-09-08 02:09:46,515321,3395.0557708740234
373,2021-09-08 03:09:13,515321,3432.9569339752197
374,2021-09-08 03:09:22,515321,3535.8548164367676
375,2021-09-08 04:09:28,515321,3551.785945892334
376,2021-09-08 04:09:51,515321,3644.066095352173
377,2021-09-08 04:09:54,515321,3419.505834579468
378,2021-09-08 04:09:17,515323,3527.4319648742676
379,2021-09-08 05:09:54,515323,3378.9899349212646
380,2021-09-08 06:09:24,515323,3394.1948413848877
381,2021-09-08 05:09:18,515324,3492.887020111084
382,2021-09-08 05:09:35,515324,3451.648235321045
383,2021-09-08 05:09:44,515324,3292.996883392334
384,2021-09-08 09:09:30,515324,3465.3549194335938
385,2021-09-08 10:09:16,515324,3461.874008178711
386,2021-09-08 06:09:00,515325,3464.3259048461914
387,2021-09-08 11:09:28,515325,3433.2759380340576
388,2021-09-08 11:09:32,515325,3455.142021179199
389,2021-09-09 12:09:08,515325,3419.35396194458
390,2021-09-08 11:09:44,515326,3440.7479763031006
391,2021-09-09 01:09:04,515326,3469.611883163452
392,2021-09-09 01:09:10,515326,3449.5689868927
393,2021-09-09 01:09:38,515326,3428.510904312134
394,2021-09-09 01:09:50,515326,3443.039894104004
395,2021-09-09 12:09:18,515326,3442.7897930145264
396,2021-09-09 12:09:24,515326,3499.847888946533
397,2021-09-09 12:09:40,515326,3442.8207874298096
398,2021-09-09 12:09:36,515327,3467.6928520202637
399,2021-09-09 02:09:01,515334,3502.0980834960938
400,2021-09-09 03:09:01,515334,3412.8410816192627
401,2021-09-09 03:09:22,515335,3429.870128631592
402,2021-09-09 04:09:33,515335,3455.7437896728516
403,2021-09-09 03:09:38,515336,3402.5590419769287
404,2021-09-09 03:09:52,515336,3423.427104949951
405,2021-09-09 05:09:37,515336,3458.765983581543
406,2021-09-09 05:09:43,515336,3483.9961528778076
407,2021-09-09 06:09:48,515337,3433.016061782837
408,2021-09-09 07:09:29,515338,3447.8180408477783
409,2021-09-09 08:09:44,515338,3458.4999084472656
410,2021-09-09 08:09:49,515338,3489.9749755859375
411,2021-09-09 08:09:55,515338,3422.6608276367188
412,2021-09-09 01:09:14,515341,3452.7931213378906
413,2021-09-09 01:09:16,515341,3471.529960632324
414,2021-09-09 01:09:37,515341,3375.714063644409
415,2021-09-09 01:09:50,515341,3443.459987640381
416,2021-09-09 01:09:56,515341,3407.250165939331
417,2021-09-09 09:09:09,515341,3593.086004257202
418,2021-09-09 09:09:19,515341,3443.5551166534424
419,2021-09-09 09:09:41,515341,3443.293809890747
420,2021-09-09 10:09:09,515341,3426.6910552978516
421,2021-09-09 10:09:11,515341,3414.3338203430176
422,2021-09-09 11:09:17,515341,3504.1909217834473
423,2021-09-09 11:09:21,515341,3377.769947052002
424,2021-09-09 11:09:37,515341,3430.330991744995
425,2021-09-09 11:09:48,515341,3471.526861190796
426,2021-09-09 12:09:09,515341,3516.6430473327637
427,2021-09-09 12:09:42,515341,3459.28692817688
428,2021-09-09 12:09:51,515341,3434.6659183502197
429,2021-09-09 12:09:58,515341,3403.702735900879
430,2021-09-09 01:09:37,515342,3491.0621643066406
431,2021-09-09 04:09:19,515344,3440.5970573425293
432,2021-09-09 04:09:37,515344,3439.8090839385986
433,2021-09-09 04:09:40,515344,3409.0890884399414
434,2021-09-09 05:09:42,515344,3420.3171730041504
435,2021-09-09 05:09:38,515345,3421.2958812713623
436,2021-09-09 06:09:21,515345,3478.226900100708
437,2021-09-09 07:09:13,515347,3454.9760818481445
438,2021-09-09 08:09:41,515347,3438.2169246673584
439,2021-09-09 09:09:38,515348,3435.214042663574
440,2021-09-09 11:09:13,515350,3339.627981185913
441,2021-09-09 11:09:17,515350,3379.2290687561035
442,2021-09-09 11:09:44,515350,3338.5369777679443
443,2021-09-09 11:09:04,515351,3312.011957168579
444,2021-09-09 11:09:08,515351,3407.1218967437744
445,2021-09-10 12:09:18,515351,3605.3452491760254
446,2021-09-10 12:09:22,515351,3425.8012771606445
447,2021-09-10 01:09:14,515352,3395.5628871917725
448,2021-09-10 01:09:19,515352,3433.8901042938232
449,2021-09-10 01:09:55,515352,3338.995933532715
450,2021-09-10 12:09:05,515352,3433.119058609009
451,2021-09-10 02:09:33,515356,3371.0319995880127
452,2021-09-10 03:09:14,515356,3347.5990295410156
453,2021-09-10 03:09:37,515356,3329.146146774292
454,2021-09-10 04:09:04,515357,3346.6038703918457
455,2021-09-10 05:09:00,515358,3360.278844833374
456,2021-09-10 06:09:22,515362,3352.303981781006
457,2021-09-10 07:09:44,515362,3491.919994354248
458,2021-09-10 07:09:37,515364,3343.7328338623047
459,2021-09-10 07:09:39,515364,3476.339101791382
460,2021-09-10 01:09:19,515366,3350.3620624542236
461,2021-09-10 01:09:24,515366,3343.2939052581787
462,2021-09-10 01:09:35,515366,3366.9300079345703
463,2021-09-10 01:09:45,515366,3362.7068996429443
464,2021-09-10 01:09:58,515366,3344.9811935424805
465,2021-09-10 02:09:02,515366,3377.7809143066406
466,2021-09-10 02:09:14,515366,3370.885133743286
467,2021-09-10 02:09:17,515366,3364.8629188537598
468,2021-09-10 02:09:22,515366,3433.0880641937256
469,2021-09-10 02:09:41,515366,3368.4918880462646
470,2021-09-10 03:09:08,515366,3335.095167160034
471,2021-09-10 03:09:37,515366,3345.672845840454
472,2021-09-10 08:09:09,515366,3460.0908756256104
473,2021-09-10 09:09:17,515366,3311.5479946136475
474,2021-09-10 10:09:35,515366,3480.5238246917725
475,2021-09-10 11:09:56,515366,3334.4340324401855
476,2021-09-10 02:09:44,515367,3334.5046043395996
477,2021-09-10 03:09:19,515367,3343.8189029693604
478,2021-09-10 03:09:34,515367,3348.4861850738525
479,2021-09-10 03:09:54,515367,3329.1029930114746
480,2021-09-10 04:09:10,515367,3338.3169174194336
481,2021-09-10 03:09:21,515368,3252.082109451294
482,2021-09-10 04:09:42,515369,3352.060079574585
483,2021-09-10 05:09:52,515371,3370.8808422088623
484,2021-09-10 06:09:11,515373,3332.4289321899414
485,2021-09-10 07:09:12,515373,3354.7909259796143
486,2021-09-13 04:09:23,515375,3370.7711696624756
487,2021-09-13 05:09:46,515375,3339.571237564087
488,2021-09-10 09:09:12,515377,3379.9240589141846
489,2021-09-10 11:09:16,515378,3506.794214248657
490,2021-09-11 01:09:00,515379,3478.419065475464
491,2021-09-11 12:09:33,515379,3384.8698139190674
492,2021-09-11 12:09:39,515379,3361.2658977508545
493,2021-09-11 01:09:27,515380,3375.352144241333
494,2021-09-11 12:09:39,515380,3368.5672283172607
495,2021-09-11 01:09:40,515381,3407.9270362854004
496,2021-09-11 02:09:01,515381,3370.9170818328857
497,2021-09-11 02:09:28,515381,3397.1548080444336
498,2021-09-13 04:09:03,515381,3380.474090576172
499,2021-09-13 06:09:52,515382,3364.9940490722656
500,2021-09-11 02:09:12,515385,3424.9401092529297
501,2021-09-11 06:09:23,515387,3570.943832397461
502,2021-09-11 12:09:48,515388,3408.2517623901367
503,2021-09-11 08:09:04,515389,3395.441770553589
504,2021-09-12 05:09:21,515390,3393.7950134277344
505,2021-09-12 03:09:31,515391,3416.5170192718506
506,2021-09-13 04:09:51,515391,3392.279863357544
507,2021-09-13 05:09:31,515391,3416.1720275878906
508,2021-09-13 06:09:00,515391,3399.8448848724365
509,2021-09-13 06:09:14,515391,3407.078981399536
510,2021-09-13 06:09:32,515391,3358.875036239624
511,2021-09-13 06:09:39,515391,3390.3727531433105
512,2021-09-13 06:09:47,515391,3430.9418201446533
513,2021-09-13 07:09:01,515391,3414.4558906555176
514,2021-09-13 07:09:04,515391,3413.5468006134033
515,2021-09-13 07:09:30,515391,3437.9990100860596
516,2021-09-13 07:09:32,515391,3431.2210083007812
517,2021-09-13 07:09:36,515391,3419.980049133301
518,2021-09-13 07:09:58,515391,3388.4780406951904
519,2021-09-13 09:09:42,515391,3421.589136123657
520,2021-09-13 01:09:19,515393,3415.781021118164
521,2021-09-13 10:09:19,515393,3413.3598804473877
522,2021-09-13 11:09:10,515393,3450.07586479187
523,2021-09-13 11:09:22,515393,3207.1967124938965
524,2021-09-13 01:09:28,515394,3366.3711547851562
525,2021-09-13 01:09:50,515394,3401.646137237549
526,2021-09-13 11:09:10,515394,3392.763137817383
527,2021-09-13 11:09:40,515394,3389.0459537506104
528,2021-09-14 12:09:47,515394,3414.6339893341064
529,2021-09-14 08:09:29,515396,3405.3292274475098
530,2021-09-14 12:09:55,515396,3399.020195007324
531,2021-09-14 01:09:06,515397,3328.495979309082
532,2021-09-14 01:09:58,515397,3400.9602069854736
533,2021-09-14 02:09:04,515397,3407.5469970703125
534,2021-09-14 07:09:10,515397,3421.1361408233643
535,2021-09-14 11:09:01,515397,3391.805648803711
536,2021-09-13 03:09:50,515398,3388.307809829712
537,2021-09-14 07:09:59,515398,3398.1540203094482
538,2021-09-14 09:09:29,515399,3490.6599521636963
539,2021-09-14 09:09:38,515401,3348.572015762329
540,2021-09-14 02:09:27,515403,3387.8049850463867
541,2021-09-14 09:09:44,515403,3449.908971786499
542,2021-09-14 09:09:51,515403,3402.880907058716
543,2021-09-14 09:09:55,515403,3407.1788787841797
544,2021-09-14 10:09:07,515403,3416.0938262939453
545,2021-09-14 11:09:38,515403,3405.461311340332
546,2021-09-14 11:09:56,515403,3429.7308921813965
547,2021-09-14 12:09:04,515403,3408.2939624786377
548,2021-09-14 12:09:32,515403,3644.9642181396484
549,2021-09-14 12:09:57,515403,3393.043279647827
550,2021-09-14 05:09:55,515405,3306.2570095062256
551,2021-09-14 06:09:22,515405,3520.4310417175293
552,2021-09-14 07:09:03,515405,3265.3000354766846
553,2021-09-14 07:09:03,515405,3238.0900382995605
554,2021-09-14 07:09:31,515405,3291.0172939300537
555,2021-09-14 07:09:59,515405,3290.2321815490723
556,2021-09-14 08:09:23,515405,3240.396022796631
557,2021-09-14 08:09:28,515405,3255.581855773926
558,2021-09-14 08:09:43,515405,3400.977849960327
559,2021-09-14 09:09:29,515405,3290.3337478637695
560,2021-09-14 09:09:14,515406,3259.8278522491455
561,2021-09-14 09:09:20,515406,3281.7702293395996
562,2021-09-14 09:09:29,515406,3271.24285697937
563,2021-09-14 09:09:48,515406,3442.4030780792236
564,2021-09-14 09:09:56,515406,3267.62318611145
565,2021-09-14 10:09:16,515406,3399.9087810516357
566,2021-09-14 10:09:23,515406,3340.8219814300537
567,2021-09-14 10:09:34,515406,3269.214153289795
568,2021-09-14 10:09:36,515406,3249.6228218078613
569,2021-09-14 11:09:21,515407,3323.6899375915527
570,2021-09-15 12:09:42,515407,3299.8950481414795
571,2021-09-14 08:09:54,515409,3243.267059326172
572,2021-09-14 11:09:15,515410,3298.7568378448486
573,2021-09-14 11:09:21,515410,3256.855249404907
574,2021-09-14 11:09:44,515410,3247.370719909668
575,2021-09-15 12:09:23,515410,3312.3679161071777
576,2021-09-15 12:09:35,515410,3281.5001010894775
577,2021-09-15 12:09:47,515410,3273.5159397125244
578,2021-09-15 12:09:58,515410,3250.513792037964
579,2021-09-15 01:09:12,515412,3227.76198387146
580,2021-09-15 02:09:45,515412,3296.4320182800293
581,2021-09-15 03:09:13,515415,3286.5700721740723
582,2021-09-15 03:09:29,515415,3259.4690322875977
583,2021-09-15 04:09:15,515415,3247.429847717285
584,2021-09-15 04:09:44,515415,3271.078109741211
585,2021-09-15 03:09:30,515416,3255.9869289398193
586,2021-09-15 04:09:14,515416,3276.9839763641357
587,2021-09-15 04:09:41,515416,3263.355016708374
588,2021-09-15 04:09:55,515416,3314.0249252319336
589,2021-09-15 04:09:55,515416,3280.8899879455566
590,2021-09-15 06:09:15,515416,3270.142078399658
591,2021-09-15 06:09:49,515416,3257.4968338012695
592,2021-09-15 06:09:54,515416,3273.2911109924316
593,2021-09-15 07:09:05,515416,3284.7869396209717
594,2021-09-15 01:09:20,515418,3516.279935836792
595,2021-09-15 01:09:24,515418,3335.5958461761475
596,2021-09-15 02:09:31,515418,3254.779815673828
597,2021-09-15 03:09:20,515418,3274.6970653533936
598,2021-09-15 03:09:32,515418,3230.149984359741
599,2021-09-15 03:09:34,515418,3392.832040786743
600,2021-09-15 03:09:53,515418,3279.9949645996094
601,2021-09-15 05:09:04,515418,3345.421075820923
602,2021-09-15 06:09:41,515418,3284.5499515533447
603,2021-09-15 08:09:38,515418,3331.217050552368
604,2021-09-15 09:09:58,515418,3274.3399143218994
605,2021-09-15 10:09:19,515418,3263.4191513061523
606,2021-09-15 04:09:35,515420,3265.0399208068848
607,2021-09-15 06:09:39,515422,3284.6572399139404
608,2021-09-15 05:09:17,515423,3266.772985458374
609,2021-09-15 06:09:59,515424,3280.8997631073
610,2021-09-15 07:09:35,515428,3286.4830493927
611,2021-09-15 08:09:31,515428,3315.6330585479736
612,2021-09-15 08:09:47,515428,3297.151803970337
613,2021-09-15 09:09:28,515428,3303.13777923584
614,2021-09-15 10:09:53,515428,3232.0396900177
615,2021-09-16 12:09:12,515428,3269.5529460906982
616,2021-09-16 12:09:35,515428,3280.4510593414307
617,2021-09-15 08:09:17,515429,3323.139190673828
618,2021-09-15 09:09:17,515429,3270.048141479492
619,2021-09-15 09:09:22,515429,3399.72186088562
620,2021-09-15 09:09:39,515429,3255.5670738220215
621,2021-09-15 11:09:31,515429,3284.4302654266357
622,2021-09-15 11:09:33,515429,3290.8618450164795
623,2021-09-15 09:09:24,515430,3312.103033065796
624,2021-09-15 10:09:10,515430,3259.5949172973633
625,2021-09-16 01:09:17,515430,3263.8590335845947
626,2021-09-15 10:09:11,515431,3275.099039077759
627,2021-09-15 10:09:17,515432,3281.2609672546387
628,2021-09-16 01:09:57,515432,3262.2628211975098
629,2021-09-16 02:09:55,515432,3281.4478874206543
630,2021-09-16 01:09:59,515434,3297.089099884033
631,2021-09-16 03:09:36,515434,3286.6129875183105
632,2021-09-16 01:09:07,515435,3256.1819553375244
633,2021-09-16 02:09:39,515435,3317.1186447143555
634,2021-09-16 03:09:46,515435,3264.909029006958
635,2021-09-16 01:09:22,515436,3261.8818283081055
636,2021-09-16 02:09:22,515436,3307.29603767395
637,2021-09-16 02:09:55,515436,3335.670232772827
638,2021-09-16 03:09:22,515436,3309.5531463623047
639,2021-09-16 03:09:19,515438,3390.9499645233154
640,2021-09-16 03:09:54,515442,3342.845916748047
641,2021-09-16 05:09:41,515442,3343.104124069214
642,2021-09-16 06:09:24,515442,3339.146137237549
643,2021-09-16 06:09:55,515442,3292.9511070251465
644,2021-09-16 07:09:10,515444,3466.26615524292
645,2021-09-16 08:09:11,515444,3338.865041732788
646,2021-09-16 04:09:24,515446,3324.1381645202637
647,2021-09-16 08:09:47,515446,3320.0769424438477
648,2021-09-16 09:09:15,515446,3339.482069015503
649,2021-09-16 09:09:26,515446,3321.049928665161
650,2021-09-16 09:09:37,515446,3312.2968673706055
651,2021-09-16 09:09:41,515446,3336.7888927459717
652,2021-09-16 09:09:41,515446,3329.7879695892334
653,2021-09-16 10:09:13,515446,3372.4658489227295
654,2021-09-16 11:09:03,515446,3286.152124404907
655,2021-09-16 11:09:55,515446,3319.676160812378
656,2021-09-16 12:09:36,515446,3334.7718715667725
657,2021-09-16 01:09:11,515449,3304.5170307159424
658,2021-09-16 01:09:15,515449,3310.9610080718994
659,2021-09-16 01:09:19,515449,3335.8030319213867
660,2021-09-16 01:09:21,515449,3299.1020679473877
661,2021-09-16 05:09:13,515449,3305.426836013794
662,2021-09-16 06:09:37,515449,3311.997175216675
663,2021-09-16 08:09:14,515449,3320.723056793213
664,2021-09-16 08:09:27,515449,3335.9010219573975
665,2021-09-16 08:09:42,515449,3371.680736541748
666,2021-09-16 08:09:53,515449,3308.105945587158
667,2021-09-16 09:09:25,515449,3318.751811981201
668,2021-09-16 10:09:23,515449,3311.9711875915527
669,2021-09-16 10:09:24,515449,3320.3277587890625
670,2021-09-16 10:09:32,515449,3351.256847381592
671,2021-09-16 06:09:05,515451,3307.375907897949
672,2021-09-16 07:09:17,515451,3276.150941848755
673,2021-09-16 07:09:56,515451,3504.420042037964
674,2021-09-16 09:09:24,515451,3320.129871368408
675,2021-09-16 09:09:48,515451,3517.1799659729004
676,2021-09-16 09:09:53,515451,3325.7060050964355
677,2021-09-16 10:09:06,515451,3312.9029273986816
678,2021-09-16 11:09:35,515451,3305.4397106170654
679,2021-09-16 11:09:36,515451,3315.865993499756
680,2021-09-16 11:09:37,515451,3317.6708221435547
681,2021-09-17 02:09:48,515451,3496.3810443878174
682,2021-09-17 03:09:13,515451,3287.703037261963
683,2021-09-17 03:09:23,515451,3311.3648891448975
684,2021-09-17 12:09:03,515451,3308.683156967163
685,2021-09-17 12:09:06,515451,3313.2309913635254
686,2021-09-17 12:09:11,515451,3295.4928874969482
687,2021-09-17 12:09:15,515451,3368.8039779663086
688,2021-09-17 12:09:20,515451,3299.9038696289062
689,2021-09-17 12:09:29,515451,3319.784164428711
690,2021-09-17 12:09:50,515451,3342.456817626953
691,2021-09-17 12:09:51,515451,3319.7569847106934
692,2021-09-17 12:09:54,515451,3320.172071456909
693,2021-09-17 12:09:55,515451,3331.3376903533936
694,2021-09-16 09:09:10,515452,3268.904209136963
695,2021-09-16 09:09:48,515452,3284.636974334717
696,2021-09-17 02:09:26,515452,3274.6729850769043
697,2021-09-17 02:09:32,515452,3281.255006790161
698,2021-09-16 09:09:21,515453,3336.6801738739014
699,2021-09-17 02:09:08,515453,3338.7770652770996
700,2021-09-17 02:09:22,515453,3381.263017654419
701,2021-09-17 04:09:09,515453,3317.4471855163574
702,2021-09-17 04:09:37,515453,3313.1167888641357
703,2021-09-17 05:09:46,515453,3327.171802520752
704,2021-09-17 05:09:48,515453,3349.043130874634
705,2021-09-17 12:09:42,515453,3386.992931365967
706,2021-09-16 11:09:43,515454,3570.2011585235596
707,2021-09-17 02:09:16,515454,3373.9609718322754
708,2021-09-16 10:09:15,515455,3276.61395072937
709,2021-09-17 04:09:20,515455,3297.8360652923584
710,2021-09-17 05:09:28,515455,3316.6561126708984
711,2021-09-17 05:09:58,515455,3325.896978378296
712,2021-09-16 11:09:10,515456,3325.7830142974854
713,2021-09-17 02:09:30,515456,3310.8251094818115
714,2021-09-17 05:09:09,515456,3319.878101348877
715,2021-09-17 05:09:41,515456,3327.8019428253174
716,2021-09-16 11:09:18,515457,3333.0540657043457
717,2021-09-17 03:09:28,515458,3359.962224960327
718,2021-09-17 05:09:51,515458,3356.795072555542
719,2021-09-17 05:09:55,515458,3348.454236984253
720,2021-09-17 12:09:21,515458,3344.6097373962402
721,2021-09-17 03:09:27,515459,3379.025936126709
722,2021-09-17 05:09:13,515459,3311.340808868408
723,2021-09-17 05:09:18,515459,3409.3639850616455
724,2021-09-17 12:09:39,515459,3376.646041870117
725,2021-09-17 03:09:31,515460,3322.1943378448486
726,2021-09-17 12:09:11,515460,3326.3158798217773
727,2021-09-17 01:09:33,515461,3339.647054672241
728,2021-09-17 03:09:33,515461,3320.5480575561523
729,2021-09-17 05:09:33,515461,3356.7349910736084
730,2021-09-17 05:09:33,515461,3335.657835006714
731,2021-09-17 04:09:39,515467,3423.7630367279053
732,2021-09-17 06:09:09,515467,3406.6741466522217
733,2021-09-17 06:09:09,515467,3333.603858947754
734,2021-09-17 06:09:19,515467,3365.182876586914
735,2021-09-17 06:09:26,515467,3335.649013519287
736,2021-09-17 07:09:04,515467,3373.373031616211
737,2021-09-17 08:09:38,515467,3334.4318866729736
738,2021-09-17 08:09:59,515467,3380.197048187256
739,2021-09-17 07:09:02,515469,3306.9000244140625
740,2021-09-17 07:09:20,515469,3311.704158782959
741,2021-09-17 08:09:07,515469,3362.398862838745
742,2021-09-17 08:09:17,515469,3339.3561840057373
743,2021-09-17 08:09:43,515469,3306.8602085113525
744,2021-09-17 09:09:14,515469,3561.1870288848877
745,2021-09-17 09:09:20,515469,3410.188913345337
746,2021-09-17 09:09:50,515469,3418.307065963745
747,2021-09-17 09:09:55,515469,3323.0299949645996
748,2021-09-17 01:09:05,515470,3346.662998199463
749,2021-09-17 01:09:23,515470,3327.5198936462402
750,2021-09-17 01:09:55,515470,3370.734930038452
751,2021-09-17 02:09:27,515470,3316.0791397094727
752,2021-09-17 09:09:38,515470,3309.2188835144043
753,2021-09-17 10:09:01,515470,3313.1489753723145
754,2021-09-17 11:09:08,515470,3305.1838874816895
755,2021-09-17 11:09:27,515470,3402.672052383423
756,2021-09-17 11:09:49,515470,3295.780897140503
757,2021-09-17 12:09:35,515470,3318.1588649749756
758,2021-09-17 01:09:46,515471,3299.2191314697266
759,2021-09-17 01:09:50,515472,3210.710048675537
760,2021-09-17 02:09:05,515472,3361.983060836792
761,2021-09-17 02:09:14,515472,3331.926107406616
762,2021-09-17 02:09:36,515472,3382.9941749572754
763,2021-09-17 02:09:50,515472,3332.648992538452
764,2021-09-17 03:09:04,515472,3332.134008407593
765,2021-09-17 03:09:09,515472,3211.2488746643066
766,2021-09-17 03:09:44,515472,3305.678129196167
767,2021-09-17 02:09:26,515473,3340.297222137451
768,2021-09-17 04:09:54,515473,3315.9830570220947
769,2021-09-17 04:09:00,515474,3324.7740268707275
770,2021-09-17 05:09:04,515475,3336.3680839538574
771,2021-09-17 05:09:36,515475,3302.8550148010254
772,2021-09-17 05:09:50,515475,3319.43416595459
773,2021-09-17 07:09:30,515475,3303.126811981201
774,2021-09-17 06:09:21,515476,3334.969997406006
775,2021-09-17 06:09:15,515478,3418.55525970459
776,2021-09-17 06:09:47,515478,3592.485189437866
777,2021-09-17 08:09:12,515481,3338.258743286133
778,2021-09-17 09:09:26,515481,3328.0420303344727
779,2021-09-17 09:09:29,515482,3326.8561363220215
780,2021-09-18 01:09:08,515487,3390.9518718719482
781,2021-09-18 12:09:19,515487,3330.404758453369
782,2021-09-18 01:09:48,515489,3644.5870399475098
783,2021-09-18 02:09:53,515489,3474.04408454895
784,2021-09-18 02:09:10,515491,3463.4737968444824
785,2021-09-18 03:09:57,515492,3419.9459552764893
786,2021-09-18 06:09:11,515499,3445.0502395629883
787,2021-09-18 08:09:24,515503,3417.5469875335693
788,2021-09-18 12:09:19,515503,3452.103853225708
789,2021-09-19 01:09:28,515504,3441.675901412964
790,2021-09-19 02:09:06,515505,3432.866096496582
791,2021-09-19 08:09:24,515507,3476.4208793640137
792,2021-09-20 01:09:10,515507,3415.1690006256104
793,2021-09-20 01:09:33,515507,3415.544271469116
794,2021-09-20 06:09:46,515507,3438.8020038604736
795,2021-09-20 07:09:35,515507,3649.7628688812256
796,2021-09-20 08:09:04,515507,3480.9908866882324
797,2021-09-20 09:09:07,515507,3449.223041534424
798,2021-09-20 10:09:00,515507,3606.0280799865723
799,2021-09-20 11:09:00,515507,3422.858953475952
800,2021-09-20 11:09:14,515507,3436.469793319702
801,2021-09-20 12:09:13,515507,3393.604278564453
802,2021-09-20 12:09:42,515507,3423.638105392456
803,2021-09-20 12:09:46,515507,3445.0652599334717
804,2021-09-20 01:09:35,515508,3359.6770763397217
805,2021-09-20 02:09:13,515508,3331.2981128692627
806,2021-09-20 02:09:11,515510,3427.154064178467
807,2021-09-20 02:09:43,515510,3425.208806991577
808,2021-09-20 03:09:58,515510,3422.438859939575
809,2021-09-20 03:09:09,515511,3430.3290843963623
810,2021-09-20 03:09:21,515511,3430.2847385406494
811,2021-09-20 03:09:57,515511,3397.2439765930176
812,2021-09-20 04:09:19,515511,3435.5099201202393
813,2021-09-20 04:09:36,515511,3433.025360107422
814,2021-09-20 04:09:39,515511,3447.4029541015625
815,2021-09-20 05:09:12,515511,3476.5241146087646
816,2021-09-20 07:09:02,515514,3312.90602684021
817,2021-09-20 07:09:14,515514,3301.3510704040527
818,2021-09-20 08:09:23,515514,3286.228656768799
819,2021-09-20 08:09:34,515514,3344.6249961853027
820,2021-09-20 08:09:46,515514,3338.412046432495
821,2021-09-20 09:09:00,515514,3530.0118923187256
822,2021-09-20 09:09:29,515514,3339.3802642822266
823,2021-09-20 10:09:42,515515,3370.913028717041
824,2021-09-20 11:09:02,515515,3317.58713722229
825,2021-09-21 01:09:17,515515,3314.3272399902344
826,2021-09-21 08:09:11,515519,3345.238208770752
827,2021-09-21 08:09:14,515519,3399.70064163208
828,2021-09-21 08:09:51,515519,3334.1119289398193
829,2021-09-21 09:09:15,515519,3590.0790691375732
830,2021-09-21 09:09:27,515519,3368.262767791748
831,2021-09-21 09:09:42,515519,3323.5061168670654
832,2021-09-21 10:09:31,515519,3365.2918338775635
833,2021-09-21 11:09:34,515519,3451.7552852630615
834,2021-09-21 01:09:41,515520,3378.1049251556396
835,2021-09-21 01:09:47,515520,3656.5558910369873
836,2021-09-21 10:09:13,515520,3341.16792678833
837,2021-09-21 03:09:25,515522,3334.578037261963
838,2021-09-21 03:09:45,515522,3391.867160797119
839,2021-09-21 04:09:16,515522,3344.062089920044
840,2021-09-21 04:09:24,515522,3382.694959640503
841,2021-09-21 04:09:13,515523,3371.3290691375732
842,2021-09-21 03:09:35,515524,3386.3918781280518
843,2021-09-21 04:09:26,515524,3453.1939029693604
844,2021-09-21 05:09:19,515524,3259.6631050109863
845,2021-09-21 05:09:39,515524,3387.63689994812
846,2021-09-21 06:09:13,515524,3282.6359272003174
847,2021-09-21 05:09:42,515525,3353.6741733551025
848,2021-09-21 07:09:57,515525,3349.2822647094727
849,2021-09-21 06:09:57,515526,3273.4549045562744
850,2021-09-21 06:09:41,515527,3368.868112564087
851,2021-09-21 07:09:12,515527,3386.1477375030518
852,2021-09-21 06:09:52,515528,3541.9270992279053
853,2021-09-21 07:09:56,515529,3357.1300506591797
854,2021-09-21 06:09:22,515530,3352.7297973632812
855,2021-09-21 07:09:43,515530,3358.5598468780518
856,2021-09-21 08:09:12,515530,3331.44474029541
857,2021-09-21 08:09:18,515530,3366.691827774048
858,2021-09-21 08:09:23,515530,3367.785930633545
859,2021-09-21 09:09:58,515530,3366.0168647766113
860,2021-09-21 09:09:28,515531,3541.8388843536377
861,2021-09-21 10:09:15,515531,3343.8329696655273
862,2021-09-21 09:09:10,515532,3376.2872219085693
863,2021-09-21 11:09:07,515536,3372.562885284424
864,2021-09-22 02:09:02,515538,3315.8209323883057
865,2021-09-22 06:09:17,515538,3367.6979541778564
866,2021-09-22 06:09:17,515538,3397.1147537231445
867,2021-09-22 06:09:58,515538,3364.83097076416
868,2021-09-22 07:09:06,515538,3350.343942642212
869,2021-09-22 07:09:37,515538,3345.644235610962
870,2021-09-22 09:09:18,515539,3338.2840156555176
871,2021-09-22 10:09:00,515539,3339.98703956604
872,2021-09-22 10:09:49,515539,3345.8027839660645
873,2021-09-22 11:09:37,515539,3396.158218383789
874,2021-09-22 11:09:53,515539,3352.955102920532
875,2021-09-22 12:09:15,515540,3415.673017501831
876,2021-09-22 01:09:09,515541,3369.8110580444336
877,2021-09-22 01:09:21,515541,3319.5641040802
878,2021-09-22 01:09:31,515541,3366.567373275757
879,2021-09-22 01:09:42,515541,3363.205909729004
880,2021-09-22 01:09:59,515541,3382.3800086975098
881,2021-09-22 02:09:36,515541,3345.6761837005615
882,2021-09-22 12:09:13,515541,3382.3440074920654
883,2021-09-22 12:09:38,515541,3365.7398223876953
884,2021-09-22 03:09:21,515543,3308.824062347412
885,2021-09-22 03:09:49,515543,3468.4579372406006
886,2021-09-22 04:09:29,515543,3383.786916732788
887,2021-09-22 03:09:29,515544,3325.9103298187256
888,2021-09-22 05:09:05,515545,3336.3089561462402
889,2021-09-22 05:09:31,515545,3344.093084335327
890,2021-09-22 07:09:42,515546,3400.3500938415527
891,2021-09-22 08:09:18,515546,3321.7859268188477
892,2021-09-22 05:09:12,515547,3350.109100341797
893,2021-09-22 05:09:50,515547,3323.751211166382
894,2021-09-22 05:09:59,515547,3356.7070960998535
895,2021-09-22 06:09:37,515547,3326.063871383667
896,2021-09-22 06:09:52,515549,3346.9858169555664
897,2021-09-22 07:09:05,515551,3380.86199760437
898,2021-09-22 09:09:43,515553,3324.8190879821777
899,2021-09-23 01:09:51,515559,3393.3920860290527
900,2021-09-23 05:09:03,515562,3439.2800331115723
901,2021-09-23 05:09:47,515562,3397.6950645446777
902,2021-09-23 06:09:23,515562,3403.311014175415
903,2021-09-23 07:09:09,515562,3640.5959129333496
904,2021-09-23 07:09:19,515562,3416.2089824676514
905,2021-09-23 08:09:42,515562,3396.8570232391357
906,2021-09-23 08:09:51,515562,3413.978099822998
907,2021-09-23 09:09:09,515562,3433.3810806274414
908,2021-09-23 09:09:51,515562,3397.5980281829834
909,2021-09-23 10:09:35,515562,3413.287878036499
910,2021-09-23 10:09:49,515562,3393.501043319702
911,2021-09-23 11:09:47,515563,3430.1819801330566
912,2021-09-23 12:09:29,515563,3633.307933807373
913,2021-09-23 01:09:14,515564,3442.828893661499
914,2021-09-23 01:09:22,515564,3354.438066482544
915,2021-09-23 12:09:20,515564,3435.6582164764404
916,2021-09-23 12:09:20,515564,3438.847064971924
917,2021-09-23 02:09:03,515565,3415.7562255859375
918,2021-09-23 03:09:08,515565,3370.497941970825
919,2021-09-23 04:09:04,515565,3354.2959690093994
920,2021-09-23 02:09:13,515566,3406.7389965057373
921,2021-09-23 02:09:22,515566,3376.3129711151123
922,2021-09-23 03:09:55,515567,3311.793327331543
923,2021-09-23 05:09:07,515569,3351.0308265686035
924,2021-09-23 06:09:14,515570,3335.495948791504
925,2021-09-23 07:09:06,515570,3332.2932720184326
926,2021-09-23 07:09:48,515570,3359.4841957092285
927,2021-09-23 07:09:51,515570,3328.1331062316895
928,2021-09-23 07:09:52,515571,3363.616943359375
929,2021-09-23 08:09:27,515571,3364.581823348999
930,2021-09-23 09:09:49,515571,3335.392951965332
931,2021-09-23 09:09:29,515573,3325.3140449523926
932,2021-09-23 11:09:00,515575,3365.478992462158
933,2021-09-23 11:09:09,515575,3341.3219451904297
934,2021-09-23 11:09:58,515575,3297.28102684021
935,2021-09-23 11:09:59,515575,3342.6311016082764
936,2021-09-24 01:09:44,515575,3299.098014831543
937,2021-09-24 12:09:05,515575,3391.2739753723145
938,2021-09-24 12:09:07,515575,3426.309108734131
939,2021-09-23 11:09:22,515576,3322.561264038086
940,2021-09-24 12:09:19,515576,3304.677724838257
941,2021-09-24 12:09:31,515576,3358.6628437042236
942,2021-09-24 12:09:41,515576,3330.2829265594482
943,2021-09-24 01:09:49,515577,3328.831195831299
944,2021-09-24 02:09:23,515577,3312.4289512634277
945,2021-09-24 02:09:24,515577,3335.0820541381836
946,2021-09-24 02:09:30,515577,3450.1302242279053
947,2021-09-24 03:09:42,515577,3347.8150367736816
948,2021-09-24 11:09:21,515577,3287.7941131591797
949,2021-09-24 04:09:39,515578,3379.593849182129
950,2021-09-24 05:09:38,515578,3290.4999256134033
951,2021-09-24 05:09:57,515580,3388.9238834381104
952,2021-09-24 06:09:18,515580,3370.3439235687256
953,2021-09-24 07:09:40,515580,3377.330780029297
954,2021-09-24 07:09:49,515581,3352.8571128845215
955,2021-09-24 08:09:09,515581,3353.4960746765137
956,2021-09-24 08:09:21,515582,3397.380828857422
957,2021-09-24 08:09:36,515583,3380.9032440185547
958,2021-09-24 08:09:47,515583,3388.927221298218
959,2021-09-24 09:09:38,515583,3416.9700145721436
960,2021-09-24 09:09:59,515583,3351.5028953552246
961,2021-09-24 01:09:27,515586,3374.4351863861084
962,2021-09-24 01:09:31,515586,3378.73911857605
963,2021-09-24 01:09:35,515586,3408.0278873443604
964,2021-09-24 01:09:45,515586,3362.9391193389893
965,2021-09-24 01:09:50,515586,3146.695137023926
966,2021-09-24 02:09:16,515586,3145.3306674957275
967,2021-09-24 02:09:46,515586,3381.9541931152344
968,2021-09-24 02:09:49,515586,3443.303108215332
969,2021-09-24 12:09:36,515586,3361.481189727783
970,2021-09-24 12:09:45,515586,3376.361846923828
971,2021-09-24 02:09:17,515587,3375.3268718719482
972,2021-09-24 02:09:42,515588,3386.363983154297
973,2021-09-24 03:09:22,515589,3381.8111419677734
974,2021-09-24 04:09:26,515589,3378.432035446167
975,2021-09-24 04:09:40,515589,3385.989189147949
976,2021-09-24 04:09:02,515590,3379.9819946289062
977,2021-09-24 04:09:46,515590,3376.3020038604736
978,2021-09-24 05:09:07,515590,3356.579065322876
979,2021-09-24 05:09:28,515590,3417.4952507019043
980,2021-09-24 06:09:34,515591,3305.065870285034
981,2021-09-24 06:09:41,515591,3309.796094894409
982,2021-09-24 06:09:33,515592,3341.169834136963
983,2021-09-24 07:09:36,515592,3346.395969390869
984,2021-09-24 08:09:24,515594,3345.484972000122
985,2021-09-24 08:09:24,515594,3351.0563373565674
986,2021-09-24 09:09:42,515595,3353.130102157593
987,2021-09-24 09:09:08,515596,3332.6408863067627
988,2021-09-24 09:09:06,515597,3468.9018726348877
989,2021-09-24 09:09:55,515597,3365.2851581573486
990,2021-09-24 11:09:55,515597,3361.198902130127
991,2021-09-25 01:09:26,515602,3343.5070514678955
992,2021-09-25 01:09:41,515602,3346.882104873657
993,2021-09-25 01:09:49,515602,3401.369094848633
994,2021-09-25 12:09:49,515602,3332.169771194458
995,2021-09-25 01:09:18,515603,3412.489891052246
996,2021-09-25 01:09:41,515603,3359.133005142212
997,2021-09-25 02:09:34,515603,3359.3270778656006
998,2021-09-25 02:09:35,515603,3355.494976043701
999,2021-09-25 02:09:55,515605,3452.19087600708
1000,2021-09-25 03:09:40,515605,3310.9962940216064
1001,2021-09-25 03:09:27,515607,3317.965030670166
1002,2021-09-25 03:09:51,515607,3319.938898086548
1003,2021-09-25 04:09:00,515607,3302.7307987213135
1004,2021-09-25 04:09:32,515607,3307.974100112915
1005,2021-09-25 04:09:41,515607,3323.118209838867
1006,2021-09-25 04:09:55,515607,3324.453115463257
1007,2021-09-25 04:09:55,515607,3275.473117828369
1008,2021-09-25 05:09:07,515607,3266.639232635498
1009,2021-09-25 05:09:27,515607,3398.808002471924
1010,2021-09-25 05:09:28,515607,3312.164068222046
1011,2021-09-25 05:09:41,515607,3285.5758666992188
1012,2021-09-25 06:09:48,515607,3316.852807998657
1013,2021-09-25 07:09:35,515607,3280.4040908813477
1014,2021-09-25 10:09:15,515608,3293.156862258911
1015,2021-09-25 11:09:31,515608,3341.2342071533203
1016,2021-09-25 01:09:03,515609,3317.723035812378
1017,2021-09-25 01:09:19,515609,3332.1540355682373
1018,2021-09-25 02:09:10,515609,3272.897958755493
1019,2021-09-25 02:09:26,515609,3292.2632694244385
1020,2021-09-25 05:09:08,515609,3305.5412769317627
1021,2021-09-25 12:09:19,515609,3274.186134338379
1022,2021-09-25 05:09:19,515611,3328.685998916626
1023,2021-09-25 08:09:06,515615,3294.102907180786
1024,2021-09-25 09:09:13,515615,3287.7349853515625
1025,2021-09-25 09:09:40,515615,3323.498010635376
1026,2021-09-25 10:09:19,515615,3330.6989669799805
1027,2021-09-25 10:09:27,515615,3298.1698513031006
1028,2021-09-25 10:09:30,515615,3310.218095779419
1029,2021-09-26 10:09:05,515615,3341.81809425354
1030,2021-09-26 10:09:07,515615,3312.6120567321777
1031,2021-09-26 10:09:13,515615,3310.131788253784
1032,2021-09-26 10:09:55,515615,3318.7859058380127
1033,2021-09-26 05:09:09,515616,3352.015972137451
1034,2021-09-26 05:09:15,515616,3354.4299602508545
1035,2021-09-26 05:09:21,515616,3305.8407306671143
1036,2021-09-26 06:09:30,515616,3320.4660415649414
1037,2021-09-26 06:09:30,515616,3348.196029663086
1038,2021-09-26 06:09:46,515616,3344.3028926849365
1039,2021-09-26 02:09:49,515617,3336.8899822235107
1040,2021-09-26 04:09:42,515617,3324.92995262146
1041,2021-09-26 04:09:48,515617,3287.6908779144287
1042,2021-09-26 05:09:01,515617,3328.1519412994385
1043,2021-09-26 05:09:04,515617,3341.963052749634
1044,2021-09-26 05:09:10,515617,3329.9529552459717
1045,2021-09-26 05:09:42,515617,3291.271209716797
1046,2021-09-26 06:09:22,515617,3326.9169330596924
1047,2021-09-26 06:09:51,515617,3276.0329246520996
1048,2021-09-26 07:09:24,515617,3311.577081680298
1049,2021-09-26 07:09:55,515617,3297.226667404175
1050,2021-09-26 12:09:14,515617,3313.1942749023438
1051,2021-09-26 11:09:25,515618,3335.3958129882812
1052,2021-09-27 04:09:05,515618,3319.0717697143555
1053,2021-09-27 04:09:34,515618,3372.6041316986084
1054,2021-09-27 04:09:51,515618,3325.338125228882
1055,2021-09-27 05:09:03,515618,3355.461835861206
1056,2021-09-27 05:09:13,515618,3302.421808242798
1057,2021-09-27 05:09:21,515618,3307.2400093078613
1058,2021-09-27 05:09:54,515618,3527.324914932251
1059,2021-09-27 06:09:18,515618,3354.053020477295
1060,2021-09-27 06:09:26,515618,3300.213098526001
1061,2021-09-27 06:09:30,515618,3336.043119430542
1062,2021-09-27 06:09:34,515618,3298.814058303833
1063,2021-09-27 06:09:59,515618,3292.8857803344727
1064,2021-09-27 07:09:03,515618,3329.12015914917
1065,2021-09-27 07:09:29,515618,3611.720085144043
1066,2021-09-27 07:09:33,515618,3306.5528869628906
1067,2021-09-27 07:09:42,515618,3322.1280574798584
1068,2021-09-27 07:09:47,515618,3352.264881134033
1069,2021-09-27 07:09:50,515618,3332.9379558563232
1070,2021-09-27 08:09:27,515618,3319.477081298828
1071,2021-09-27 09:09:40,515619,3301.715850830078
1072,2021-09-27 10:09:53,515619,3318.373918533325
1073,2021-09-27 11:09:36,515619,3328.878879547119
1074,2021-09-27 12:09:01,515619,3363.4188175201416
1075,2021-09-27 12:09:14,515619,3319.4100856781006
1076,2021-09-27 12:09:54,515619,3313.0152225494385
1077,2021-09-27 01:09:08,515620,3348.5329151153564
1078,2021-09-27 01:09:19,515620,3465.564966201782
1079,2021-09-27 02:09:22,515620,3370.521068572998
1080,2021-09-27 02:09:25,515620,3321.7978477478027
1081,2021-09-27 02:09:46,515620,3329.6546936035156
1082,2021-09-27 02:09:48,515620,3312.9849433898926
1083,2021-09-27 12:09:08,515620,3314.0788078308105
1084,2021-09-27 12:09:20,515620,3308.33101272583
1085,2021-09-27 03:09:15,515621,3300.215005874634
1086,2021-09-27 03:09:35,515621,3313.616991043091
1087,2021-09-27 04:09:43,515621,3297.766923904419
1088,2021-09-27 05:09:03,515621,3292.631149291992
1089,2021-09-27 05:09:45,515621,3307.5480461120605
1090,2021-09-27 04:09:05,515622,3332.869052886963
1091,2021-09-27 04:09:18,515622,3347.12290763855
1092,2021-09-27 05:09:54,515622,3380.1510334014893
1093,2021-09-27 04:09:15,515623,3327.998161315918
1094,2021-09-27 05:09:24,515624,3323.9428997039795
1095,2021-09-27 05:09:48,515625,3321.4352130889893
1096,2021-09-27 06:09:39,515625,3339.130163192749
1097,2021-09-27 07:09:26,515626,3334.106922149658
1098,2021-09-27 08:09:05,515627,3302.626848220825
1099,2021-09-27 08:09:07,515627,3484.3149185180664
1100,2021-09-27 08:09:30,515627,3314.0738010406494
1101,2021-09-27 08:09:48,515627,3291.6929721832275
1102,2021-09-27 09:09:07,515627,3299.8790740966797
1103,2021-09-27 09:09:56,515628,3323.4829902648926
1104,2021-09-27 11:09:49,515628,3297.624111175537
1105,2021-09-27 10:09:32,515630,3316.277027130127
1106,2021-09-28 01:09:21,515632,3371.8929290771484
1107,2021-09-28 01:09:32,515632,3311.060905456543
1108,2021-09-28 12:09:25,515632,3304.6936988830566
1109,2021-09-28 12:09:26,515632,3297.405242919922
1110,2021-09-28 01:09:17,515633,3482.1698665618896
1111,2021-09-28 01:09:28,515633,3298.0778217315674
1112,2021-09-28 01:09:53,515633,3309.831142425537
1113,2021-09-28 02:09:26,515633,3297.337055206299
1114,2021-09-28 12:09:42,515633,3294.4858074188232
1115,2021-09-28 12:09:43,515633,3314.0511512756348
1116,2021-09-28 02:09:17,515634,3323.4691619873047
1117,2021-09-28 02:09:28,515634,3333.065986633301
1118,2021-09-28 03:09:26,515634,3294.3978309631348
1119,2021-09-28 03:09:52,515634,3368.9980506896973
1120,2021-09-28 03:09:57,515634,3316.5597915649414
1121,2021-09-28 04:09:11,515634,3206.3097953796387
1122,2021-09-28 04:09:27,515634,3361.475706100464
1123,2021-09-28 04:09:43,515634,3298.6397743225098
1124,2021-09-28 05:09:00,515634,3245.1817989349365
1125,2021-09-28 05:09:18,515634,3304.1951656341553
1126,2021-09-28 05:09:25,515634,3309.619188308716
1127,2021-09-28 05:09:46,515634,3306.4560890197754
1128,2021-09-28 06:09:11,515634,3300.7559776306152
1129,2021-09-28 06:09:12,515634,3324.206829071045
1130,2021-09-28 06:09:24,515634,3334.9382877349854
1131,2021-09-28 06:09:31,515634,3316.563129425049
1132,2021-09-28 06:09:48,515634,3305.2978515625
1133,2021-09-28 06:09:59,515634,3286.152124404907
1134,2021-09-28 07:09:04,515634,3357.3930263519287
1135,2021-09-28 07:09:04,515634,3344.8290824890137
1136,2021-09-28 07:09:11,515634,3368.7548637390137
1137,2021-09-28 07:09:28,515634,3313.706159591675
1138,2021-09-28 07:09:33,515634,3330.9590816497803
1139,2021-09-28 08:09:24,515634,3307.589054107666
1140,2021-09-28 08:09:33,515634,3330.955982208252
1141,2021-09-28 08:09:40,515634,3327.2390365600586
1142,2021-09-28 08:09:43,515634,3353.747844696045
1143,2021-09-28 08:09:46,515634,3353.524923324585
1144,2021-09-28 08:09:53,515634,3306.442975997925
1145,2021-09-28 09:09:01,515634,3328.0301094055176
1146,2021-09-28 09:09:17,515634,3359.866142272949
1147,2021-09-28 09:09:23,515634,3334.7718715667725
1148,2021-09-28 10:09:02,515635,3346.982002258301
1149,2021-09-28 10:09:29,515635,3377.484083175659
1150,2021-09-28 10:09:30,515635,3322.1871852874756
1151,2021-09-28 11:09:42,515635,3550.851821899414
1152,2021-09-28 11:09:46,515635,3333.5657119750977
1153,2021-09-28 11:09:54,515635,3345.7658290863037
1154,2021-09-28 12:09:51,515635,3306.9307804107666
1155,2021-09-28 12:09:39,515636,3343.9340591430664
1156,2021-09-28 01:09:24,515637,3303.6160469055176
1157,2021-09-28 02:09:18,515637,3364.6907806396484
1158,2021-09-28 02:09:29,515637,3295.5501079559326
1159,2021-09-28 02:09:48,515637,3277.5750160217285
1160,2021-09-28 03:09:09,515637,3337.791919708252
1161,2021-09-28 03:09:39,515637,3339.25199508667
1162,2021-09-28 03:09:34,515638,3297.6250648498535
1163,2021-09-28 03:09:11,515639,3308.0191612243652
1164,2021-09-28 03:09:35,515639,3303.473949432373
1165,2021-09-28 03:09:35,515639,3355.562210083008
1166,2021-09-28 04:09:12,515639,3314.5930767059326
1167,2021-09-28 04:09:52,515639,3291.0847663879395
1168,2021-09-28 04:09:23,515640,3341.309070587158
1169,2021-09-28 04:09:27,515640,3286.907911300659
1170,2021-09-28 05:09:00,515641,3288.5661125183105
1171,2021-09-28 05:09:27,515642,3331.7651748657227
1172,2021-09-28 06:09:53,515642,3470.6127643585205
1173,2021-09-28 07:09:14,515642,3326.726198196411
1174,2021-09-28 07:09:54,515642,3309.8480701446533
1175,2021-09-28 06:09:30,515643,3359.596014022827
1176,2021-09-28 08:09:26,515643,3261.6539001464844
1177,2021-09-28 08:09:30,515643,3692.7740573883057
1178,2021-09-28 08:09:35,515644,3356.260061264038
1179,2021-09-28 09:09:25,515644,3327.8968334198
1180,2021-09-28 08:09:43,515645,3319.9758529663086
1181,2021-09-28 08:09:49,515645,3301.7220497131348
1182,2021-09-28 08:09:56,515645,3321.85697555542
1183,2021-09-28 09:09:25,515645,3323.18377494812
1184,2021-09-28 09:09:32,515645,3311.983108520508
1185,2021-09-28 09:09:58,515645,3419.6677207946777
1186,2021-09-28 09:09:27,515646,3361.2091541290283
1187,2021-09-28 10:09:59,515646,3316.8628215789795
1188,2021-09-28 11:09:37,515646,3309.788942337036
1189,2021-09-28 10:09:44,515647,3324.6169090270996
1190,2021-09-28 11:09:25,515647,3294.771194458008
1191,2021-09-29 12:09:06,515647,3345.134973526001
1192,2021-09-29 12:09:18,515647,3368.7331676483154
1193,2021-09-28 11:09:34,515648,3376.0502338409424
1194,2021-09-29 12:09:40,515650,3361.149787902832
1195,2021-09-29 12:09:51,515650,3334.9339962005615
1196,2021-09-29 03:09:35,515657,3283.1759452819824
1197,2021-09-29 05:09:39,515661,3319.2241191864014
1198,2021-09-29 06:09:41,515661,3322.582006454468
1199,2021-09-29 06:09:44,515662,3300.8270263671875
1200,2021-09-29 07:09:24,515662,3290.031909942627
1201,2021-09-29 07:09:56,515662,3329.0786743164062
1202,2021-09-29 08:09:01,515662,3311.1729621887207
1203,2021-09-29 08:09:09,515662,3314.24880027771
1204,2021-09-29 08:09:28,515662,3300.208806991577
1205,2021-09-29 01:09:32,515666,3309.0529441833496
1206,2021-09-29 09:09:28,515666,3333.7299823760986
1207,2021-09-29 10:09:31,515666,3311.349868774414
1208,2021-09-29 12:09:02,515666,3323.822259902954
1209,2021-09-29 12:09:22,515666,3365.025043487549
1210,2021-09-29 12:09:28,515666,3327.5277614593506
1211,2021-09-29 01:09:31,515667,3320.51420211792
1212,2021-09-29 01:09:51,515667,3300.8270263671875
1213,2021-09-29 02:09:19,515667,3301.028251647949
1214,2021-09-29 04:09:27,515667,3299.5059490203857
1215,2021-09-29 04:09:43,515667,3295.382261276245
1216,2021-09-29 12:09:15,515667,3302.1647930145264
1217,2021-09-30 01:09:13,515667,3319.9286460876465
1218,2021-09-30 01:09:15,515667,3350.3918647766113
1219,2021-09-30 12:09:08,515667,3256.072759628296
1220,2021-09-30 12:09:38,515667,3292.658805847168
1221,2021-09-29 01:09:33,515668,3426.2397289276123
1222,2021-09-29 02:09:40,515668,3347.0821380615234
1223,2021-09-29 04:09:29,515668,3311.4140033721924
1224,2021-09-29 02:09:12,515669,3309.7057342529297
1225,2021-09-29 02:09:28,515669,3326.054096221924
1226,2021-09-29 02:09:34,515669,3300.014019012451
1227,2021-09-29 03:09:54,515669,3313.476800918579
1228,2021-09-29 04:09:20,515669,3322.4151134490967
1229,2021-09-29 05:09:01,515669,3300.3950119018555
1230,2021-09-29 05:09:05,515669,3305.026054382324
1231,2021-09-29 05:09:02,515672,3320.4967975616455
1232,2021-09-29 05:09:38,515672,3349.2259979248047
1233,2021-09-29 06:09:05,515672,3348.6571311950684
1234,2021-09-29 06:09:08,515672,3288.461923599243
1235,2021-09-29 07:09:52,515672,3328.195095062256
1236,2021-09-29 07:09:03,515673,3320.7380771636963
1237,2021-09-29 07:09:12,515673,3341.0420417785645
1238,2021-09-29 08:09:03,515673,3321.0129737854004
1239,2021-09-29 07:09:07,515674,3335.7300758361816
1240,2021-09-29 08:09:58,515674,3283.456802368164
1241,2021-09-29 08:09:14,515675,3303.546190261841
1242,2021-09-29 08:09:15,515675,3282.6268672943115
1243,2021-09-29 08:09:21,515675,3314.863920211792
1244,2021-09-29 09:09:04,515675,3530.7178497314453
1245,2021-09-29 09:09:04,515675,3279.275894165039
1246,2021-09-29 09:09:35,515675,3298.5329627990723
1247,2021-09-29 09:09:37,515675,3298.7308502197266
1248,2021-09-29 09:09:54,515675,3316.1840438842773
1249,2021-09-29 09:09:57,515675,3304.347038269043
1250,2021-09-29 10:09:25,515675,3355.8642864227295
1251,2021-09-29 10:09:33,515675,3338.3960723876953
1252,2021-09-29 11:09:24,515676,3340.2819633483887
1253,2021-09-29 11:09:26,515676,3320.7411766052246
1254,2021-09-30 01:09:26,515679,3251.127004623413
1255,2021-09-30 01:09:39,515679,3320.963144302368
1256,2021-09-30 02:09:06,515679,3306.546688079834
1257,2021-09-30 02:09:28,515679,3293.8930988311768
1258,2021-09-30 01:09:50,515680,3315.037727355957
1259,2021-09-30 03:09:27,515682,3350.1498699188232
1260,2021-09-30 04:09:09,515684,3286.6740226745605
1261,2021-09-30 05:09:03,515684,3310.065984725952
1262,2021-09-30 04:09:47,515685,3334.3520164489746
1263,2021-09-30 05:09:19,515685,3323.591947555542
1264,2021-09-30 06:09:24,515687,3306.4892292022705
1265,2021-09-30 06:09:49,515687,3307.7080249786377
1266,2021-09-30 07:09:01,515687,3341.2728309631348
1267,2021-09-30 07:09:23,515687,3494.075059890747
1268,2021-09-30 11:09:45,515693,3254.162073135376
1269,2021-09-30 12:09:41,515693,3224.2469787597656
1270,2021-09-30 10:09:59,515694,3241.6329383850098
1271,2021-09-30 11:09:39,515694,3242.18487739563
1272,2021-09-30 11:09:53,515694,3254.6048164367676
1273,2021-09-30 11:09:59,515694,3309.6370697021484
1274,2021-09-30 12:09:23,515694,3218.702793121338
1275,2021-09-30 12:09:46,515694,3335.696220397949
1276,2021-09-30 12:09:21,515695,3258.9011192321777
1277,2021-09-30 12:09:30,515695,3252.3350715637207
1278,2021-09-30 01:09:39,515696,3247.9119300842285
1279,2021-09-30 12:09:28,515696,3255.9540271759033
1280,2021-09-30 01:09:02,515697,3234.5781326293945
1281,2021-09-30 01:09:04,515697,3251.8439292907715
1282,2021-09-30 01:09:14,515697,3263.843059539795
1283,2021-09-30 01:09:23,515697,3250.509023666382
1284,2021-09-30 02:09:30,515697,3375.394105911255
1285,2021-09-30 03:09:09,515697,3387.0131969451904
1286,2021-09-30 02:09:34,515698,3243.3388233184814
1287,2021-09-30 02:09:38,515698,3285.936117172241
1288,2021-09-30 03:09:25,515698,3260.0700855255127
1289,2021-09-30 03:09:46,515698,3234.9259853363037
1290,2021-09-30 02:09:51,515699,3250.7669925689697
1291,2021-09-30 03:09:05,515699,3236.186981201172
1292,2021-09-30 04:09:04,515700,3227.207899093628
1293,2021-09-30 05:09:34,515700,3407.468795776367
1294,2021-09-30 04:09:52,515701,3215.7230377197266
1295,2021-09-30 05:09:36,515701,3230.8671474456787
1296,2021-09-30 05:09:38,515701,3246.216058731079
1297,2021-09-30 05:09:47,515702,3244.136095046997
1298,2021-09-30 06:09:26,515702,3236.8500232696533
1299,2021-09-30 06:09:08,515704,3272.5162506103516
1300,2021-09-30 06:09:17,515704,3269.273042678833
1301,2021-09-30 07:09:36,515704,3247.1768856048584
1302,2021-09-30 07:09:44,515704,3257.519006729126
1303,2021-09-30 07:09:58,515704,3261.090040206909
1304,2021-09-30 08:09:35,515705,3192.6820278167725
1305,2021-09-30 08:09:39,515705,3276.326894760132
1306,2021-09-30 10:09:12,515707,3245.0180053710938
1307,2021-09-30 10:09:50,515707,3226.0231971740723
1308,2021-09-30 11:09:30,515710,3263.6730670928955
1309,2021-10-01 12:10:26,515710,3220.628023147583
1310,2021-10-01 12:10:28,515710,3222.1930027008057
1311,2021-10-01 12:10:44,515710,3237.868070602417
1312,2021-10-01 01:10:55,515711,3258.8353157043457
1313,2021-10-01 12:10:15,515711,3215.6429290771484
1314,2021-10-01 01:10:42,515713,3259.427070617676
1315,2021-10-01 11:10:00,515713,3258.168935775757
1316,2021-10-01 12:10:17,515713,3213.545083999634
1317,2021-10-01 12:10:47,515713,3220.097064971924
1318,2021-10-01 05:10:06,515717,3233.2780361175537
1319,2021-10-01 05:10:34,515718,3347.212076187134
1320,2021-10-01 06:10:16,515718,3368.297815322876
1321,2021-10-01 07:10:20,515718,3370.119094848633
1322,2021-10-01 07:10:53,515718,3347.4771976470947
1323,2021-10-01 11:10:02,515728,3460.430860519409
1324,2021-10-01 11:10:53,515728,3419.785976409912
1325,2021-10-01 01:10:17,515730,3381.0179233551025
1326,2021-10-01 02:10:27,515730,3408.050060272217
1327,2021-10-01 03:10:40,515730,3402.9159545898438
1328,2021-10-01 04:10:41,515730,3564.545154571533
1329,2021-10-01 05:10:08,515730,3382.2731971740723
1330,2021-10-01 05:10:25,515730,3391.6499614715576
1331,2021-10-01 05:10:38,515730,3411.7002487182617
1332,2021-10-01 05:10:47,515730,3405.698299407959
1333,2021-10-01 07:10:05,515730,3394.2859172821045
1334,2021-10-01 11:10:02,515730,3379.8820972442627
1335,2021-10-01 11:10:05,515730,3385.0719928741455
1336,2021-10-01 11:10:31,515730,3400.233030319214
1337,2021-10-01 12:10:06,515730,3412.4507904052734
1338,2021-10-01 12:10:08,515730,3395.9689140319824
1339,2021-10-01 12:10:18,515730,3409.7299575805664
1340,2021-10-01 12:10:54,515730,3385.0197792053223
1341,2021-10-01 04:10:27,515731,3399.0800380706787
1342,2021-10-01 05:10:21,515731,3406.304121017456
1343,2021-10-01 07:10:05,515732,3357.1760654449463
1344,2021-10-01 07:10:47,515732,3397.7630138397217
1345,2021-10-01 08:10:05,515732,3397.3238468170166
1346,2021-10-01 08:10:05,515732,3372.2403049468994
1347,2021-10-01 08:10:31,515732,3358.027935028076
1348,2021-10-01 08:10:53,515732,3394.619941711426
1349,2021-10-01 07:10:43,515733,3251.8582344055176
1350,2021-10-01 08:10:26,515733,3298.3908653259277
1351,2021-10-02 01:10:08,515735,3521.787166595459
1352,2021-10-02 01:10:18,515735,3471.07195854187
1353,2021-10-02 01:10:54,515735,3360.219955444336
1354,2021-10-02 02:10:04,515735,3506.499767303467
1355,2021-10-02 03:10:16,515735,3402.0678997039795
1356,2021-10-02 03:10:17,515735,3393.63694190979
1357,2021-10-02 03:10:20,515735,3372.7409839630127
1358,2021-10-02 01:10:00,515736,3490.0429248809814
1359,2021-10-02 03:10:31,515736,3396.409034729004
1360,2021-10-02 03:10:37,515736,3344.5630073547363
1361,2021-10-02 03:10:45,515736,3386.7337703704834
1362,2021-10-02 05:10:12,515736,3393.672227859497
1363,2021-10-02 05:10:33,515736,3393.9528465270996
1364,2021-10-02 07:10:26,515736,3365.541934967041
1365,2021-10-02 07:10:56,515736,3382.368803024292
1366,2021-10-02 08:10:02,515736,3376.199722290039
1367,2021-10-02 08:10:10,515736,3367.8619861602783
1368,2021-10-02 08:10:42,515736,3362.035036087036
1369,2021-10-02 09:10:36,515736,3369.6389198303223
1370,2021-10-02 09:10:50,515736,3352.1828651428223
1371,2021-10-02 10:10:19,515736,3395.087957382202
1372,2021-10-02 12:10:55,515736,3420.759916305542
1373,2021-10-03 03:10:12,515737,3354.914903640747
1374,2021-10-03 05:10:36,515737,3331.6359519958496
1375,2021-10-03 07:10:18,515737,3352.1981239318848
1376,2021-10-03 08:10:49,515737,3448.9428997039795
1377,2021-10-03 12:10:08,515737,3370.631217956543
1378,2021-10-03 12:10:27,515737,3352.051019668579
1379,2021-10-03 03:10:31,515738,3348.3002185821533
1380,2021-10-03 03:10:32,515738,3503.6420822143555
1381,2021-10-03 03:10:38,515738,3531.1191082000732
1382,2021-10-03 03:10:54,515738,3407.5820446014404
1383,2021-10-03 04:10:19,515738,3364.4728660583496
1384,2021-10-03 04:10:21,515738,3375.4351139068604
1385,2021-10-03 04:10:52,515738,3354.123115539551
1386,2021-10-03 05:10:03,515738,3357.182741165161
1387,2021-10-03 05:10:33,515738,3354.503870010376
1388,2021-10-03 06:10:26,515738,3360.675811767578
1389,2021-10-03 06:10:28,515738,3388.414144515991
1390,2021-10-03 03:10:13,515739,3360.375165939331
1391,2021-10-03 06:10:48,515739,3348.7470149993896
1392,2021-10-03 08:10:14,515739,3372.1890449523926
1393,2021-10-03 08:10:46,515739,3357.757806777954
1394,2021-10-03 10:10:33,515739,3387.829065322876
1395,2021-10-03 11:10:20,515739,3381.7832469940186
1396,2021-10-04 01:10:38,515739,3394.085645675659
1397,2021-10-04 02:10:54,515739,3376.027822494507
1398,2021-10-04 03:10:11,515739,3398.0581760406494
1399,2021-10-04 03:10:58,515739,3359.33518409729
1400,2021-10-04 01:10:35,515741,3383.7809562683105
1401,2021-10-04 01:10:35,515741,3385.918140411377
1402,2021-10-04 01:10:55,515741,3290.811061859131
1403,2021-10-04 02:10:12,515741,3374.7599124908447
1404,2021-10-04 02:10:31,515741,3281.3100814819336
1405,2021-10-04 03:10:01,515741,3347.7420806884766
1406,2021-10-04 03:10:19,515741,3351.828098297119
1407,2021-10-04 10:10:37,515741,3491.068124771118
1408,2021-10-04 10:10:43,515741,3360.172986984253
1409,2021-10-04 11:10:12,515741,3332.101821899414
1410,2021-10-04 11:10:13,515741,3370.558023452759
1411,2021-10-04 11:10:54,515741,3390.619993209839
1412,2021-10-04 12:10:14,515741,3404.796838760376
1413,2021-10-04 12:10:22,515741,3294.94309425354
1414,2021-10-04 03:10:44,515743,3431.114912033081
1415,2021-10-04 04:10:11,515743,3368.1247234344482
1416,2021-10-04 05:10:45,515745,3372.5342750549316
1417,2021-10-04 05:10:51,515747,3357.616186141968
1418,2021-10-04 06:10:38,515747,3364.6669387817383
1419,2021-10-04 06:10:58,515747,3381.5109729766846
1420,2021-10-04 07:10:01,515747,3379.5721530914307
1421,2021-10-04 07:10:05,515747,3357.0632934570312
1422,2021-10-04 07:10:06,515747,3433.1350326538086
1423,2021-10-04 07:10:56,515747,3383.1019401550293
1424,2021-10-04 08:10:02,515747,3371.9005584716797
1425,2021-10-04 08:10:50,515747,3381.2079429626465
1426,2021-10-04 07:10:37,515748,3369.3130016326904
1427,2021-10-04 08:10:01,515748,3403.8219451904297
1428,2021-10-04 09:10:31,515748,3379.7919750213623
1429,2021-10-04 09:10:32,515748,3259.814977645874
1430,2021-10-04 09:10:36,515748,3376.4309883117676
1431,2021-10-04 09:10:52,515748,3369.381904602051
1432,2021-10-04 10:10:25,515748,3379.2097568511963
1433,2021-10-04 10:10:52,515748,3378.3211708068848
1434,2021-10-04 10:10:58,515748,3590.390920639038
1435,2021-10-04 11:10:17,515748,3408.478021621704
1436,2021-10-04 11:10:47,515748,3380.6381225585938
1437,2021-10-04 11:10:54,515748,3352.245092391968
1438,2021-10-05 01:10:48,515748,3382.8587532043457
1439,2021-10-05 12:10:08,515748,3355.799913406372
1440,2021-10-05 12:10:55,515748,3365.6108379364014
1441,2021-10-05 01:10:12,515749,3273.463010787964
1442,2021-10-05 01:10:26,515749,3345.6900119781494
1443,2021-10-05 12:10:10,515749,3283.799648284912
1444,2021-10-05 12:10:33,515749,3380.537986755371
1445,2021-10-05 01:10:04,515750,3356.5471172332764
1446,2021-10-05 02:10:04,515750,3379.045009613037
1447,2021-10-05 02:10:29,515750,3582.6809406280518
1448,2021-10-05 03:10:41,515750,3374.9849796295166
1449,2021-10-05 04:10:02,515750,3363.1057739257812
1450,2021-10-05 04:10:22,515750,3407.855987548828
1451,2021-10-05 06:10:01,515753,3364.4309043884277
1452,2021-10-05 06:10:17,515753,3636.571168899536
1453,2021-10-05 06:10:19,515753,3423.7658977508545
1454,2021-10-05 06:10:55,515753,3588.0680084228516
1455,2021-10-05 07:10:03,515753,3374.312162399292
1456,2021-10-05 08:10:44,515753,3399.43528175354
1457,2021-10-05 07:10:17,515754,3431.262969970703
1458,2021-10-05 07:10:38,515754,3433.16388130188
1459,2021-10-05 07:10:42,515754,3429.6371936798096
1460,2021-10-05 08:10:22,515754,3379.487991333008
1461,2021-10-05 08:10:29,515754,3402.418851852417
1462,2021-10-05 08:10:59,515754,3437.72292137146
1463,2021-10-05 09:10:12,515754,3433.318853378296
1464,2021-10-05 09:10:40,515754,3396.3000774383545
1465,2021-10-05 10:10:06,515754,3508.033037185669
1466,2021-10-05 10:10:15,515754,3466.775894165039
1467,2021-10-05 01:10:00,515757,3391.8659687042236
1468,2021-10-05 01:10:16,515757,3455.6939601898193
1469,2021-10-05 01:10:16,515757,3349.8170375823975
1470,2021-10-05 01:10:17,515757,3373.540163040161
1471,2021-10-05 01:10:27,515757,3367.3970699310303
1472,2021-10-05 01:10:37,515757,3491.068124771118
1473,2021-10-05 01:10:44,515757,3372.631072998047
1474,2021-10-05 01:10:44,515757,3391.8540477752686
1475,2021-10-05 01:10:49,515757,3392.598867416382
1476,2021-10-05 02:10:10,515757,3449.226140975952
1477,2021-10-05 02:10:18,515757,3545.409917831421
1478,2021-10-05 02:10:24,515757,3417.4859523773193
1479,2021-10-05 02:10:46,515757,3401.85284614563
1480,2021-10-05 02:10:50,515757,3389.749050140381
1481,2021-10-05 03:10:01,515757,3359.2851161956787
1482,2021-10-05 03:10:09,515757,3372.5192546844482
1483,2021-10-05 03:10:15,515757,3346.4369773864746
1484,2021-10-05 03:10:17,515757,3353.2307147979736
1485,2021-10-05 03:10:23,515757,3374.5760917663574
1486,2021-10-05 03:10:57,515757,3373.7740516662598
1487,2021-10-05 04:10:27,515757,3352.6461124420166
1488,2021-10-05 04:10:58,515757,3396.8091011047363
1489,2021-10-05 09:10:19,515757,3409.965991973877
1490,2021-10-05 09:10:32,515757,3360.481023788452
1491,2021-10-05 10:10:15,515757,3418.7192916870117
1492,2021-10-05 10:10:30,515757,3377.2568702697754
1493,2021-10-05 10:10:50,515757,3415.518045425415
1494,2021-10-05 11:10:34,515757,3381.4260959625244
1495,2021-10-05 11:10:38,515757,3396.099090576172
1496,2021-10-05 11:10:47,515757,3375.959873199463
1497,2021-10-05 11:10:51,515757,3384.6051692962646
1498,2021-10-05 11:10:58,515757,3385.422945022583
1499,2021-10-05 12:10:21,515757,3405.212879180908
1500,2021-10-05 12:10:23,515757,3374.638080596924
1501,2021-10-05 12:10:33,515757,3395.163059234619
1502,2021-10-05 12:10:34,515757,3384.5608234405518
1503,2021-10-05 12:10:38,515757,3380.9847831726074
1504,2021-10-05 12:10:39,515757,3369.499921798706
1505,2021-10-05 02:10:26,515758,3343.97292137146
1506,2021-10-05 02:10:55,515758,3386.2760066986084
1507,2021-10-05 03:10:41,515758,3383.833169937134
1508,2021-10-05 04:10:55,515758,3524.8589515686035
1509,2021-10-05 04:10:20,515759,3360.9702587127686
1510,2021-10-05 06:10:44,515759,3375.491142272949
1511,2021-10-05 05:10:17,515760,3297.956705093384
1512,2021-10-05 06:10:25,515761,3372.8179931640625
1513,2021-10-05 08:10:36,515761,3371.509790420532
1514,2021-10-05 08:10:20,515764,3418.2486534118652
1515,2021-10-05 09:10:59,515764,3365.100145339966
1516,2021-10-05 10:10:11,515768,3379.078149795532
1517,2021-10-05 10:10:22,515768,3441.890001296997
1518,2021-10-05 11:10:21,515768,3335.894823074341
1519,2021-10-05 11:10:45,515769,3361.4461421966553
1520,2021-10-06 01:10:35,515769,3367.3148155212402
1521,2021-10-06 01:10:38,515770,3357.6881885528564
1522,2021-10-06 02:10:10,515770,3392.9669857025146
1523,2021-10-06 02:10:46,515770,3378.5171508789062
1524,2021-10-06 12:10:41,515770,3359.8897457122803
1525,2021-10-06 01:10:07,515772,3382.3227882385254
1526,2021-10-06 02:10:18,515772,3468.7838554382324
1527,2021-10-06 03:10:37,515772,3369.9162006378174
1528,2021-10-06 03:10:53,515772,3424.839973449707
1529,2021-10-06 01:10:04,515779,3312.220811843872
1530,2021-10-06 01:10:11,515779,3289.7119522094727
1531,2021-10-06 01:10:16,515779,3377.2106170654297
1532,2021-10-06 01:10:31,515779,3379.4660568237305
1533,2021-10-06 01:10:37,515779,3348.3991622924805
1534,2021-10-06 01:10:50,515779,3407.6662063598633
1535,2021-10-06 01:10:51,515779,3357.5329780578613
1536,2021-10-06 02:10:20,515779,3395.4460620880127
1537,2021-10-06 02:10:40,515779,3355.0281524658203
1538,2021-10-06 02:10:46,515779,3580.7440280914307
1539,2021-10-06 02:10:50,515779,3377.3231506347656
1540,2021-10-06 02:10:59,515779,3360.1720333099365
1541,2021-10-06 03:10:42,515779,3376.6770362854004
1542,2021-10-06 03:10:53,515779,3372.1139430999756
1543,2021-10-06 06:10:43,515779,3373.1110095977783
1544,2021-10-06 06:10:49,515779,3353.39093208313
1545,2021-10-06 07:10:09,515779,3378.0410289764404
1546,2021-10-06 07:10:31,515779,3368.8130378723145
1547,2021-10-06 07:10:34,515779,3376.2381076812744
1548,2021-10-06 07:10:50,515779,3384.794235229492
1549,2021-10-06 08:10:06,515779,3398.800849914551
1550,2021-10-06 08:10:16,515779,3356.5659523010254
1551,2021-10-06 08:10:24,515779,3363.265037536621
1552,2021-10-06 08:10:38,515779,3348.5658168792725
1553,2021-10-06 08:10:45,515779,3369.084119796753
1554,2021-10-06 08:10:47,515779,3414.54815864563
1555,2021-10-06 09:10:09,515779,3638.8120651245117
1556,2021-10-06 09:10:23,515779,3502.3109912872314
1557,2021-10-06 10:10:40,515779,3395.2090740203857
1558,2021-10-06 11:10:06,515779,3382.8091621398926
1559,2021-10-06 11:10:17,515779,3386.723041534424
1560,2021-10-06 11:10:39,515779,3425.2748489379883
1561,2021-10-06 11:10:47,515779,3376.948118209839
1562,2021-10-06 12:10:21,515779,3373.4920024871826
1563,2021-10-06 12:10:40,515779,3322.026014328003
1564,2021-10-06 12:10:50,515779,3488.891124725342
1565,2021-10-06 12:10:53,515779,3365.600109100342
1566,2021-10-06 12:10:58,515779,3382.0860385894775
1567,2021-10-07 05:10:31,515779,3430.2737712860107
1568,2021-10-07 05:10:32,515779,3378.349781036377
1569,2021-10-07 05:10:36,515779,3344.0892696380615
1570,2021-10-06 03:10:18,515780,3369.9140548706055
1571,2021-10-06 03:10:29,515780,3391.340732574463
1572,2021-10-06 03:10:34,515780,3403.7599563598633
1573,2021-10-06 03:10:43,515780,3375.324010848999
1574,2021-10-06 04:10:12,515780,3349.8761653900146
1575,2021-10-06 04:10:12,515780,3350.6922721862793
1576,2021-10-06 04:10:25,515780,3346.1501598358154
1577,2021-10-06 04:10:35,515780,3375.4570484161377
1578,2021-10-06 04:10:48,515780,3389.0671730041504
1579,2021-10-06 05:10:23,515780,3416.5899753570557
1580,2021-10-06 05:10:29,515780,3368.868112564087
1581,2021-10-06 05:10:33,515780,3354.3241024017334
1582,2021-10-06 05:10:17,515781,3352.4951934814453
1583,2021-10-06 06:10:30,515781,3346.8031883239746
1584,2021-10-06 06:10:44,515781,3368.4749603271484
1585,2021-10-06 06:10:56,515781,3386.5129947662354
1586,2021-10-06 07:10:09,515781,3328.4201622009277
1587,2021-10-06 08:10:24,515781,3331.605911254883
1588,2021-10-06 07:10:34,515783,3346.3499546051025
1589,2021-10-06 07:10:55,515783,3344.8469638824463
1590,2021-10-06 09:10:27,515783,3292.243242263794
1591,2021-10-06 09:10:37,515783,3281.1949253082275
1592,2021-10-06 10:10:20,515784,3323.599100112915
1593,2021-10-06 11:10:12,515784,3292.865753173828
1594,2021-10-06 11:10:25,515784,3294.5666313171387
1595,2021-10-06 11:10:49,515784,3326.2059688568115
1596,2021-10-07 04:10:55,515785,3301.582098007202
1597,2021-10-07 05:10:01,515785,3311.379909515381
1598,2021-10-07 06:10:11,515785,3308.9871406555176
1599,2021-10-07 07:10:21,515785,3298.5520362854004
1600,2021-10-07 08:10:14,515785,3361.2210750579834
1601,2021-10-07 08:10:42,515785,3311.6729259490967
1602,2021-10-07 06:10:43,515787,3515.9220695495605
1603,2021-10-07 01:10:09,515791,3354.3291091918945
1604,2021-10-07 02:10:23,515791,3321.8228816986084
1605,2021-10-07 12:10:54,515791,3328.611135482788
1606,2021-10-07 05:10:36,515797,3416.7590141296387
1607,2021-10-07 06:10:05,515797,3421.877861022949
1608,2021-10-07 06:10:26,515797,3435.077905654907
1609,2021-10-07 06:10:29,515797,3433.868169784546
1610,2021-10-07 06:10:47,515797,3416.9538021087646
1611,2021-10-07 06:10:49,515797,3425.9538650512695
1612,2021-10-07 07:10:36,515797,3438.595771789551
1613,2021-10-07 07:10:42,515797,3410.6180667877197
1614,2021-10-07 07:10:45,515797,3435.0240230560303
1615,2021-10-07 08:10:03,515797,3435.242176055908
1616,2021-10-07 08:10:21,515797,3379.0879249572754
1617,2021-10-07 08:10:45,515797,3412.5900268554688
1618,2021-10-07 08:10:51,515797,3462.1357917785645
1619,2021-10-07 09:10:18,515797,3479.5079231262207
1620,2021-10-07 09:10:38,515797,3444.6020126342773
1621,2021-10-07 10:10:29,515797,3423.491954803467
1622,2021-10-07 10:10:41,515797,3562.174081802368
1623,2021-10-07 09:10:06,515798,3416.5310859680176
1624,2021-10-07 10:10:35,515798,3431.7610263824463
1625,2021-10-07 11:10:38,515798,3414.026975631714
1626,2021-10-08 12:10:40,515798,3464.0512466430664
1627,2021-10-07 11:10:22,515799,3406.4900875091553
1628,2021-10-08 01:10:11,515799,3338.3069038391113
1629,2021-10-08 02:10:40,515799,3294.908046722412
1630,2021-10-08 02:10:53,515799,3351.898193359375
1631,2021-10-08 12:10:07,515799,3417.7138805389404
1632,2021-10-08 12:10:10,515799,3317.047119140625
1633,2021-10-08 12:10:41,515799,3428.7109375
1634,2021-10-08 01:10:56,515800,3320.5606937408447
1635,2021-10-08 02:10:05,515800,3336.5869522094727
1636,2021-10-08 02:10:37,515800,3414.249897003174
1637,2021-10-08 03:10:25,515800,3414.053201675415
1638,2021-10-08 12:10:12,515800,3392.4500942230225
1639,2021-10-08 04:10:20,515801,3344.6850776672363
1640,2021-10-08 04:10:27,515801,3418.536901473999
1641,2021-10-08 04:10:36,515801,3430.528163909912
1642,2021-10-08 05:10:06,515801,3414.47377204895
1643,2021-10-08 05:10:14,515801,3442.3701763153076
1644,2021-10-08 05:10:16,515801,3400.704860687256
1645,2021-10-08 05:10:30,515801,3468.0027961730957
1646,2021-10-08 05:10:45,515801,3321.5718269348145
1647,2021-10-08 05:10:50,515801,3426.8503189086914
1648,2021-10-08 06:10:10,515801,3431.307792663574
1649,2021-10-08 06:10:17,515801,3441.492795944214
1650,2021-10-08 06:10:29,515801,3401.442289352417
1651,2021-10-08 06:10:45,515801,3542.6831245422363
1652,2021-10-08 08:10:04,515802,3417.508125305176
1653,2021-10-08 08:10:19,515802,3349.586009979248
1654,2021-10-08 08:10:23,515802,3433.2919120788574
1655,2021-10-08 09:10:02,515802,3394.103765487671
1656,2021-10-08 09:10:06,515802,3424.55792427063
1657,2021-10-08 09:10:35,515802,3444.4568157196045
1658,2021-10-08 09:10:45,515802,3444.571018218994
1659,2021-10-08 09:10:57,515802,3431.8618774414062
1660,2021-10-08 10:10:03,515802,3415.75288772583
1661,2021-10-08 10:10:05,515802,3483.2980632781982
1662,2021-10-08 10:10:13,515802,3366.6608333587646
1663,2021-10-08 10:10:22,515802,3384.744882583618
1664,2021-10-08 10:10:24,515802,3484.3292236328125
1665,2021-10-08 10:10:39,515802,3359.7609996795654
1666,2021-10-08 10:10:53,515802,3378.7550926208496
1667,2021-10-08 12:10:09,515802,3413.2473468780518
1668,2021-10-08 12:10:33,515802,3434.1909885406494
1669,2021-10-08 12:10:41,515802,3410.2039337158203
1670,2021-10-08 12:10:41,515802,3398.0112075805664
1671,2021-10-09 09:10:45,515802,3418.4370040893555
1672,2021-10-09 09:10:52,515802,3394.5348262786865
1673,2021-10-08 01:10:11,515803,3367.7408695220947
1674,2021-10-08 01:10:12,515803,3309.4730377197266
1675,2021-10-08 01:10:17,515803,3313.4608268737793
1676,2021-10-08 01:10:25,515803,3332.797050476074
1677,2021-10-08 01:10:38,515803,3332.198143005371
1678,2021-10-08 01:10:49,515803,3316.6651725769043
1679,2021-10-08 02:10:19,515803,3294.518232345581
1680,2021-10-08 02:10:22,515803,3318.305015563965
1681,2021-10-08 02:10:43,515803,3303.158760070801
1682,2021-10-08 02:10:44,515803,3362.6739978790283
1683,2021-10-08 02:10:47,515803,3309.959888458252
1684,2021-10-08 03:10:06,515803,3345.960855484009
1685,2021-10-08 03:10:25,515803,3363.5778427124023
1686,2021-10-08 03:10:59,515803,3317.1379566192627
1687,2021-10-08 04:10:20,515803,3350.4741191864014
1688,2021-10-08 04:10:41,515803,3585.8230590820312
1689,2021-10-08 04:10:50,515803,3326.953887939453
1690,2021-10-08 07:10:17,515803,3390.2597427368164
1691,2021-10-08 09:10:31,515803,3328.2721042633057
1692,2021-10-08 10:10:35,515803,3323.221206665039
1693,2021-10-08 11:10:40,515803,3341.264009475708
1694,2021-10-08 12:10:16,515803,3299.476146697998
1695,2021-10-08 12:10:24,515803,3313.6370182037354
1696,2021-10-08 12:10:35,515803,3272.0730304718018
1697,2021-10-08 12:10:42,515803,3371.5789318084717
1698,2021-10-08 03:10:20,515804,3331.573009490967
1699,2021-10-08 03:10:45,515804,3329.8261165618896
1700,2021-10-08 06:10:31,515804,3349.6861457824707
1701,2021-10-08 06:10:49,515804,3332.4761390686035
1702,2021-10-08 01:10:11,515805,3326.5926837921143
1703,2021-10-08 02:10:28,515805,3295.4108715057373
1704,2021-10-08 04:10:30,515806,3320.7499980926514
1705,2021-10-08 07:10:18,515806,3331.456184387207
1706,2021-10-09 03:10:15,515806,3313.6909008026123
1707,2021-10-09 03:10:53,515806,3304.7001361846924
1708,2021-10-08 07:10:13,515808,3308.556079864502
1709,2021-10-08 07:10:14,515808,3369.037866592407
1710,2021-10-08 07:10:52,515808,3295.5141067504883
1711,2021-10-08 09:10:25,515808,3302.452802658081
1712,2021-10-09 03:10:07,515808,3302.29115486145
1713,2021-10-09 05:10:28,515808,3343.5561656951904
1714,2021-10-09 05:10:31,515808,3298.7630367279053
1715,2021-10-09 05:10:52,515808,3319.0701007843018
1716,2021-10-08 09:10:03,515809,3361.4139556884766
1717,2021-10-09 03:10:22,515809,3318.8939094543457
1718,2021-10-09 04:10:38,515811,3362.015962600708
1719,2021-10-09 07:10:17,515811,3313.54022026062
1720,2021-10-09 08:10:52,515811,3300.227642059326
1721,2021-10-09 09:10:18,515811,3366.0659790039062
1722,2021-10-09 09:10:36,515811,3364.974021911621
1723,2021-10-09 10:10:16,515811,3314.4102096557617
1724,2021-10-09 10:10:23,515811,3377.5429725646973
1725,2021-10-09 11:10:18,515811,3302.5898933410645
1726,2021-10-09 11:10:34,515811,3346.566915512085
1727,2021-10-09 11:10:34,515811,3312.918186187744
1728,2021-10-09 12:10:08,515811,3332.3700428009033
1729,2021-10-09 12:10:39,515811,3339.129686355591
1730,2021-10-09 12:10:47,515811,3390.7740116119385
1731,2021-10-09 12:10:55,515811,3283.2658290863037
1732,2021-10-09 01:10:23,515813,3317.8787231445312
1733,2021-10-09 11:10:38,515813,3298.6390590667725
1734,2021-10-09 12:10:57,515813,3349.759101867676
1735,2021-10-09 02:10:55,515814,3599.241018295288
1736,2021-10-09 04:10:10,515814,3395.7979679107666
1737,2021-10-09 03:10:17,515816,3376.7759799957275
1738,2021-10-09 05:10:01,515816,3314.2940998077393
1739,2021-10-09 09:10:15,515818,3314.7799968719482
1740,2021-10-09 09:10:37,515818,3314.8040771484375
1741,2021-10-10 05:10:23,515818,3282.025098800659
1742,2021-10-10 07:10:28,515818,3293.0397987365723
1743,2021-10-10 08:10:43,515818,3319.831132888794
1744,2021-10-10 08:10:59,515818,3348.0918407440186
1745,2021-10-09 09:10:42,515819,3335.963249206543
1746,2021-10-09 10:10:05,515819,3290.294885635376
1747,2021-10-09 10:10:22,515819,3287.6389026641846
1748,2021-10-10 09:10:06,515819,3389.2719745635986
1749,2021-10-10 09:10:48,515819,3358.1268787384033
1750,2021-10-10 11:10:50,515819,3330.3089141845703
1751,2021-10-09 10:10:20,515820,3431.638240814209
1752,2021-10-10 06:10:34,515820,3381.5877437591553
1753,2021-10-10 11:10:26,515820,3403.587818145752
1754,2021-10-09 10:10:54,515822,3378.228187561035
1755,2021-10-10 01:10:44,515822,3410.446882247925
1756,2021-10-10 09:10:45,515822,3346.0628986358643
1757,2021-10-10 03:10:02,515825,3428.4021854400635
1758,2021-10-10 04:10:01,515825,3424.5901107788086
1759,2021-10-10 04:10:49,515825,3371.7081546783447
1760,2021-10-10 10:10:36,515825,3364.5620346069336
1761,2021-10-10 01:10:12,515827,3306.9100379943848
1762,2021-10-10 04:10:10,515827,3283.2350730895996
1763,2021-10-10 04:10:38,515827,3290.7590866088867
1764,2021-10-10 04:10:38,515827,3305.4070472717285
1765,2021-10-10 04:10:40,515827,3410.50386428833
1766,2021-10-10 05:10:34,515827,3344.2461490631104
1767,2021-10-10 06:10:32,515827,3392.63916015625
1768,2021-10-10 06:10:36,515827,3385.560989379883
1769,2021-10-10 11:10:30,515827,3526.789903640747
1770,2021-10-10 11:10:33,515827,3372.868061065674
1771,2021-10-10 01:10:54,515829,3367.8228855133057
1772,2021-10-10 04:10:10,515829,3338.7787342071533
1773,2021-10-10 06:10:14,515829,3329.8161029815674
1774,2021-10-10 06:10:17,515829,3459.111213684082
1775,2021-10-10 08:10:14,515829,3432.4960708618164
1776,2021-10-10 08:10:49,515829,3360.2988719940186
1777,2021-10-10 08:10:50,515829,3377.047061920166
1778,2021-10-10 08:10:56,515829,3369.7428703308105
1779,2021-10-10 10:10:26,515829,3349.905014038086
1780,2021-10-10 12:10:25,515829,3560.4891777038574
1781,2021-10-10 06:10:17,515830,3580.075979232788
1782,2021-10-10 06:10:56,515830,3409.679174423218
1783,2021-10-10 08:10:02,515830,3394.270181655884
1784,2021-10-10 09:10:23,515830,3337.585687637329
1785,2021-10-10 09:10:32,515830,3434.5970153808594
1786,2021-10-10 10:10:33,515830,3329.4460773468018
1787,2021-10-10 10:10:35,515830,3361.948013305664
1788,2021-10-10 11:10:05,515830,3460.6728553771973
1789,2021-10-10 11:10:53,515830,3353.8410663604736
1790,2021-10-11 12:10:07,515830,3380.3749084472656
1791,2021-10-11 12:10:54,515830,3429.5248985290527
1792,2021-10-10 09:10:48,515832,3346.2140560150146
1793,2021-10-10 10:10:53,515832,3335.782051086426
1794,2021-10-11 01:10:43,515832,3460.566997528076
1795,2021-10-11 01:10:54,515832,3334.4380855560303
1796,2021-10-11 03:10:51,515835,3346.7040061950684
1797,2021-10-11 04:10:14,515835,3417.5150394439697
1798,2021-10-11 05:10:02,515835,3356.904983520508
1799,2021-10-11 05:10:49,515835,3358.5238456726074
1800,2021-10-11 05:10:16,515836,3338.503122329712
1801,2021-10-11 06:10:31,515836,3380.7146549224854
1802,2021-10-11 01:10:47,515837,3392.9450511932373
1803,2021-10-11 09:10:32,515837,3482.8901290893555
1804,2021-10-11 09:10:36,515837,3705.036163330078
1805,2021-10-11 10:10:09,515837,3390.7980918884277
1806,2021-10-11 10:10:52,515837,3349.4811058044434
1807,2021-10-11 11:10:03,515837,3354.2520999908447
1808,2021-10-11 11:10:58,515837,3443.018913269043
1809,2021-10-11 02:10:38,515838,3447.2241401672363
1810,2021-10-11 02:10:45,515838,3662.180185317993
1811,2021-10-11 02:10:49,515838,3359.10701751709
1812,2021-10-11 05:10:12,515838,3388.068914413452
1813,2021-10-11 11:10:45,515838,3378.2999515533447
1814,2021-10-12 07:10:44,515838,3359.5080375671387
1815,2021-10-11 11:10:52,515839,3342.9718017578125
1816,2021-10-13 06:10:20,515839,3304.0709495544434
1817,2021-10-12 08:10:12,515840,3374.8021125793457
1818,2021-10-14 10:10:06,515840,3350.929021835327
1819,2021-10-12 08:10:33,515841,3535.9458923339844
1820,2021-10-13 01:10:38,515841,3344.341993331909
1821,2021-10-12 04:10:39,515843,3325.9201049804688
1822,2021-10-12 11:10:28,515843,3335.2560997009277
1823,2021-10-12 11:10:54,515843,3344.0139293670654
1824,2021-10-12 12:10:11,515843,3322.2756385803223
1825,2021-10-12 12:10:14,515843,3362.632989883423
1826,2021-10-14 05:10:51,515843,3332.3183059692383
1827,2021-10-14 07:10:24,515843,3347.3942279815674
1828,2021-10-14 07:10:54,515843,3353.1529903411865
1829,2021-10-14 08:10:55,515843,3406.4781665802
1830,2021-10-14 10:10:45,515843,3332.413911819458
1831,2021-10-13 02:10:06,515846,3315.108060836792
1832,2021-10-13 02:10:17,515846,3319.6370601654053
1833,2021-10-13 02:10:18,515846,3335.1268768310547
1834,2021-10-13 02:10:50,515846,3626.410961151123
1835,2021-10-13 03:10:25,515846,3361.224889755249
1836,2021-10-13 05:10:12,515846,3321.1660385131836
1837,2021-10-14 06:10:35,515846,3322.756767272949
1838,2021-10-14 07:10:12,515846,3309.0178966522217
1839,2021-10-14 08:10:16,515846,3553.9660453796387
1840,2021-10-14 08:10:48,515846,3408.445119857788
1841,2021-10-13 01:10:02,515852,3337.636947631836
1842,2021-10-13 01:10:17,515852,3336.81321144104
1843,2021-10-13 01:10:52,515852,3315.5598640441895
1844,2021-10-13 05:10:16,515852,3294.079065322876
1845,2021-10-13 05:10:30,515852,3311.6581439971924
1846,2021-10-13 05:10:58,515852,3367.84291267395
1847,2021-10-13 06:10:13,515852,3310.4121685028076
1848,2021-10-13 06:10:19,515852,3290.7650470733643
1849,2021-10-13 06:10:24,515852,3300.348997116089
1850,2021-10-13 11:10:57,515852,3303.8861751556396
1851,2021-10-14 06:10:06,515852,3363.595962524414
1852,2021-10-14 06:10:21,515852,3300.615072250366
1853,2021-10-14 06:10:58,515852,3309.720039367676
1854,2021-10-14 08:10:06,515852,3302.2332191467285
1855,2021-10-14 08:10:28,515852,3319.29087638855
1856,2021-10-14 08:10:30,515852,3305.9639930725098
1857,2021-10-14 08:10:33,515852,3288.667917251587
1858,2021-10-14 08:10:49,515852,3311.0191822052
1859,2021-10-14 09:10:02,515852,3303.91001701355
1860,2021-10-14 09:10:07,515852,3320.4219341278076
1861,2021-10-14 09:10:13,515852,3283.5588455200195
1862,2021-10-14 09:10:15,515852,3333.925247192383
1863,2021-10-14 09:10:24,515852,3317.9450035095215
1864,2021-10-14 09:10:24,515852,3489.469051361084
1865,2021-10-14 09:10:27,515852,3300.1749515533447
1866,2021-10-14 09:10:28,515852,3324.3510723114014
1867,2021-10-14 09:10:28,515852,3316.6308403015137
1868,2021-10-14 09:10:40,515852,3317.869186401367
1869,2021-10-14 09:10:49,515852,3424.0550994873047
1870,2021-10-14 09:10:49,515852,3302.445888519287
1871,2021-10-14 09:10:58,515852,3324.3179321289062
1872,2021-10-14 10:10:06,515852,3362.475872039795
1873,2021-10-14 10:10:23,515852,3293.515682220459
1874,2021-10-14 10:10:31,515852,3309.328079223633
1875,2021-10-14 10:10:34,515852,3339.0862941741943
1876,2021-10-14 10:10:43,515852,3300.6720542907715
1877,2021-10-14 10:10:56,515852,3286.5447998046875
1878,2021-10-14 11:10:13,515852,3361.1762523651123
1879,2021-10-14 11:10:23,515852,3318.450927734375
1880,2021-10-14 11:10:43,515852,3298.64501953125
1881,2021-10-15 12:10:47,515852,3336.0321521759033
1882,2021-10-15 12:10:56,515852,3278.019905090332
1883,2021-10-15 12:10:57,515852,3326.5342712402344
1884,2021-10-15 12:10:59,515852,3478.058099746704
1885,2021-10-14 11:10:06,515853,3355.549097061157
1886,2021-10-14 11:10:31,515853,3297.8579998016357
1887,2021-10-15 01:10:00,515853,3294.933080673218
1888,2021-10-15 02:10:22,515853,3292.958974838257
1889,2021-10-15 02:10:36,515853,3322.8511810302734
1890,2021-10-15 02:10:52,515853,3318.826913833618
1891,2021-10-15 02:10:56,515853,3393.4171199798584
1892,2021-10-15 03:10:37,515853,3312.976360321045
1893,2021-10-15 03:10:43,515853,3328.8180828094482
1894,2021-10-15 12:10:02,515853,3370.7540035247803
1895,2021-10-15 12:10:06,515853,3327.449083328247
1896,2021-10-15 12:10:43,515853,3369.1649436950684
1897,2021-10-13 02:10:05,515854,3373.668909072876
1898,2021-10-13 06:10:05,515854,3306.9159984588623
1899,2021-10-13 06:10:12,515854,3461.348056793213
1900,2021-10-13 06:10:43,515854,3517.090082168579
1901,2021-10-14 08:10:51,515854,3381.2668323516846
1902,2021-10-14 09:10:43,515854,3321.868896484375
1903,2021-10-14 09:10:52,515854,3291.3429737091064
1904,2021-10-15 01:10:13,515854,3366.6610717773438
1905,2021-10-15 01:10:27,515854,3316.1959648132324
1906,2021-10-15 01:10:46,515854,3280.2178859710693
1907,2021-10-15 01:10:46,515854,3348.144054412842
1908,2021-10-15 03:10:00,515854,3354.357957839966
1909,2021-10-15 03:10:25,515854,3316.7970180511475
1910,2021-10-15 03:10:41,515854,3300.403118133545
1911,2021-10-15 03:10:50,515854,3329.8940658569336
1912,2021-10-15 04:10:31,515854,3305.7239055633545
1913,2021-10-15 05:10:35,515854,3320.739984512329
1914,2021-10-15 05:10:36,515854,3311.8929862976074
1915,2021-10-15 05:10:41,515854,3368.4070110321045
1916,2021-10-15 05:10:46,515854,3316.6279792785645
1917,2021-10-15 05:10:55,515854,3310.619115829468
1918,2021-10-15 06:10:09,515854,3290.0760173797607
1919,2021-10-15 06:10:11,515854,3303.921699523926
1920,2021-10-15 06:10:14,515854,3300.424098968506
1921,2021-10-15 06:10:55,515854,3372.959852218628
1922,2021-10-14 04:10:58,515855,3301.7702102661133
1923,2021-10-14 05:10:49,515855,3322.9260444641113
1924,2021-10-15 01:10:23,515855,3301.097869873047
1925,2021-10-15 01:10:25,515855,3265.5110359191895
1926,2021-10-15 05:10:07,515855,3325.057029724121
1927,2021-10-15 05:10:48,515855,3347.450017929077
1928,2021-10-15 06:10:06,515855,3349.5028018951416
1929,2021-10-15 06:10:10,515855,3349.522829055786
1930,2021-10-15 06:10:46,515855,3484.360933303833
1931,2021-10-15 07:10:03,515855,3306.030035018921
1932,2021-10-15 07:10:15,515855,3330.979108810425
1933,2021-10-15 07:10:16,515855,3282.8140258789062
1934,2021-10-15 07:10:27,515855,3590.9998416900635
1935,2021-10-15 07:10:30,515855,3374.9849796295166
1936,2021-10-15 07:10:59,515855,3582.181930541992
1937,2021-10-15 08:10:31,515855,3320.220947265625
1938,2021-10-15 08:10:37,515855,3479.8409938812256
1939,2021-10-15 08:10:40,515855,3442.4309730529785
1940,2021-10-15 08:10:41,515855,3284.870147705078
1941,2021-10-15 08:10:47,515855,3421.0903644561768
1942,2021-10-15 08:10:57,515855,3344.8879718780518
1943,2021-10-15 08:10:57,515855,3298.081159591675
1944,2021-10-15 09:10:07,515855,3305.3550720214844
1945,2021-10-15 09:10:45,515855,3483.0427169799805
1946,2021-10-15 09:10:52,515855,3336.977958679199
1947,2021-10-15 10:10:20,515855,3503.0808448791504
1948,2021-10-15 10:10:29,515855,3314.0389919281006
1949,2021-10-15 10:10:30,515855,3309.3338012695312
1950,2021-10-15 10:10:31,515855,3353.2960414886475
1951,2021-10-15 10:10:33,515855,3274.4688987731934
1952,2021-10-15 10:10:39,515855,3311.769962310791
1953,2021-10-15 10:10:40,515855,3413.3236408233643
1954,2021-10-15 10:10:44,515855,3289.1180515289307
1955,2021-10-15 10:10:55,515855,3286.576271057129
1956,2021-10-15 11:10:06,515855,3503.6051273345947
1957,2021-10-15 11:10:52,515855,3335.1731300354004
1958,2021-10-15 01:10:05,515856,3323.9612579345703
1959,2021-10-15 01:10:19,515856,3318.58491897583
1960,2021-10-15 01:10:24,515856,3306.7500591278076
1961,2021-10-15 01:10:37,515856,3298.5188961029053
1962,2021-10-15 01:10:38,515856,3368.7472343444824
1963,2021-10-15 01:10:39,515856,3304.8417568206787
1964,2021-10-15 01:10:43,515856,3309.7481727600098
1965,2021-10-15 01:10:52,515856,3467.2622680664062
1966,2021-10-15 11:10:02,515856,3438.0507469177246
1967,2021-10-15 11:10:06,515856,3309.5951080322266
1968,2021-10-15 11:10:24,515856,3345.7868099212646
1969,2021-10-15 11:10:35,515856,3321.31290435791
1970,2021-10-15 11:10:37,515856,3287.546157836914
1971,2021-10-15 11:10:41,515856,3675.8651733398438
1972,2021-10-15 11:10:44,515856,3332.2091102600098
1973,2021-10-15 11:10:56,515856,3339.9460315704346
1974,2021-10-15 12:10:06,515856,3290.2677059173584
1975,2021-10-15 12:10:18,515856,3357.511043548584
1976,2021-10-15 12:10:20,515856,3265.36226272583
1977,2021-10-15 12:10:33,515856,3301.943778991699
1978,2021-10-15 12:10:36,515856,3329.0979862213135
1979,2021-10-15 12:10:39,515856,3311.779737472534
1980,2021-10-15 12:10:42,515856,3315.7899379730225
1981,2021-10-15 12:10:46,515856,3499.2170333862305
1982,2021-10-15 12:10:52,515856,3282.2799682617188
1983,2021-10-15 12:10:55,515856,3311.462879180908
1984,2021-10-15 12:10:55,515856,3321.6280937194824
1985,2021-10-15 01:10:26,515857,3338.6619091033936
1986,2021-10-15 01:10:28,515857,3310.5530738830566
1987,2021-10-15 01:10:41,515857,3296.2207794189453
1988,2021-10-15 01:10:53,515857,3325.8442878723145
1989,2021-10-15 02:10:20,515857,3316.4360523223877
1990,2021-10-15 02:10:29,515857,3315.4850006103516
1991,2021-10-15 02:10:47,515857,3368.680953979492
1992,2021-10-15 02:10:19,515874,3292.9298877716064
1993,2021-10-15 02:10:26,515874,3320.3070163726807
1994,2021-10-15 02:10:31,515874,3371.235132217407
1995,2021-10-15 02:10:40,515874,3308.4959983825684
1996,2021-10-15 03:10:05,515874,3366.4276599884033
1997,2021-10-15 03:10:11,515874,3282.005786895752
1998,2021-10-15 03:10:11,515874,3290.508031845093
1999,2021-10-15 03:10:18,515874,3297.8782653808594
2000,2021-10-15 03:10:56,515874,3327.733039855957
2001,2021-10-15 03:10:59,515874,3322.590112686157
2002,2021-10-15 03:10:35,515879,3305.645227432251
2003,2021-10-15 04:10:54,515879,3359.3249320983887
2004,2021-10-15 03:10:23,515880,3299.4658946990967
2005,2021-10-15 04:10:40,515880,3313.943862915039
2006,2021-10-15 03:10:33,515881,3432.526111602783
2007,2021-10-15 04:10:00,515881,3679.169178009033
2008,2021-10-15 03:10:51,515882,3312.1402263641357
2009,2021-10-15 04:10:18,515882,3315.6588077545166
2010,2021-10-15 04:10:39,515882,3316.57075881958
2011,2021-10-15 04:10:40,515882,3346.7459678649902
2012,2021-10-15 05:10:07,515882,3296.640157699585
2013,2021-10-15 05:10:55,515882,3306.9610595703125
2014,2021-10-15 04:10:22,515884,3356.377124786377
2015,2021-10-15 04:10:53,515884,3289.0560626983643
2016,2021-10-15 09:10:35,515884,3405.695915222168
2017,2021-10-15 09:10:52,515884,3309.7360134124756
2018,2021-10-15 04:10:03,515885,3295.346975326538
2019,2021-10-15 05:10:19,515885,3356.358051300049
2020,2021-10-15 05:10:39,515885,3310.9052181243896
2021,2021-10-15 05:10:47,515885,3308.879852294922
2022,2021-10-15 09:10:12,515885,3297.490119934082
2023,2021-10-15 09:10:26,515885,3355.8969497680664
2024,2021-10-15 09:10:57,515885,3313.1911754608154
2025,2021-10-16 01:10:50,515885,3285.9671115875244
2026,2021-10-16 02:10:27,515885,3306.7240715026855
2027,2021-10-16 02:10:44,515885,3290.8058166503906
2028,2021-10-16 02:10:59,515885,3321.434259414673
2029,2021-10-17 08:10:09,515885,3290.6172275543213
2030,2021-10-17 08:10:25,515885,3294.968843460083
2031,2021-10-17 08:10:41,515885,3347.7721214294434
2032,2021-10-17 08:10:58,515885,3275.475025177002
2033,2021-10-15 05:10:36,515886,3310.364007949829
2034,2021-10-15 05:10:46,515886,3385.2641582489014
2035,2021-10-15 07:10:48,515886,3309.2381954193115
2036,2021-10-15 05:10:08,515887,3331.251859664917
2037,2021-10-15 09:10:08,515887,3321.8472003936768
2038,2021-10-15 10:10:27,515887,3319.8440074920654
2039,2021-10-16 03:10:44,515887,3327.6100158691406
2040,2021-10-16 03:10:50,515887,3301.067113876343
2041,2021-10-15 06:10:07,515888,3297.0988750457764
2042,2021-10-15 10:10:19,515888,3327.996015548706
2043,2021-10-16 03:10:00,515888,3296.220064163208
2044,2021-10-16 04:10:15,515888,3317.1072006225586
2045,2021-10-16 04:10:45,515888,3343.480110168457
2046,2021-10-16 04:10:50,515888,3308.2759380340576
2047,2021-10-15 10:10:30,515889,3541.0830974578857
2048,2021-10-16 04:10:27,515889,3487.5271320343018
2049,2021-10-16 03:10:48,515890,3284.240961074829
2050,2021-10-16 03:10:51,515890,3324.89275932312
2051,2021-10-16 04:10:14,515890,3363.6691570281982
2052,2021-10-16 04:10:58,515890,3308.222770690918
2053,2021-10-16 05:10:03,515890,3345.8549976348877
2054,2021-10-16 05:10:42,515890,3389.770030975342
2055,2021-10-15 10:10:14,515892,3449.488878250122
2056,2021-10-15 10:10:35,515892,3380.265712738037
2057,2021-10-16 03:10:47,515892,3281.416177749634
2058,2021-10-16 04:10:35,515892,3308.324098587036
2059,2021-10-16 05:10:55,515892,3299.410820007324
2060,2021-10-16 08:10:23,515892,3298.870325088501
2061,2021-10-15 11:10:17,515893,3388.690948486328
2062,2021-10-15 11:10:40,515893,3299.1061210632324
2063,2021-10-15 11:10:47,515893,3329.8797607421875
2064,2021-10-16 05:10:27,515893,3341.6659832000732
2065,2021-10-16 09:10:08,515893,3284.883975982666
2066,2021-10-16 09:10:08,515893,3296.1080074310303
2067,2021-10-16 09:10:19,515893,3331.8240642547607
2068,2021-10-16 09:10:57,515893,3388.7312412261963
2069,2021-10-16 12:10:03,515893,3366.292953491211
2070,2021-10-16 12:10:37,515893,3344.514846801758
2071,2021-10-16 01:10:27,515894,3308.5618019104004
2072,2021-10-16 01:10:39,515894,3325.0980377197266
2073,2021-10-16 05:10:18,515894,3287.4069213867188
2074,2021-10-16 12:10:00,515894,3403.7420749664307
2075,2021-10-17 08:10:20,515894,3339.2019271850586
2076,2021-10-17 08:10:33,515894,3301.3739585876465
2077,2021-10-17 08:10:40,515894,3275.8941650390625
2078,2021-10-17 08:10:58,515894,3283.351182937622
2079,2021-10-16 01:10:22,515895,3309.292793273926
2080,2021-10-16 02:10:12,515895,3288.036823272705
2081,2021-10-16 02:10:51,515895,3311.8090629577637
2082,2021-10-16 05:10:27,515895,3290.1980876922607
2083,2021-10-16 09:10:45,515895,3295.225143432617
2084,2021-10-16 09:10:51,515895,3339.9980068206787
2085,2021-10-16 11:10:04,515895,3275.4342555999756
2086,2021-10-16 11:10:55,515895,3298.4161376953125
2087,2021-10-16 12:10:05,515895,3291.717052459717
2088,2021-10-16 12:10:11,515895,3423.6698150634766
2089,2021-10-16 12:10:27,515895,3291.901111602783
2090,2021-10-16 12:10:40,515895,3381.783962249756
2091,2021-10-16 02:10:52,515896,3258.1238746643066
2092,2021-10-16 10:10:22,515896,3264.7697925567627
2093,2021-10-16 12:10:39,515896,3383.8589191436768
2094,2021-10-16 12:10:57,515896,3267.1048641204834
2095,2021-10-17 08:10:18,515896,3318.6962604522705
2096,2021-10-17 08:10:42,515896,3321.3937282562256
2097,2021-10-17 08:10:45,515896,3353.3449172973633
2098,2021-10-17 08:10:51,515896,3273.024082183838
2099,2021-10-16 06:10:47,515897,3310.7829093933105
2100,2021-10-16 06:10:59,515897,3296.4329719543457
2101,2021-10-16 10:10:24,515897,3288.7790203094482
2102,2021-10-16 11:10:52,515897,3313.3699893951416
2103,2021-10-16 12:10:10,515897,3282.604217529297
2104,2021-10-16 12:10:45,515897,3275.2139568328857
2105,2021-10-16 01:10:37,515898,3483.0281734466553
2106,2021-10-16 06:10:04,515898,3469.6831703186035
2107,2021-10-16 06:10:40,515898,3289.6411418914795
2108,2021-10-16 12:10:45,515898,3349.350690841675
2109,2021-10-16 06:10:54,515899,3324.7902393341064
2110,2021-10-16 10:10:35,515899,3262.3300552368164
2111,2021-10-16 01:10:44,515905,3283.780097961426
2112,2021-10-16 03:10:11,515905,3337.6197814941406
2113,2021-10-16 03:10:38,515905,3279.094934463501
2114,2021-10-16 10:10:29,515905,3302.6788234710693
2115,2021-10-16 01:10:00,515910,3394.087791442871
2116,2021-10-16 03:10:11,515910,3474.9197959899902
2117,2021-10-16 10:10:59,515910,3384.1819763183594
2118,2021-10-16 11:10:13,515910,3430.898904800415
2119,2021-10-17 01:10:44,515911,3385.3256702423096
2120,2021-10-17 12:10:11,515911,3401.7820358276367
2121,2021-10-17 02:10:13,515912,3343.2581424713135
2122,2021-10-17 02:10:36,515912,3373.284101486206
2123,2021-10-17 03:10:41,515912,3391.3979530334473
2124,2021-10-17 04:10:13,515912,3388.728141784668
2125,2021-10-17 04:10:23,515912,3359.783172607422
2126,2021-10-17 08:10:15,515912,3397.141218185425
2127,2021-10-17 08:10:18,515912,3377.408027648926
2128,2021-10-17 08:10:41,515912,3371.708869934082
2129,2021-10-17 09:10:09,515912,3397.053003311157
2130,2021-10-17 05:10:10,515918,3339.200019836426
2131,2021-10-17 06:10:29,515918,3359.773874282837
2132,2021-10-17 06:10:28,515921,3371.8008995056152
2133,2021-10-17 07:10:04,515921,3442.35897064209
2134,2021-10-17 01:10:55,515925,3402.2789001464844
2135,2021-10-17 02:10:09,515926,3407.4151515960693
2136,2021-10-17 03:10:01,515926,3384.5832347869873
2137,2021-10-17 04:10:08,515930,3320.6470012664795
2138,2021-10-17 05:10:36,515930,3350.8758544921875
2139,2021-10-17 07:10:10,515930,3326.662063598633
2140,2021-10-17 08:10:16,515930,3335.6480598449707
2141,2021-10-18 01:10:10,515936,3340.830087661743
2142,2021-10-18 12:10:35,515936,3457.926034927368
2143,2021-10-18 04:10:31,515938,3408.1718921661377
2144,2021-10-18 05:10:01,515938,3330.341100692749
2145,2021-10-18 05:10:22,515938,3373.589277267456
2146,2021-10-18 06:10:07,515938,3318.726062774658
2147,2021-10-18 06:10:16,515938,3345.4811573028564
2148,2021-10-18 06:10:41,515938,3326.9171714782715
2149,2021-10-18 06:10:47,515938,3354.8901081085205
2150,2021-10-18 06:10:52,515938,3330.112934112549
2151,2021-10-18 07:10:08,515938,3342.4060344696045
2152,2021-10-18 07:10:22,515938,3312.5641345977783
2153,2021-10-18 07:10:30,515938,3447.7391242980957
2154,2021-10-18 07:10:53,515938,3342.038869857788
2155,2021-10-18 08:10:14,515938,3333.9107036590576
2156,2021-10-18 08:10:40,515938,3305.5622577667236
2157,2021-10-18 08:10:44,515938,3303.205966949463
2158,2021-10-18 08:10:50,515938,3353.8780212402344
2159,2021-10-18 08:10:56,515938,3322.239875793457
2160,2021-10-18 09:10:47,515938,3302.0849227905273
2161,2021-10-18 09:10:59,515938,3337.6541137695312
2162,2021-10-18 01:10:09,515939,3320.4920291900635
2163,2021-10-18 01:10:23,515939,3424.0500926971436
2164,2021-10-18 01:10:29,515939,3355.069875717163
2165,2021-10-18 01:10:31,515939,3343.6453342437744
2166,2021-10-18 01:10:46,515939,3343.8849449157715
2167,2021-10-18 01:10:58,515939,3344.0780639648438
2168,2021-10-18 02:10:20,515939,3411.4990234375
2169,2021-10-18 02:10:28,515939,3325.6680965423584
2170,2021-10-18 02:10:33,515939,3412.7461910247803
2171,2021-10-18 03:10:38,515939,3352.288007736206
2172,2021-10-18 03:10:51,515939,3394.7389125823975
2173,2021-10-18 04:10:02,515939,3391.948938369751
2174,2021-10-18 04:10:14,515939,3328.504800796509
2175,2021-10-18 04:10:32,515939,3253.842830657959
2176,2021-10-18 05:10:49,515939,3237.9348278045654
2177,2021-10-18 09:10:13,515939,3312.68310546875
2178,2021-10-18 09:10:22,515939,3315.3200149536133
2179,2021-10-18 10:10:41,515939,3318.4969425201416
2180,2021-10-18 12:10:11,515939,3326.2789249420166
2181,2021-10-18 12:10:17,515939,3317.172050476074
2182,2021-10-18 12:10:27,515939,3449.8910903930664
2183,2021-10-18 03:10:52,515940,3320.465326309204
2184,2021-10-18 03:10:55,515940,3311.9070529937744
2185,2021-10-18 04:10:13,515940,3340.7208919525146
2186,2021-10-18 04:10:29,515940,3301.698923110962
2187,2021-10-18 04:10:34,515940,3333.4150314331055
2188,2021-10-18 05:10:03,515940,3318.3722496032715
2189,2021-10-18 05:10:09,515940,3348.2260704040527
2190,2021-10-18 05:10:15,515940,3337.747097015381
2191,2021-10-18 05:10:25,515940,3319.7572231292725
2192,2021-10-18 05:10:34,515940,3341.9978618621826
2193,2021-10-18 05:10:40,515940,3340.6569957733154
2194,2021-10-18 06:10:01,515940,3338.442087173462
2195,2021-10-18 06:10:36,515940,3347.1879959106445
2196,2021-10-18 06:10:41,515940,3368.4380054473877
2197,2021-10-18 07:10:11,515940,3338.210105895996
2198,2021-10-18 07:10:40,515940,3315.7799243927
2199,2021-10-18 07:10:01,515942,3380.0301551818848
2200,2021-10-18 08:10:33,515942,3399.617910385132
2201,2021-10-18 08:10:59,515943,3311.2850189208984
2202,2021-10-18 09:10:55,515943,3327.5418281555176
2203,2021-10-18 09:10:48,515944,3325.546979904175
2204,2021-10-18 10:10:16,515944,3302.035093307495
2205,2021-10-18 09:10:17,515945,3363.3151054382324
2206,2021-10-18 09:10:49,515945,3327.596664428711
2207,2021-10-18 10:10:01,515945,3331.348180770874
2208,2021-10-18 10:10:01,515947,3347.0299243927
2209,2021-10-18 10:10:11,515947,3329.0059566497803
2210,2021-10-18 10:10:27,515947,3328.390121459961
2211,2021-10-18 10:10:59,515947,3317.2519207000732
2212,2021-10-18 11:10:00,515947,3329.766035079956
2213,2021-10-18 11:10:20,515947,3357.3219776153564
2214,2021-10-18 11:10:58,515947,3332.820177078247
2215,2021-10-19 01:10:17,515948,3296.433925628662
2216,2021-10-19 01:10:28,515948,3311.5758895874023
2217,2021-10-19 01:10:49,515948,3284.822940826416
2218,2021-10-19 01:10:58,515948,3290.5941009521484
2219,2021-10-19 12:10:14,515948,3345.2398777008057
2220,2021-10-19 12:10:53,515948,3302.5898933410645
2221,2021-10-19 01:10:03,515949,3349.766969680786
2222,2021-10-19 02:10:08,515949,3320.162057876587
2223,2021-10-19 02:10:26,515949,3333.65797996521
2224,2021-10-19 03:10:43,515949,3313.8697147369385
2225,2021-10-19 02:10:49,515950,3340.2090072631836
2226,2021-10-19 03:10:57,515950,3394.843101501465
2227,2021-10-19 04:10:15,515953,3320.1420307159424
2228,2021-10-19 04:10:15,515953,3438.7149810791016
2229,2021-10-19 04:10:20,515953,3314.629077911377
2230,2021-10-19 05:10:47,515953,3290.1339530944824
2231,2021-10-19 06:10:35,515953,3321.1381435394287
2232,2021-10-19 06:10:37,515953,3335.2692127227783
2233,2021-10-19 06:10:58,515953,3342.236042022705
2234,2021-10-19 05:10:01,515954,3298.5119819641113
2235,2021-10-19 05:10:05,515954,3317.4400329589844
2236,2021-10-19 06:10:09,515954,3428.302049636841
2237,2021-10-19 06:10:13,515954,3297.6930141448975
2238,2021-10-19 06:10:37,515954,3331.199884414673
2239,2021-10-19 07:10:32,515954,3304.448127746582
2240,2021-10-19 07:10:53,515954,3303.007125854492
2241,2021-10-19 08:10:47,515956,3308.9499473571777
2242,2021-10-19 09:10:37,515956,3312.678813934326
2243,2021-10-19 09:10:45,515958,3316.7901039123535
2244,2021-10-19 10:10:40,515958,3307.464122772217
2245,2021-10-19 01:10:24,515959,3310.0688457489014
2246,2021-10-19 10:10:07,515959,3282.3939323425293
2247,2021-10-19 10:10:47,515959,3300.464868545532
2248,2021-10-19 11:10:33,515959,3307.544946670532
2249,2021-10-19 11:10:43,515959,3298.6557483673096
2250,2021-10-19 11:10:59,515959,3304.889917373657
2251,2021-10-19 12:10:00,515959,3337.6760482788086
2252,2021-10-19 12:10:19,515959,3553.853988647461
2253,2021-10-19 12:10:21,515959,3305.3641319274902
2254,2021-10-19 01:10:14,515961,3279.2928218841553
2255,2021-10-19 01:10:50,515961,3342.649221420288
2256,2021-10-19 01:10:55,515961,3313.947916030884
2257,2021-10-19 02:10:46,515961,3332.9241275787354
2258,2021-10-19 02:10:55,515961,3317.7459239959717
2259,2021-10-19 03:10:14,515961,3344.478130340576
2260,2021-10-19 01:10:05,515962,3333.1470489501953
2261,2021-10-19 01:10:16,515962,3378.2949447631836
2262,2021-10-19 01:10:41,515962,3310.8580112457275
2263,2021-10-19 01:10:44,515962,3343.0469036102295
2264,2021-10-19 02:10:04,515962,3293.901205062866
2265,2021-10-19 02:10:17,515962,3374.8979568481445
2266,2021-10-19 02:10:31,515962,3355.2730083465576
2267,2021-10-19 04:10:16,515963,3334.0559005737305
2268,2021-10-19 05:10:22,515963,3327.7530670166016
2269,2021-10-19 05:10:35,515963,3318.108081817627
2270,2021-10-19 06:10:01,515963,3302.1111488342285
2271,2021-10-19 03:10:42,515964,3347.878932952881
2272,2021-10-19 04:10:39,515964,3351.480007171631
2273,2021-10-19 04:10:03,515965,3390.775203704834
2274,2021-10-19 04:10:50,515965,3364.757776260376
2275,2021-10-19 05:10:27,515965,3341.2280082702637
2276,2021-10-19 06:10:56,515967,3358.7610721588135
2277,2021-10-19 07:10:44,515967,3345.00789642334
2278,2021-10-19 07:10:58,515968,3359.286069869995
2279,2021-10-19 08:10:46,515968,3356.4178943634033
2280,2021-10-19 08:10:56,515969,3362.1511459350586
2281,2021-10-19 10:10:43,515969,3369.4300651550293
2282,2021-10-19 11:10:23,515969,3329.3468952178955
2283,2021-10-19 11:10:47,515969,3606.980323791504
2284,2021-10-19 08:10:50,515970,3331.672191619873
2285,2021-10-19 08:10:54,515970,3374.6142387390137
2286,2021-10-19 08:10:56,515970,3327.3019790649414
2287,2021-10-19 10:10:52,515970,3349.409818649292
2288,2021-10-19 11:10:01,515970,3334.0179920196533
2289,2021-10-19 11:10:20,515970,3320.178985595703
2290,2021-10-19 11:10:46,515970,3329.2670249938965
2291,2021-10-19 08:10:40,515971,3338.1412029266357
2292,2021-10-19 11:10:40,515971,3366.072177886963
2293,2021-10-20 01:10:43,515971,3346.2419509887695
2294,2021-10-20 01:10:52,515971,3347.4669456481934
2295,2021-10-20 12:10:03,515971,3334.9289894104004
2296,2021-10-20 12:10:11,515971,3331.9201469421387
2297,2021-10-20 01:10:12,515972,3700.7501125335693
2298,2021-10-20 01:10:23,515972,3389.1470432281494
2299,2021-10-20 02:10:08,515972,3337.757110595703
2300,2021-10-20 02:10:17,515972,3349.3521213531494
2301,2021-10-20 12:10:24,515972,3336.6050720214844
2302,2021-10-20 12:10:56,515972,3351.2208461761475
2303,2021-10-20 12:10:52,515973,3301.6180992126465
2304,2021-10-20 12:10:48,515977,3342.4429893493652
2305,2021-10-20 02:10:42,515978,3332.660913467407
2306,2021-10-20 02:10:58,515978,3304.6698570251465
2307,2021-10-20 03:10:03,515978,3306.1280250549316
2308,2021-10-20 03:10:14,515978,3315.6368732452393
2309,2021-10-20 02:10:45,515979,3336.4176750183105
2310,2021-10-20 03:10:44,515979,3293.365955352783
2311,2021-10-20 05:10:07,515982,3338.637113571167
2312,2021-10-20 06:10:08,515982,3357.9249382019043
2313,2021-10-20 05:10:11,515983,3383.4640979766846
2314,2021-10-20 06:10:19,515983,3331.2151432037354
2315,2021-10-20 01:10:10,515984,3333.806037902832
2316,2021-10-20 01:10:12,515984,3357.1460247039795
2317,2021-10-20 01:10:55,515984,3351.844072341919
2318,2021-10-20 01:10:58,515984,3357.741117477417
2319,2021-10-20 02:10:14,515984,3339.578866958618
2320,2021-10-20 07:10:06,515984,3396.0318565368652
2321,2021-10-20 07:10:43,515984,3347.960948944092
2322,2021-10-20 08:10:06,515984,3352.853775024414
2323,2021-10-20 08:10:16,515984,3366.032838821411
2324,2021-10-20 09:10:07,515984,3352.731704711914
2325,2021-10-20 09:10:43,515984,3342.2837257385254
2326,2021-10-20 10:10:23,515984,3347.7230072021484
2327,2021-10-20 11:10:01,515984,3341.8900966644287
2328,2021-10-20 11:10:21,515984,3501.6088485717773
2329,2021-10-20 11:10:47,515984,3327.7859687805176
2330,2021-10-20 11:10:52,515984,3357.729911804199
2331,2021-10-20 12:10:15,515984,3399.857759475708
2332,2021-10-20 12:10:27,515984,3374.8979568481445
2333,2021-10-20 12:10:37,515984,3387.056827545166
2334,2021-10-20 02:10:39,515985,3340.5981063842773
2335,2021-10-20 04:10:21,515985,3347.8550910949707
2336,2021-10-20 03:10:26,515986,3531.2559604644775
2337,2021-10-20 04:10:16,515986,3576.3070583343506
2338,2021-10-20 04:10:44,515987,3368.741750717163
2339,2021-10-20 05:10:26,515988,3378.2880306243896
2340,2021-10-20 06:10:45,515989,3381.103038787842
2341,2021-10-20 07:10:32,515989,3362.668037414551
2342,2021-10-20 06:10:20,515990,3368.561029434204
2343,2021-10-20 07:10:08,515990,3374.3319511413574
2344,2021-10-20 08:10:52,515991,3292.409896850586
2345,2021-10-20 08:10:55,515992,3639.536142349243
2346,2021-10-20 09:10:17,515993,3301.6769886016846
2347,2021-10-20 09:10:19,515993,3305.2191734313965
2348,2021-10-20 09:10:42,515993,3271.516799926758
2349,2021-10-20 10:10:01,515993,3319.7121620178223
2350,2021-10-20 10:10:44,515993,3405.280828475952
2351,2021-10-20 11:10:28,515995,3301.8510341644287
2352,2021-10-20 11:10:34,515995,3276.7040729522705
2353,2021-10-21 12:10:47,515995,3322.244882583618
2354,2021-10-21 01:10:10,515999,3304.4090270996094
2355,2021-10-21 12:10:35,515999,3278.9177894592285
2356,2021-10-21 02:10:37,516001,3323.3652114868164
2357,2021-10-21 03:10:13,516002,3304.7738075256348
2358,2021-10-21 05:10:11,516005,3301.259994506836
2359,2021-10-21 05:10:43,516005,3312.033176422119
2360,2021-10-21 06:10:45,516005,3334.196090698242
2361,2021-10-21 05:10:33,516006,3307.5311183929443
2362,2021-10-21 06:10:49,516007,3267.930030822754
2363,2021-10-21 06:10:50,516007,3308.846950531006
2364,2021-10-21 07:10:21,516007,3303.2748699188232
2365,2021-10-21 08:10:05,516011,3263.597011566162
2366,2021-10-21 08:10:42,516011,3294.445037841797
2367,2021-10-21 09:10:12,516011,3276.010036468506
2368,2021-10-21 09:10:30,516011,3297.9960441589355
2369,2021-10-21 10:10:02,516011,3296.0309982299805
2370,2021-10-21 10:10:05,516011,3288.5639667510986
2371,2021-10-21 09:10:05,516012,3280.247211456299
2372,2021-10-21 10:10:15,516012,3309.0980052948
2373,2021-10-21 10:10:32,516012,3304.093837738037
2374,2021-10-21 10:10:51,516012,3276.0050296783447
2375,2021-10-21 11:10:46,516012,3287.491798400879
2376,2021-10-21 02:10:29,516013,3279.5569896698
2377,2021-10-21 03:10:02,516013,3267.441987991333
2378,2021-10-21 03:10:09,516013,3393.879175186157
2379,2021-10-21 03:10:33,516013,3265.390157699585
2380,2021-10-21 04:10:37,516013,3349.249839782715
2381,2021-10-21 04:10:41,516013,3312.7379417419434
2382,2021-10-21 05:10:36,516013,3312.5038146972656
2383,2021-10-21 12:10:40,516013,3306.5876960754395
2384,2021-10-21 04:10:40,516015,3298.262119293213
2385,2021-10-21 05:10:52,516015,3482.2120666503906
2386,2021-10-21 06:10:31,516015,3431.448221206665
2387,2021-10-21 05:10:33,516016,3384.1629028320312
2388,2021-10-21 06:10:01,516016,3457.3450088500977
2389,2021-10-21 06:10:11,516016,3280.5120944976807
2390,2021-10-21 06:10:23,516016,3281.588077545166
2391,2021-10-21 06:10:25,516016,3313.7340545654297
2392,2021-10-21 06:10:46,516016,3286.8728637695312
2393,2021-10-21 07:10:47,516016,3344.2962169647217
2394,2021-10-21 07:10:52,516016,3321.218967437744
2395,2021-10-21 08:10:24,516016,3312.621831893921
2396,2021-10-21 09:10:15,516016,3267.1289443969727
2397,2021-10-21 07:10:55,516017,3294.447898864746
2398,2021-10-21 07:10:30,516018,3310.8956813812256
2399,2021-10-21 11:10:47,516018,3326.2009620666504
2400,2021-10-21 07:10:06,516019,3367.9659366607666
2401,2021-10-21 08:10:46,516019,3304.1930198669434
2402,2021-10-21 08:10:37,516020,3297.9142665863037
2403,2021-10-21 11:10:57,516020,3290.6899452209473
2404,2021-10-21 08:10:05,516021,3382.2970390319824
2405,2021-10-21 08:10:16,516021,3440.6187534332275
2406,2021-10-21 11:10:16,516021,3386.590003967285
2407,2021-10-21 11:10:49,516021,3360.53204536438
2408,2021-10-22 12:10:19,516021,3581.5250873565674
2409,2021-10-22 12:10:25,516021,3372.19500541687
2410,2021-10-22 12:10:25,516021,3357.099771499634
2411,2021-10-22 12:10:38,516021,3367.100238800049
2412,2021-10-22 01:10:24,516022,3322.721242904663
2413,2021-10-22 01:10:38,516022,3412.428140640259
2414,2021-10-22 02:10:04,516022,3441.514015197754
2415,2021-10-22 02:10:39,516022,3390.091896057129
2416,2021-10-22 02:10:56,516022,3390.2947902679443
2417,2021-10-22 02:10:57,516022,3355.6127548217773
2418,2021-10-22 05:10:20,516022,3362.3690605163574
2419,2021-10-22 05:10:24,516022,3414.4699573516846
2420,2021-10-22 05:10:32,516022,3433.394193649292
2421,2021-10-22 05:10:55,516022,3352.5819778442383
2422,2021-10-22 03:10:48,516023,3346.621036529541
2423,2021-10-22 03:10:58,516023,3381.845712661743
2424,2021-10-22 06:10:50,516023,3338.870048522949
2425,2021-10-22 06:10:37,516027,3369.7898387908936
2426,2021-10-22 07:10:09,516027,3327.2969722747803
2427,2021-10-22 07:10:50,516027,3716.5091037750244
2428,2021-10-22 07:10:14,516029,3346.5168476104736
2429,2021-10-22 07:10:51,516030,3359.5447540283203
2430,2021-10-22 08:10:22,516030,3321.282148361206
2431,2021-10-22 08:10:22,516031,3310.4028701782227
2432,2021-10-22 08:10:23,516031,3280.411958694458
2433,2021-10-22 08:10:25,516031,3295.4118251800537
2434,2021-10-22 08:10:38,516031,3432.6860904693604
2435,2021-10-22 08:10:53,516031,3353.466033935547
2436,2021-10-22 09:10:17,516031,3287.79673576355
2437,2021-10-22 09:10:48,516031,3309.2708587646484
2438,2021-10-22 08:10:09,516032,3327.1331787109375
2439,2021-10-22 09:10:22,516032,3325.3629207611084
2440,2021-10-22 11:10:22,516036,3307.851791381836
2441,2021-10-22 11:10:05,516037,3392.9429054260254
2442,2021-10-22 11:10:31,516038,3347.972869873047
2443,2021-10-22 12:10:11,516038,3356.8880558013916
2444,2021-10-22 01:10:01,516039,3368.298053741455
2445,2021-10-22 01:10:40,516039,3362.859010696411
2446,2021-10-22 02:10:25,516039,3374.2339611053467
2447,2021-10-22 01:10:58,516040,3405.632972717285
2448,2021-10-22 02:10:01,516040,3399.168014526367
2449,2021-10-22 02:10:32,516040,3320.3060626983643
2450,2021-10-22 02:10:46,516040,3338.9151096343994
2451,2021-10-22 02:10:46,516040,3312.190055847168
2452,2021-10-22 03:10:39,516040,3555.872917175293
2453,2021-10-22 03:10:56,516040,3362.250804901123
2454,2021-10-22 02:10:36,516041,3337.847948074341
2455,2021-10-22 02:10:44,516041,3341.336250305176
2456,2021-10-22 03:10:02,516041,3395.742654800415
2457,2021-10-22 03:10:35,516041,3347.430944442749
2458,2021-10-22 04:10:32,516041,3359.1601848602295
2459,2021-10-22 03:10:31,516042,3339.177131652832
2460,2021-10-22 03:10:43,516042,3390.439748764038
2461,2021-10-22 03:10:43,516042,3324.5928287506104
2462,2021-10-22 04:10:08,516042,3333.775043487549
2463,2021-10-22 04:10:53,516042,3364.1598224639893
2464,2021-10-22 05:10:21,516044,3345.782995223999
2465,2021-10-22 05:10:46,516044,3319.50306892395
2466,2021-10-22 05:10:50,516044,3331.4380645751953
2467,2021-10-22 06:10:28,516044,3312.2739791870117
2468,2021-10-22 05:10:28,516045,3326.9639015197754
2469,2021-10-22 05:10:58,516045,3352.6391983032227
2470,2021-10-22 06:10:07,516045,3366.234064102173
2471,2021-10-22 06:10:29,516045,3380.586862564087
2472,2021-10-22 06:10:52,516045,3332.5750827789307
2473,2021-10-22 07:10:14,516045,3375.4560947418213
2474,2021-10-22 08:10:36,516045,3319.0269470214844
2475,2021-10-22 08:10:41,516045,3375.274896621704
2476,2021-10-24 11:10:26,516045,3523.5018730163574
2477,2021-10-24 11:10:36,516045,3344.290018081665
2478,2021-10-24 11:10:41,516045,3336.5719318389893
2479,2021-10-24 11:10:56,516045,3340.3632640838623
2480,2021-10-25 08:10:02,516045,3327.531099319458
2481,2021-10-25 08:10:10,516045,3378.3090114593506
2482,2021-10-25 08:10:35,516045,3343.9059257507324
2483,2021-10-25 08:10:40,516045,3368.525743484497
2484,2021-10-25 08:10:42,516045,3344.5651531219482
2485,2021-10-25 08:10:48,516045,3348.8638401031494
2486,2021-10-25 08:10:55,516045,3326.279878616333
2487,2021-10-25 08:10:58,516045,3358.9749336242676
2488,2021-10-22 05:10:55,516046,3357.809066772461
2489,2021-10-22 06:10:08,516046,3335.4249000549316
2490,2021-10-22 06:10:10,516046,3325.5062103271484
2491,2021-10-22 06:10:35,516046,3385.417938232422
2492,2021-10-22 06:10:52,516046,3327.449083328247
2493,2021-10-22 07:10:26,516046,3327.981948852539
2494,2021-10-22 09:10:20,516046,3368.752956390381
2495,2021-10-22 07:10:00,516047,3417.320728302002
2496,2021-10-22 08:10:04,516047,3324.5627880096436
2497,2021-10-22 08:10:15,516048,3297.445297241211
2498,2021-10-22 09:10:56,516049,3537.487268447876
2499,2021-10-22 09:10:22,516050,3366.173267364502
2500,2021-10-22 11:10:49,516050,3348.7191200256348
2501,2021-10-22 11:10:44,516051,3281.520128250122
2502,2021-10-23 01:10:53,516051,3313.196897506714
2503,2021-10-22 11:10:03,516053,3322.2670555114746
2504,2021-10-23 01:10:11,516054,3352.653741836548
2505,2021-10-23 01:10:29,516054,3322.632312774658
2506,2021-10-23 12:10:26,516054,3340.6829833984375
2507,2021-10-23 12:10:55,516054,3343.177080154419
2508,2021-10-23 01:10:10,516055,3355.837106704712
2509,2021-10-23 03:10:28,516055,3324.4779109954834
2510,2021-10-23 01:10:07,516056,3379.213809967041
2511,2021-10-23 02:10:00,516056,3342.5729274749756
2512,2021-10-23 02:10:53,516056,3309.8440170288086
2513,2021-10-23 02:10:58,516056,3370.764970779419
2514,2021-10-23 03:10:25,516056,3385.373115539551
2515,2021-10-23 03:10:33,516056,3311.3861083984375
2516,2021-10-23 03:10:52,516056,3299.8640537261963
2517,2021-10-23 04:10:43,516056,3331.224203109741
2518,2021-10-23 02:10:13,516058,3299.9579906463623
2519,2021-10-23 02:10:25,516066,3341.4459228515625
2520,2021-10-23 04:10:05,516066,3339.110851287842
2521,2021-10-23 05:10:14,516066,3368.9000606536865
2522,2021-10-23 05:10:49,516066,3310.8391761779785
2523,2021-10-23 06:10:24,516066,3336.3611698150635
2524,2021-10-23 07:10:12,516066,3322.305917739868
2525,2021-10-23 07:10:36,516066,3411.2048149108887
2526,2021-10-23 09:10:28,516066,3314.979076385498
2527,2021-10-23 11:10:49,516066,3353.158950805664
2528,2021-10-23 11:10:52,516066,3397.913932800293
2529,2021-10-24 05:10:18,516066,3317.223072052002
2530,2021-10-24 06:10:02,516066,3310.7261657714844
2531,2021-10-24 10:10:32,516066,3347.3899364471436
2532,2021-10-24 10:10:39,516066,3399.3709087371826
2533,2021-10-24 11:10:03,516066,3555.398941040039
2534,2021-10-24 11:10:32,516066,3497.2620010375977
2535,2021-10-24 12:10:05,516066,3341.6481018066406
2536,2021-10-24 12:10:16,516066,3305.511951446533
2537,2021-10-24 01:10:54,516067,3349.540948867798
2538,2021-10-25 10:10:18,516076,3354.5467853546143
2539,2021-10-25 10:10:32,516076,3334.6896171569824
2540,2021-10-25 11:10:11,516076,3334.973096847534
2541,2021-10-25 11:10:59,516076,3347.3827838897705
2542,2021-10-25 01:10:45,516079,3346.8539714813232
2543,2021-10-25 01:10:49,516079,3342.4999713897705
2544,2021-10-25 01:10:58,516079,3340.475082397461
2545,2021-10-25 02:10:02,516079,3365.3101921081543
2546,2021-10-25 02:10:23,516079,3325.2410888671875
2547,2021-10-25 02:10:36,516079,3386.775016784668
2548,2021-10-25 02:10:53,516079,3351.414918899536
2549,2021-10-25 03:10:02,516079,3445.6558227539062
2550,2021-10-25 03:10:11,516079,3379.1463375091553
2551,2021-10-25 03:10:14,516079,3342.66996383667
2552,2021-10-25 03:10:14,516079,3339.802026748657
2553,2021-10-25 03:10:28,516079,3313.159942626953
2554,2021-10-25 03:10:41,516079,3363.9328479766846
2555,2021-10-25 03:10:58,516079,3378.345012664795
2556,2021-10-25 04:10:12,516079,3368.748903274536
2557,2021-10-25 05:10:14,516079,3336.251974105835
2558,2021-10-25 05:10:30,516079,3348.052978515625
2559,2021-10-25 05:10:34,516079,3377.1369457244873
2560,2021-10-25 11:10:09,516079,3386.6400718688965
2561,2021-10-25 02:10:15,516080,3426.4180660247803
2562,2021-10-25 02:10:31,516080,3384.9871158599854
2563,2021-10-25 03:10:50,516080,3240.9820556640625
2564,2021-10-25 06:10:04,516080,3251.93190574646
2565,2021-10-25 06:10:40,516080,3336.577892303467
2566,2021-10-25 02:10:34,516081,3452.075958251953
2567,2021-10-25 03:10:23,516081,3348.4208583831787
2568,2021-10-25 03:10:46,516081,3345.802068710327
2569,2021-10-25 04:10:56,516081,3347.2559452056885
2570,2021-10-25 06:10:03,516081,3365.673065185547
2571,2021-10-25 06:10:05,516081,3347.947835922241
2572,2021-10-25 06:10:06,516081,3533.146858215332
2573,2021-10-25 06:10:33,516081,3360.635995864868
2574,2021-10-25 06:10:45,516081,3381.377696990967
2575,2021-10-25 07:10:04,516081,3390.0718688964844
2576,2021-10-25 07:10:15,516081,3345.8518981933594
2577,2021-10-25 07:10:28,516081,3356.567859649658
2578,2021-10-25 07:10:48,516081,3513.5788917541504
2579,2021-10-25 07:10:56,516081,3336.456775665283
2580,2021-10-25 08:10:07,516081,3359.368085861206
2581,2021-10-25 08:10:23,516081,3399.5347023010254
2582,2021-10-25 09:10:39,516081,3348.393201828003
2583,2021-10-25 07:10:05,516082,3322.9520320892334
2584,2021-10-25 07:10:25,516082,3332.371950149536
2585,2021-10-25 09:10:27,516082,3468.564033508301
2586,2021-10-25 10:10:46,516082,3332.0651054382324
2587,2021-10-25 10:10:53,516082,3366.1608695983887
2588,2021-10-25 07:10:02,516083,3392.4429416656494
2589,2021-10-25 07:10:14,516083,3432.5361251831055
2590,2021-10-25 07:10:16,516083,3339.5447731018066
2591,2021-10-25 07:10:24,516083,3361.311912536621
2592,2021-10-25 07:10:47,516083,3311.0458850860596
2593,2021-10-25 09:10:48,516083,3388.4530067443848
2594,2021-10-25 10:10:58,516083,3351.3801097869873
2595,2021-10-25 10:10:59,516083,3320.33109664917
2596,2021-10-25 07:10:10,516084,3336.1127376556396
2597,2021-10-25 11:10:15,516084,3381.319999694824
2598,2021-10-26 12:10:27,516084,3379.1747093200684
2599,2021-10-26 12:10:01,516085,3461.780071258545
2600,2021-10-26 12:10:11,516085,3359.431266784668
2601,2021-10-26 12:10:28,516085,3358.2420349121094
2602,2021-10-26 12:10:53,516085,3293.253183364868
2603,2021-10-26 01:10:35,516086,3359.409809112549
2604,2021-10-26 12:10:54,516086,3324.918270111084
2605,2021-10-26 01:10:18,516087,3310.2822303771973
2606,2021-10-26 01:10:58,516087,3322.407007217407
2607,2021-10-26 02:10:07,516087,3431.917905807495
2608,2021-10-26 01:10:06,516090,3343.9581394195557
2609,2021-10-26 03:10:35,516090,3311.443090438843
2610,2021-10-26 01:10:35,516091,3310.9829425811768
2611,2021-10-26 02:10:53,516092,3343.9769744873047
2612,2021-10-26 03:10:19,516092,3357.999086380005
2613,2021-10-26 02:10:08,516093,3327.834129333496
2614,2021-10-26 02:10:43,516093,3405.5161476135254
2615,2021-10-26 03:10:34,516094,3383.9242458343506
2616,2021-10-26 04:10:15,516096,3434.675931930542
2617,2021-10-26 04:10:43,516096,3380.0108432769775
2618,2021-10-26 05:10:54,516096,3410.4042053222656
2619,2021-10-26 05:10:34,516097,3409.6078872680664
2620,2021-10-26 07:10:04,516098,3388.2110118865967
2621,2021-10-26 07:10:10,516098,3395.936965942383
2622,2021-10-26 07:10:28,516098,3403.0981063842773
2623,2021-10-26 07:10:52,516098,3360.0847721099854
2624,2021-10-26 07:10:54,516098,3572.108030319214
2625,2021-10-26 08:10:00,516098,3385.2171897888184
2626,2021-10-26 08:10:10,516098,3446.7031955718994
2627,2021-10-26 08:10:34,516098,3371.659994125366
2628,2021-10-26 08:10:39,516098,3407.2070121765137
2629,2021-10-26 08:10:42,516098,3376.4421939849854
2630,2021-10-26 08:10:59,516098,3393.951892852783
2631,2021-10-26 09:10:04,516098,3402.313709259033
2632,2021-10-26 09:10:56,516098,3390.841007232666
2633,2021-10-26 11:10:49,516098,3428.431987762451
2634,2021-10-26 01:10:55,516099,3417.4749851226807
2635,2021-10-26 02:10:11,516099,3571.1898803710938
2636,2021-10-26 02:10:22,516099,3386.1000537872314
2637,2021-10-26 02:10:55,516099,3377.436876296997
2638,2021-10-26 03:10:01,516099,3441.7338371276855
2639,2021-10-26 12:10:22,516099,3395.7948684692383
2640,2021-10-26 12:10:37,516099,3366.687059402466
2641,2021-10-26 12:10:48,516099,3395.061254501343
2642,2021-10-26 02:10:47,516100,3336.198091506958
2643,2021-10-26 02:10:58,516100,3403.067111968994
2644,2021-10-26 03:10:59,516100,3329.5979499816895
2645,2021-10-26 03:10:43,516101,3376.957893371582
2646,2021-10-26 03:10:08,516102,3395.348072052002
2647,2021-10-26 05:10:12,516102,3400.8729457855225
2648,2021-10-26 03:10:44,516103,3392.1220302581787
2649,2021-10-26 03:10:49,516103,3551.784038543701
2650,2021-10-26 04:10:02,516103,3397.8819847106934
2651,2021-10-26 04:10:08,516103,3384.3448162078857
2652,2021-10-26 04:10:53,516103,3431.2310218811035
2653,2021-10-26 06:10:01,516103,3590.769052505493
2654,2021-10-26 06:10:20,516103,3427.0713329315186
2655,2021-10-26 06:10:28,516103,3462.383985519409
2656,2021-10-26 05:10:02,516104,3436.614990234375
2657,2021-10-26 05:10:11,516104,3322.293996810913
2658,2021-10-26 06:10:42,516104,3661.635160446167
2659,2021-10-26 07:10:10,516104,3403.899908065796
2660,2021-10-26 06:10:39,516107,3368.7572479248047
2661,2021-10-26 07:10:08,516108,3398.1032371520996
2662,2021-10-26 09:10:05,516108,3465.798854827881
2663,2021-10-26 09:10:06,516109,3426.041841506958
2664,2021-10-26 09:10:14,516109,3366.374969482422
2665,2021-10-26 09:10:18,516109,3380.5971145629883
2666,2021-10-26 10:10:20,516112,3384.0630054473877
2667,2021-10-26 10:10:48,516112,3393.594980239868
2668,2021-10-26 11:10:03,516112,3454.5979499816895
2669,2021-10-26 11:10:41,516112,3373.718023300171
2670,2021-10-26 09:10:57,516114,3567.035913467407
2671,2021-10-26 11:10:52,516116,3380.011796951294
2672,2021-10-26 11:10:56,516116,3377.836227416992
2673,2021-10-26 11:10:36,516117,3445.5151557922363
2674,2021-10-26 11:10:37,516117,3392.345190048218
2675,2021-10-27 01:10:59,516117,3434.4642162323
2676,2021-10-27 12:10:05,516117,3418.365001678467
2677,2021-10-27 12:10:11,516117,3373.1579780578613
2678,2021-10-27 01:10:39,516119,3483.537197113037
2679,2021-10-27 01:10:58,516119,3371.575117111206
2680,2021-10-27 02:10:30,516119,3385.938882827759
2681,2021-10-27 03:10:49,516119,3387.765884399414
2682,2021-10-27 04:10:22,516122,3398.35786819458
2683,2021-10-27 05:10:27,516122,3445.5549716949463
2684,2021-10-27 04:10:53,516124,3403.0582904815674
2685,2021-10-27 05:10:31,516124,3399.423837661743
2686,2021-10-27 06:10:55,516126,3351.853132247925
2687,2021-10-27 07:10:12,516126,3390.6078338623047
2688,2021-10-27 06:10:39,516127,3379.9591064453125
2689,2021-10-27 07:10:18,516127,3402.4531841278076
2690,2021-10-27 07:10:00,516128,3387.756824493408
2691,2021-10-27 07:10:01,516128,3354.783058166504
2692,2021-10-27 07:10:39,516128,3441.809892654419
2693,2021-10-27 08:10:02,516128,3457.000732421875
2694,2021-10-27 08:10:26,516128,3345.521926879883
2695,2021-10-27 09:10:12,516128,3460.0419998168945
2696,2021-10-27 09:10:32,516128,3398.2551097869873
2697,2021-10-27 08:10:19,516129,3379.3230056762695
2698,2021-10-27 09:10:44,516129,3381.0348510742188
2699,2021-10-27 09:10:26,516130,3400.7978439331055
2700,2021-10-27 10:10:57,516130,3434.769868850708
2701,2021-10-27 01:10:17,516133,3386.8627548217773
2702,2021-10-27 01:10:27,516133,3370.05877494812
2703,2021-10-27 01:10:38,516133,3404.5400619506836
2704,2021-10-27 02:10:54,516133,3411.137104034424
2705,2021-10-27 03:10:03,516133,3431.363105773926
2706,2021-10-27 03:10:26,516133,3558.1750869750977
2707,2021-10-27 03:10:32,516133,3392.3869132995605
2708,2021-10-27 04:10:17,516133,3399.55997467041
2709,2021-10-27 04:10:31,516133,3391.5469646453857
2710,2021-10-27 05:10:43,516133,3419.4321632385254
2711,2021-10-27 12:10:01,516133,3424.983024597168
2712,2021-10-27 12:10:30,516133,3383.8911056518555
2713,2021-10-27 04:10:02,516134,3436.2919330596924
2714,2021-10-27 04:10:44,516134,3429.5120239257812
2715,2021-10-27 04:10:52,516134,3372.9307651519775
2716,2021-10-27 05:10:02,516134,3416.9678688049316
2717,2021-10-27 10:10:34,516134,3381.852865219116
2718,2021-10-27 06:10:26,516136,3429.8107624053955
2719,2021-10-27 07:10:01,516136,3397.081136703491
2720,2021-10-27 06:10:41,516138,3369.2679405212402
2721,2021-10-27 09:10:55,516138,3390.9921646118164
2722,2021-10-27 07:10:29,516139,3374.072313308716
2723,2021-10-27 07:10:39,516139,3362.8089427948
2724,2021-10-27 10:10:44,516139,3414.5560264587402
2725,2021-10-27 11:10:35,516139,3385.003089904785
2726,2021-10-28 01:10:19,516140,3441.0648345947266
2727,2021-10-28 01:10:27,516140,3436.079978942871
2728,2021-10-28 03:10:25,516144,3437.180995941162
2729,2021-10-28 04:10:28,516146,3391.937017440796
2730,2021-10-28 04:10:57,516146,3397.4783420562744
2731,2021-10-28 04:10:56,516149,3451.488971710205
2732,2021-10-28 05:10:25,516149,3427.386999130249
2733,2021-10-28 04:10:55,516150,3338.1009101867676
2734,2021-10-28 06:10:53,516150,3391.2270069122314
2735,2021-10-28 05:10:23,516151,3335.9780311584473
2736,2021-10-28 06:10:36,516151,3333.1332206726074
2737,2021-10-28 05:10:32,516152,3382.9429149627686
2738,2021-10-28 06:10:37,516152,3323.374032974243
2739,2021-10-28 05:10:12,516153,3332.5929641723633
2740,2021-10-28 06:10:27,516159,3457.919120788574
2741,2021-10-28 07:10:25,516159,3327.7649879455566
2742,2021-10-28 07:10:26,516159,3324.5480060577393
2743,2021-10-28 07:10:50,516159,3323.085069656372
2744,2021-10-28 07:10:38,516163,3313.270092010498
2745,2021-10-28 08:10:01,516163,3339.4439220428467
2746,2021-10-28 08:10:19,516163,3297.7890968322754
2747,2021-10-28 09:10:14,516163,3354.3641567230225
2748,2021-10-28 09:10:38,516163,3322.1070766448975
2749,2021-10-28 09:10:54,516163,3343.06001663208
2750,2021-10-28 10:10:35,516163,3330.1711082458496
2751,2021-10-28 10:10:54,516163,3337.1710777282715
2752,2021-10-28 10:10:54,516163,3352.5102138519287
2753,2021-10-28 11:10:39,516163,3343.787670135498
2754,2021-10-28 11:10:54,516163,3340.7888412475586
2755,2021-10-28 04:10:38,516164,3357.027053833008
2756,2021-10-28 05:10:58,516164,3300.2352714538574
2757,2021-10-28 06:10:09,516164,3317.699193954468
2758,2021-10-28 06:10:10,516164,3360.377788543701
2759,2021-10-28 06:10:36,516164,3311.2590312957764
2760,2021-10-28 11:10:18,516164,3335.9270095825195
2761,2021-10-28 12:10:06,516164,3319.5149898529053
2762,2021-10-28 05:10:39,516165,3366.9748306274414
2763,2021-10-28 05:10:51,516165,3308.2950115203857
2764,2021-10-28 06:10:09,516165,3368.81422996521
2765,2021-10-28 06:10:46,516165,3473.6580848693848
2766,2021-10-28 05:10:45,516166,3339.078903198242
2767,2021-10-28 07:10:18,516166,3348.3660221099854
2768,2021-10-28 09:10:08,516166,3382.5531005859375
2769,2021-10-28 09:10:16,516166,3296.642065048218
2770,2021-10-28 06:10:10,516168,3398.838996887207
2771,2021-10-28 06:10:55,516168,3362.4351024627686
2772,2021-10-28 08:10:13,516168,3369.1859245300293
2773,2021-10-28 07:10:18,516169,3372.560739517212
2774,2021-10-28 11:10:49,516169,3390.156030654907
2775,2021-10-28 06:10:20,516170,3360.8219623565674
2776,2021-10-28 07:10:51,516170,3330.5039405822754
2777,2021-10-28 09:10:26,516170,3360.159158706665
2778,2021-10-28 11:10:51,516170,3361.4401817321777
2779,2021-10-29 01:10:04,516171,3251.9631385803223
2780,2021-10-29 02:10:04,516171,3359.9298000335693
2781,2021-10-29 02:10:04,516171,3257.0760250091553
2782,2021-10-29 02:10:06,516171,3310.551166534424
2783,2021-10-29 03:10:27,516171,3358.6606979370117
2784,2021-10-29 03:10:42,516171,3306.6821098327637
2785,2021-10-29 02:10:34,516172,3377.434015274048
2786,2021-10-29 04:10:59,516172,3420.856237411499
2787,2021-10-29 03:10:10,516174,3355.1578521728516
2788,2021-10-29 06:10:47,516174,3342.982053756714
2789,2021-10-29 08:10:14,516174,3343.1549072265625
2790,2021-10-29 08:10:52,516175,3292.5398349761963
2791,2021-10-29 09:10:02,516175,3321.69771194458
2792,2021-10-29 01:10:36,516176,3345.5586433410645
2793,2021-10-29 08:10:08,516176,3326.2157440185547
2794,2021-10-29 08:10:15,516176,3335.387945175171
2795,2021-10-29 09:10:00,516176,3331.4011096954346
2796,2021-10-29 09:10:15,516176,3327.686071395874
2797,2021-10-29 09:10:24,516176,3698.038101196289
2798,2021-10-29 09:10:56,516176,3346.8759059906006
2799,2021-10-29 10:10:08,516176,3341.175079345703
2800,2021-10-29 10:10:42,516176,3335.9851837158203
2801,2021-10-29 10:10:49,516176,3377.8369426727295
2802,2021-10-29 11:10:00,516176,3410.201072692871
2803,2021-10-29 11:10:10,516176,3332.2713375091553
2804,2021-10-29 11:10:31,516176,3349.404811859131
2805,2021-10-29 11:10:53,516176,3430.1981925964355
2806,2021-10-29 12:10:18,516176,3319.3600177764893
2807,2021-10-29 01:10:59,516177,3368.495225906372
2808,2021-10-29 02:10:50,516177,3301.4121055603027
2809,2021-10-29 04:10:15,516177,3291.3529872894287
2810,2021-10-29 07:10:07,516177,3330.1620483398438
2811,2021-10-29 07:10:31,516177,3326.824188232422
2812,2021-10-29 09:10:29,516177,3348.6058712005615
2813,2021-10-29 09:10:46,516177,3360.4917526245117
2814,2021-10-29 09:10:58,516177,3473.034143447876
2815,2021-10-29 10:10:14,516177,3302.3087978363037
2816,2021-10-29 02:10:32,516178,3320.4338550567627
2817,2021-10-29 03:10:00,516178,3341.0351276397705
2818,2021-10-29 04:10:20,516178,3374.577045440674
2819,2021-10-29 04:10:25,516178,3300.6420135498047
2820,2021-10-29 06:10:09,516178,3327.2721767425537
2821,2021-10-29 07:10:39,516178,3359.2867851257324
2822,2021-10-29 07:10:50,516178,3380.681037902832
2823,2021-10-29 05:10:44,516179,3303.607702255249
2824,2021-10-29 06:10:14,516179,3336.2839221954346
2825,2021-10-29 10:10:42,516179,3432.71803855896
2826,2021-10-29 10:10:56,516179,3363.662004470825
2827,2021-10-29 11:10:40,516179,3319.7760581970215
2828,2021-10-30 12:10:39,516179,3311.378240585327
2829,2021-10-29 11:10:07,516180,3363.0568981170654
2830,2021-10-30 01:10:39,516180,3367.8228855133057
2831,2021-10-30 12:10:27,516180,3311.3179206848145
2832,2021-10-29 09:10:54,516181,3345.4318046569824
2833,2021-10-29 10:10:36,516181,3364.6857738494873
2834,2021-10-30 01:10:11,516181,3308.0179691314697
2835,2021-10-30 01:10:21,516181,3276.036024093628
2836,2021-10-30 02:10:09,516181,3342.7608013153076
2837,2021-10-30 04:10:12,516181,3595.623016357422
2838,2021-10-30 05:10:37,516181,3324.235200881958
2839,2021-10-30 05:10:54,516181,3317.4779415130615
2840,2021-10-30 06:10:05,516181,3480.199098587036
2841,2021-10-30 07:10:00,516181,3305.669069290161
2842,2021-10-30 07:10:08,516181,3384.3212127685547
2843,2021-10-30 07:10:42,516181,3340.9831523895264
2844,2021-10-30 08:10:24,516181,3307.964086532593
2845,2021-10-30 07:10:07,516182,3343.398094177246
2846,2021-10-30 07:10:46,516182,3335.254669189453
2847,2021-10-30 07:10:54,516182,3339.761972427368
2848,2021-10-30 08:10:22,516182,3326.5419006347656
2849,2021-10-30 08:10:52,516182,3306.3929080963135
2850,2021-10-30 08:10:54,516182,3356.433868408203
2851,2021-10-30 08:10:16,516184,3328.327178955078
2852,2021-10-30 08:10:28,516184,3320.0910091400146
2853,2021-10-30 09:10:06,516184,3399.3008136749268
2854,2021-10-30 09:10:55,516184,3370.1391220092773
2855,2021-10-30 09:10:02,516187,3365.3881549835205
2856,2021-10-30 10:10:18,516187,3354.828119277954
2857,2021-10-30 10:10:41,516189,3319.5981979370117
2858,2021-10-30 11:10:10,516189,3359.0402603149414
2859,2021-10-30 02:10:54,516190,3324.5768547058105
2860,2021-10-30 03:10:10,516190,3309.335947036743
2861,2021-10-30 03:10:05,516193,3644.146203994751
2862,2021-10-30 05:10:27,516193,3349.368095397949
2863,2021-10-30 05:10:56,516193,3351.9341945648193
2864,2021-10-30 06:10:24,516193,3348.6239910125732
2865,2021-10-30 07:10:28,516193,3355.3318977355957
2866,2021-10-30 08:10:25,516194,3365.2241230010986
2867,2021-10-30 10:10:29,516194,3353.98006439209
2868,2021-10-31 05:10:24,516194,3335.0460529327393
2869,2021-10-31 11:10:00,516195,3347.0828533172607
2870,2021-10-31 12:10:04,516195,3423.6719608306885
2871,2021-10-31 04:10:24,516199,3342.7278995513916
2872,2021-10-31 05:10:07,516199,3410.5186462402344
2873,2021-10-31 06:10:34,516199,3356.212854385376
2874,2021-10-31 07:10:11,516199,3450.697898864746
2875,2021-10-31 07:10:29,516199,3363.0459308624268
2876,2021-10-31 09:10:01,516199,3407.2701930999756
2877,2021-10-31 09:10:01,516199,3397.8419303894043
2878,2021-10-31 09:10:17,516199,3537.986993789673
2879,2021-10-31 09:10:31,516199,3345.7388877868652
2880,2021-10-31 09:10:31,516199,3347.1200466156006
2881,2021-10-31 09:10:37,516199,3346.2440967559814
2882,2021-10-31 10:10:35,516199,3359.3029975891113
2883,2021-10-31 10:10:44,516199,3366.7960166931152
2884,2021-10-31 10:10:57,516199,3485.9561920166016
2885,2021-10-31 11:10:12,516199,3377.342939376831
2886,2021-10-31 11:10:23,516199,3403.7740230560303
2887,2021-10-31 11:10:26,516199,3423.4461784362793
2888,2021-10-31 11:10:30,516199,3395.1220512390137
2889,2021-10-31 11:10:57,516199,3338.865041732788
2890,2021-11-01 06:11:41,516207,3344.9060916900635
2891,2021-11-01 07:11:26,516207,3326.627016067505
2892,2021-11-01 01:11:18,516217,3359.0798377990723
2893,2021-11-01 01:11:19,516217,3325.076103210449
2894,2021-11-01 01:11:27,516217,3369.239091873169
2895,2021-11-01 03:11:09,516217,3416.4109230041504
2896,2021-11-01 10:11:01,516217,3344.7189331054688
2897,2021-11-01 11:11:01,516217,3362.5869750976562
2898,2021-11-01 11:11:17,516217,3326.7569541931152
2899,2021-11-01 11:11:19,516217,3361.5710735321045
2900,2021-11-01 11:11:23,516217,3317.4827098846436
2901,2021-11-01 11:11:29,516217,3637.237071990967
2902,2021-11-01 12:11:01,516217,3345.3781604766846
2903,2021-11-01 12:11:31,516217,3355.3569316864014
2904,2021-11-01 12:11:34,516217,3317.594051361084
2905,2021-11-01 12:11:53,516217,3340.3191566467285
2906,2021-11-01 03:11:13,516219,3246.4020252227783
2907,2021-11-01 05:11:46,516219,3365.280866622925
2908,2021-11-01 06:11:22,516219,3342.866897583008
2909,2021-11-01 07:11:57,516219,3342.6549434661865
2910,2021-11-01 07:11:59,516219,3368.6769008636475
2911,2021-11-01 05:11:30,516221,3362.11895942688
2912,2021-11-01 06:11:02,516221,3321.0349082946777
2913,2021-11-01 06:11:04,516222,3394.450902938843
2914,2021-11-01 07:11:16,516222,3354.0849685668945
2915,2021-11-01 10:11:42,516223,3319.33331489563
2916,2021-11-02 01:11:33,516223,3336.9810581207275
2917,2021-11-02 03:11:31,516223,3392.8048610687256
2918,2021-11-02 03:11:49,516224,3538.285255432129
2919,2021-11-02 04:11:43,516224,3363.053798675537
2920,2021-11-02 06:11:37,516225,3588.30189704895
2921,2021-11-02 06:11:41,516226,3352.385997772217
2922,2021-11-02 08:11:43,516226,3371.5298175811768
2923,2021-11-02 10:11:05,516227,3324.8960971832275
2924,2021-11-02 10:11:26,516227,3369.926691055298
2925,2021-11-02 11:11:42,516227,3326.324939727783
2926,2021-11-02 01:11:31,516228,3313.3440017700195
2927,2021-11-02 01:11:46,516228,3351.4938354492188
2928,2021-11-02 02:11:19,516228,3388.8840675354004
2929,2021-11-02 02:11:32,516228,3342.7979946136475
2930,2021-11-02 02:11:41,516228,3338.9439582824707
2931,2021-11-02 03:11:09,516228,3321.302890777588
2932,2021-11-02 03:11:32,516228,3329.4949531555176
2933,2021-11-02 12:11:09,516228,3325.3557682037354
2934,2021-11-02 12:11:38,516228,3239.2542362213135
2935,2021-11-02 12:11:49,516228,3360.1338863372803
2936,2021-11-02 12:11:54,516228,3357.678174972534
2937,2021-11-02 01:11:17,516229,3329.224109649658
2938,2021-11-02 01:11:26,516229,3298.9048957824707
2939,2021-11-02 01:11:48,516229,3328.169107437134
2940,2021-11-02 02:11:02,516229,3336.87686920166
2941,2021-11-02 02:11:52,516229,3502.13885307312
2942,2021-11-02 03:11:14,516229,3273.8571166992188
2943,2021-11-02 03:11:22,516229,3538.048267364502
2944,2021-11-02 03:11:34,516229,3352.174997329712
2945,2021-11-02 03:11:37,516229,3335.6220722198486
2946,2021-11-02 03:11:42,516229,3325.089931488037
2947,2021-11-02 04:11:15,516229,3391.329050064087
2948,2021-11-02 04:11:35,516229,3342.715263366699
2949,2021-11-02 04:11:57,516229,3324.720859527588
2950,2021-11-02 05:11:00,516229,3333.4507942199707
2951,2021-11-02 05:11:28,516229,3358.534336090088
2952,2021-11-02 05:11:36,516229,3352.832078933716
2953,2021-11-02 06:11:37,516229,3331.9289684295654
2954,2021-11-02 05:11:54,516231,3306.4639568328857
2955,2021-11-02 06:11:23,516231,3466.5119647979736
2956,2021-11-02 07:11:11,516231,3319.140911102295
2957,2021-11-02 07:11:41,516231,3286.4837646484375
2958,2021-11-02 06:11:02,516232,3364.652156829834
2959,2021-11-02 06:11:20,516232,3475.7490158081055
2960,2021-11-02 07:11:11,516232,3304.4800758361816
2961,2021-11-02 07:11:34,516232,3334.967851638794
2962,2021-11-02 07:11:35,516232,3344.639778137207
2963,2021-11-02 07:11:48,516232,3336.9131088256836
2964,2021-11-02 07:11:50,516232,3340.1732444763184
2965,2021-11-02 07:11:54,516232,3337.447166442871
2966,2021-11-02 08:11:08,516232,3338.9689922332764
2967,2021-11-02 09:11:03,516232,3367.6609992980957
2968,2021-11-02 09:11:06,516232,3391.9901847839355
2969,2021-11-02 09:11:28,516232,3320.509195327759
2970,2021-11-02 09:11:43,516232,3355.2770614624023
2971,2021-11-02 10:11:33,516232,3342.7388668060303
2972,2021-11-02 10:11:36,516232,3342.910051345825
2973,2021-11-02 10:11:38,516232,3370.593786239624
2974,2021-11-02 11:11:55,516232,3399.927854537964
2975,2021-11-03 12:11:21,516232,3560.365915298462
2976,2021-11-03 12:11:46,516232,3336.695909500122
2977,2021-11-02 10:11:34,516233,3353.57403755188
2978,2021-11-02 11:11:43,516233,3332.207441329956
2979,2021-11-03 01:11:03,516233,3338.4060859680176
2980,2021-11-03 01:11:57,516233,3341.7375087738037
2981,2021-11-03 12:11:06,516233,3337.106943130493
2982,2021-11-03 12:11:13,516233,3333.3351612091064
2983,2021-11-03 12:11:36,516233,3334.507703781128
2984,2021-11-03 12:11:46,516233,3332.972764968872
2985,2021-11-03 12:11:56,516236,3362.1528148651123
2986,2021-11-03 02:11:22,516237,3349.5802879333496
2987,2021-11-03 12:11:52,516237,3325.4103660583496
2988,2021-11-03 02:11:12,516239,3419.879198074341
2989,2021-11-03 02:11:52,516239,3354.135036468506
2990,2021-11-03 12:11:24,516239,3344.433069229126
2991,2021-11-03 12:11:51,516239,3390.1729583740234
2992,2021-11-03 05:11:06,516243,3322.2920894622803
2993,2021-11-03 05:11:43,516243,3339.7622108459473
2994,2021-11-03 06:11:35,516243,3319.704055786133
2995,2021-11-03 06:11:48,516243,3341.8869972229004
2996,2021-11-03 07:11:24,516243,3356.024980545044
2997,2021-11-03 06:11:00,516244,3350.743055343628
2998,2021-11-03 07:11:01,516244,3333.5978984832764
2999,2021-11-03 07:11:05,516244,3355.841875076294
3000,2021-11-03 07:11:42,516244,3310.541868209839
3001,2021-11-03 08:11:10,516244,3345.12996673584
3002,2021-11-03 08:11:40,516244,3354.5541763305664
3003,2021-11-03 09:11:35,516244,3338.145971298218
3004,2021-11-03 10:11:02,516244,3338.1948471069336
3005,2021-11-03 10:11:13,516244,3333.203077316284
3006,2021-11-03 11:11:33,516244,3356.036901473999
3007,2021-11-03 01:11:12,516245,3293.7800884246826
3008,2021-11-03 10:11:42,516245,3493.9749240875244
3009,2021-11-03 11:11:39,516245,3353.714942932129
3010,2021-11-03 11:11:57,516245,3361.0668182373047
3011,2021-11-03 12:11:06,516245,3359.1842651367188
3012,2021-11-03 12:11:26,516245,3321.5181827545166
3013,2021-11-03 12:11:42,516245,3350.264072418213
3014,2021-11-03 12:11:59,516245,3318.0289268493652
3015,2021-11-03 02:11:03,516246,3355.2448749542236
3016,2021-11-03 03:11:05,516246,3352.447986602783
3017,2021-11-03 03:11:08,516246,3329.9477100372314
3018,2021-11-03 03:11:19,516246,3341.778039932251
3019,2021-11-03 02:11:37,516247,3409.2512130737305
3020,2021-11-03 02:11:39,516247,3339.8797512054443
3021,2021-11-03 03:11:15,516247,3364.884853363037
3022,2021-11-03 04:11:09,516247,3348.775863647461
3023,2021-11-03 04:11:52,516247,3316.3628578186035
3024,2021-11-03 02:11:25,516248,3349.3099212646484
3025,2021-11-03 03:11:21,516248,3204.4730186462402
3026,2021-11-03 03:11:37,516248,3332.6218128204346
3027,2021-11-03 03:11:46,516248,3372.596025466919
3028,2021-11-03 05:11:06,516248,3212.5399112701416
3029,2021-11-03 03:11:52,516249,3357.2630882263184
3030,2021-11-03 04:11:20,516249,3373.7668991088867
3031,2021-11-03 04:11:40,516249,3357.576847076416
3032,2021-11-03 05:11:29,516249,3574.937105178833
3033,2021-11-03 05:11:38,516249,3336.8170261383057
3034,2021-11-03 06:11:36,516249,3332.82208442688
3035,2021-11-03 04:11:33,516250,3359.3649864196777
3036,2021-11-03 06:11:35,516250,3347.5778102874756
3037,2021-11-03 05:11:22,516251,3326.436996459961
3038,2021-11-03 05:11:30,516251,3334.39302444458
3039,2021-11-03 06:11:19,516251,3307.943105697632
3040,2021-11-03 06:11:31,516251,3652.0559787750244
3041,2021-11-03 05:11:35,516252,3315.717935562134
3042,2021-11-03 06:11:09,516252,3303.5242557525635
3043,2021-11-03 06:11:12,516252,3338.3939266204834
3044,2021-11-03 07:11:38,516252,3365.0219440460205
3045,2021-11-03 06:11:01,516253,3503.9870738983154
3046,2021-11-03 06:11:20,516253,3338.1259441375732
3047,2021-11-03 06:11:48,516253,3342.190980911255
3048,2021-11-03 07:11:29,516253,3385.660171508789
3049,2021-11-03 08:11:03,516253,3389.5111083984375
3050,2021-11-03 08:11:44,516253,3362.916946411133
3051,2021-11-03 08:11:52,516253,3428.3859729766846
3052,2021-11-03 08:11:53,516253,3348.1087684631348
3053,2021-11-03 09:11:06,516253,3358.736991882324
3054,2021-11-03 09:11:18,516253,3379.7318935394287
3055,2021-11-03 07:11:24,516254,3348.795175552368
3056,2021-11-03 09:11:20,516254,3389.48917388916
3057,2021-11-03 09:11:25,516254,3354.3360233306885
3058,2021-11-03 09:11:46,516254,3359.285831451416
3059,2021-11-03 10:11:00,516254,3339.191198348999
3060,2021-11-03 10:11:16,516254,3341.294050216675
3061,2021-11-03 10:11:30,516254,3343.626022338867
3062,2021-11-03 10:11:42,516254,3675.0340461730957
3063,2021-11-03 11:11:17,516254,3348.9339351654053
3064,2021-11-03 11:11:22,516254,3360.20565032959
3065,2021-11-03 11:11:30,516254,3385.138988494873
3066,2021-11-03 11:11:48,516254,3346.1861610412598
3067,2021-11-03 11:11:53,516254,3333.7879180908203
3068,2021-11-03 10:11:55,516256,3376.896858215332
3069,2021-11-03 11:11:20,516256,3366.9350147247314
3070,2021-11-03 11:11:37,516256,3352.5280952453613
3071,2021-11-04 12:11:08,516256,3361.500024795532
3072,2021-11-04 01:11:03,516258,3563.778877258301
3073,2021-11-04 03:11:07,516258,3358.560085296631
3074,2021-11-04 12:11:09,516258,3420.0050830841064
3075,2021-11-04 12:11:23,516258,3362.154960632324
3076,2021-11-04 12:11:49,516258,3623.101234436035
3077,2021-11-04 04:11:23,516262,3379.175901412964
3078,2021-11-04 04:11:46,516262,3348.1009006500244
3079,2021-11-04 05:11:03,516262,3357.7139377593994
3080,2021-11-04 05:11:42,516263,3353.0802726745605
3081,2021-11-04 06:11:37,516263,3369.108200073242
3082,2021-11-04 07:11:07,516263,3488.1081581115723
3083,2021-11-04 07:11:19,516263,3350.4881858825684
3084,2021-11-04 06:11:38,516264,3354.714870452881
3085,2021-11-04 06:11:41,516264,3335.024833679199
3086,2021-11-04 06:11:46,516264,3343.9948558807373
3087,2021-11-04 07:11:00,516264,3379.383087158203
3088,2021-11-04 07:11:52,516264,3362.7400398254395
3089,2021-11-04 06:11:02,516265,3371.1211681365967
3090,2021-11-04 08:11:27,516265,3338.3188247680664
3091,2021-11-04 08:11:36,516267,3331.576108932495
3092,2021-11-04 08:11:44,516267,3576.918840408325
3093,2021-11-04 08:11:44,516267,3433.0689907073975
3094,2021-11-04 09:11:22,516267,3340.071678161621
3095,2021-11-04 09:11:57,516267,3328.040838241577
3096,2021-11-04 09:11:57,516267,3316.519021987915
3097,2021-11-04 09:11:49,516268,3347.19181060791
3098,2021-11-04 11:11:01,516268,3349.774122238159
3099,2021-11-04 11:11:30,516268,3377.6187896728516
3100,2021-11-04 11:11:55,516268,3343.8119888305664
3101,2021-11-04 10:11:14,516270,3368.5660362243652
3102,2021-11-04 11:11:27,516270,3358.0992221832275
3103,2021-11-04 11:11:40,516270,3344.959020614624
3104,2021-11-04 12:11:06,516270,3357.5809001922607
3105,2021-11-04 12:11:54,516270,3314.5477771759033
3106,2021-11-04 02:11:28,516271,3343.484878540039
3107,2021-11-04 12:11:56,516271,3326.1449337005615
3108,2021-11-04 01:11:05,516272,3344.8469638824463
3109,2021-11-04 01:11:22,516272,3384.5717906951904
3110,2021-11-04 03:11:33,516272,3356.8692207336426
3111,2021-11-04 03:11:43,516272,3381.3090324401855
3112,2021-11-04 05:11:31,516272,3342.6241874694824
3113,2021-11-04 12:11:40,516272,3340.8071994781494
3114,2021-11-04 04:11:40,516274,3376.9290447235107
3115,2021-11-04 06:11:20,516274,3350.925922393799
3116,2021-11-04 06:11:50,516274,3351.9201278686523
3117,2021-11-04 07:11:15,516274,3345.059871673584
3118,2021-11-04 07:11:44,516274,3369.791030883789
3119,2021-11-04 11:11:31,516274,3310.3740215301514
3120,2021-11-05 12:11:01,516274,3312.744140625
3121,2021-11-04 07:11:18,516275,3348.144054412842
3122,2021-11-04 07:11:40,516275,3438.1771087646484
3123,2021-11-04 07:11:59,516275,3425.1391887664795
3124,2021-11-04 08:11:03,516275,3334.1269493103027
3125,2021-11-05 01:11:10,516275,3328.350067138672
3126,2021-11-05 01:11:46,516275,3342.072010040283
3127,2021-11-05 05:11:55,516275,3439.754009246826
3128,2021-11-05 04:11:54,516276,3332.058906555176
3129,2021-11-05 05:11:01,516278,3319.6609020233154
3130,2021-11-05 05:11:27,516278,3356.5940856933594
3131,2021-11-05 05:11:35,516278,3321.704864501953
3132,2021-11-05 06:11:02,516278,3339.895009994507
3133,2021-11-05 07:11:12,516278,3326.917886734009
3134,2021-11-05 07:11:33,516278,3317.385196685791
3135,2021-11-05 08:11:40,516278,3317.7340030670166
3136,2021-11-05 08:11:54,516278,3343.022108078003
3137,2021-11-05 06:11:10,516279,3376.959800720215
3138,2021-11-05 09:11:17,516279,3415.302038192749
3139,2021-11-05 02:11:02,516281,3394.0269947052
3140,2021-11-05 10:11:45,516281,3404.6249389648438
3141,2021-11-05 12:11:18,516281,3412.91880607605
3142,2021-11-05 12:11:24,516281,3364.6328449249268
3143,2021-11-05 01:11:03,516282,3379.7130584716797
3144,2021-11-05 01:11:23,516282,3488.83318901062
3145,2021-11-05 04:11:33,516282,3418.1389808654785
3146,2021-11-05 01:11:23,516284,3271.07572555542
3147,2021-11-05 04:11:26,516284,3284.0559482574463
3148,2021-11-05 01:11:21,516285,3221.4081287384033
3149,2021-11-05 01:11:44,516285,3334.044933319092
3150,2021-11-05 04:11:06,516285,3285.133123397827
3151,2021-11-05 01:11:09,516286,3285.8779430389404
3152,2021-11-05 01:11:52,516286,3287.7681255340576
3153,2021-11-05 03:11:11,516286,3352.8788089752197
3154,2021-11-05 05:11:05,516286,3281.74090385437
3155,2021-11-05 05:11:47,516286,3350.50630569458
3156,2021-11-05 02:11:08,516290,3385.935068130493
3157,2021-11-05 03:11:05,516290,3248.579978942871
3158,2021-11-05 05:11:26,516290,3233.5352897644043
3159,2021-11-05 06:11:09,516290,3248.4099864959717
3160,2021-11-05 06:11:23,516290,3256.481170654297
3161,2021-11-05 02:11:06,516292,3224.2040634155273
3162,2021-11-05 02:11:18,516292,3256.969928741455
3163,2021-11-05 02:11:29,516292,3258.0950260162354
3164,2021-11-05 03:11:19,516292,3213.64688873291
3165,2021-11-05 03:11:35,516292,3256.9668292999268
3166,2021-11-05 05:11:59,516292,3229.7792434692383
3167,2021-11-05 06:11:06,516292,3283.4839820861816
3168,2021-11-05 06:11:09,516292,3204.3299674987793
3169,2021-11-05 06:11:14,516292,3273.691177368164
3170,2021-11-05 06:11:43,516292,3257.1301460266113
3171,2021-11-05 06:11:45,516292,3258.5551738739014
3172,2021-11-05 07:11:12,516292,3242.3789501190186
3173,2021-11-05 07:11:15,516292,3390.091896057129
3174,2021-11-05 07:11:20,516292,3250.178813934326
3175,2021-11-05 07:11:42,516292,3277.4038314819336
3176,2021-11-05 07:11:53,516292,3237.560033798218
3177,2021-11-05 07:11:55,516292,3285.386085510254
3178,2021-11-05 09:11:10,516292,3230.942964553833
3179,2021-11-05 09:11:33,516292,3251.6090869903564
3180,2021-11-05 09:11:46,516292,3225.472927093506
3181,2021-11-05 10:11:29,516292,3267.881155014038
3182,2021-11-05 10:11:30,516292,3293.9538955688477
3183,2021-11-05 11:11:26,516292,3265.812873840332
3184,2021-11-05 11:11:47,516292,3279.3221473693848
3185,2021-11-05 08:11:25,516293,3249.0367889404297
3186,2021-11-05 08:11:33,516293,3236.61208152771
3187,2021-11-05 09:11:11,516293,3217.3187732696533
3188,2021-11-05 10:11:05,516293,3268.0909633636475
3189,2021-11-06 12:11:16,516293,3252.213954925537
3190,2021-11-06 12:11:45,516293,3231.9729328155518
3191,2021-11-05 03:11:41,516294,3348.9139080047607
3192,2021-11-05 10:11:26,516294,3250.9400844573975
3193,2021-11-05 10:11:40,516294,3262.451171875
3194,2021-11-05 11:11:00,516294,3339.9548530578613
3195,2021-11-05 11:11:15,516294,3235.322952270508
3196,2021-11-05 11:11:32,516294,3237.8149032592773
3197,2021-11-06 01:11:41,516294,3204.192876815796
3198,2021-11-06 01:11:59,516294,3239.377975463867
3199,2021-11-06 02:11:41,516294,3266.19291305542
3200,2021-11-06 02:11:55,516294,3259.2408657073975
3201,2021-11-06 12:11:03,516294,3245.990037918091
3202,2021-11-06 12:11:04,516294,3599.292039871216
3203,2021-11-06 12:11:05,516294,3266.8099403381348
3204,2021-11-06 12:11:10,516294,3251.5439987182617
3205,2021-11-06 02:11:07,516295,3312.2332096099854
3206,2021-11-06 02:11:08,516295,3215.743064880371
3207,2021-11-06 04:11:14,516295,3266.1709785461426
3208,2021-11-06 02:11:29,516296,3210.7298374176025
3209,2021-11-06 02:11:56,516296,3328.1259536743164
3210,2021-11-06 03:11:33,516296,3261.108160018921
3211,2021-11-06 04:11:47,516296,3262.692928314209
3212,2021-11-06 04:11:47,516296,3231.020927429199
3213,2021-11-06 03:11:29,516298,3241.1229610443115
3214,2021-11-06 04:11:53,516298,3321.985960006714
3215,2021-11-06 04:11:33,516299,3275.5067348480225
3216,2021-11-06 05:11:11,516299,3232.7818870544434
3217,2021-11-06 04:11:33,516300,3266.9830322265625
3218,2021-11-06 05:11:18,516300,3235.1698875427246
3219,2021-11-06 06:11:06,516300,3219.3477153778076
3220,2021-11-06 06:11:12,516300,3255.63907623291
3221,2021-11-06 06:11:10,516301,3232.6362133026123
3222,2021-11-06 07:11:23,516301,3240.583896636963
3223,2021-11-06 08:11:10,516301,3237.060785293579
3224,2021-11-06 07:11:06,516302,3234.4460487365723
3225,2021-11-06 09:11:06,516302,3262.8180980682373
3226,2021-11-06 09:11:20,516302,3288.9652252197266
3227,2021-11-06 09:11:34,516302,3256.376266479492
3228,2021-11-08 07:11:12,516302,3250.9639263153076
3229,2021-11-08 07:11:41,516302,3308.053970336914
3230,2021-11-08 07:11:47,516302,3252.3958683013916
3231,2021-11-08 07:11:51,516302,3261.759042739868
3232,2021-11-06 08:11:02,516304,3298.462152481079
3233,2021-11-06 08:11:11,516304,3310.642957687378
3234,2021-11-06 09:11:17,516304,3220.163345336914
3235,2021-11-06 08:11:13,516308,3333.1551551818848
3236,2021-11-06 09:11:22,516308,3352.499008178711
3237,2021-11-06 09:11:08,516313,3360.496997833252
3238,2021-11-06 10:11:58,516313,3334.1221809387207
3239,2021-11-06 09:11:29,516316,3351.7611026763916
3240,2021-11-06 01:11:25,516318,3313.556909561157
3241,2021-11-06 01:11:35,516318,3327.6588916778564
3242,2021-11-06 11:11:58,516318,3403.6500453948975
3243,2021-11-06 12:11:46,516318,3320.03116607666
3244,2021-11-07 01:11:43,516322,3338.7880325317383
3245,2021-11-07 04:11:48,516322,3329.6380043029785
3246,2021-11-07 05:11:24,516322,3311.5153312683105
3247,2021-11-07 06:11:30,516322,3318.192958831787
3248,2021-11-07 06:11:55,516322,3413.6106967926025
3249,2021-11-07 10:11:26,516322,3341.9859409332275
3250,2021-11-07 11:11:45,516322,3327.4149894714355
3251,2021-11-07 12:11:30,516322,3315.6981468200684
3252,2021-11-07 12:11:34,516322,3317.548990249634
3253,2021-11-07 12:11:42,516322,3368.6511516571045
3254,2021-11-07 02:11:55,516323,3300.771951675415
3255,2021-11-07 03:11:33,516323,3326.8299102783203
3256,2021-11-07 04:11:48,516323,3317.5559043884277
3257,2021-11-07 04:11:50,516323,3306.2150478363037
3258,2021-11-07 07:11:19,516326,3309.2949390411377
3259,2021-11-07 08:11:21,516326,3369.4939613342285
3260,2021-11-07 09:11:20,516326,3302.8860092163086
3261,2021-11-08 03:11:32,516326,3279.1008949279785
3262,2021-11-08 04:11:11,516326,3279.0560722351074
3263,2021-11-08 05:11:29,516326,3567.4939155578613
3264,2021-11-08 05:11:36,516326,3462.87202835083
3265,2021-11-08 05:11:40,516326,3274.7318744659424
3266,2021-11-08 06:11:16,516326,3301.111936569214
3267,2021-11-08 06:11:22,516326,3314.818859100342
3268,2021-11-08 06:11:33,516326,3264.631986618042
3269,2021-11-08 06:11:47,516326,3330.0318717956543
3270,2021-11-08 07:11:06,516326,3292.888879776001
3271,2021-11-08 07:11:18,516326,3375.232934951782
3272,2021-11-08 07:11:29,516326,3289.4132137298584
3273,2021-11-08 07:11:45,516326,3281.65602684021
3274,2021-11-08 07:11:51,516326,3284.769058227539
3275,2021-11-08 08:11:10,516326,3275.629997253418
3276,2021-11-08 08:11:31,516326,3303.0099868774414
3277,2021-11-08 08:11:46,516326,3292.7279472351074
3278,2021-11-08 09:11:06,516326,3262.481927871704
3279,2021-11-08 09:11:33,516326,3302.3509979248047
3280,2021-11-08 09:11:34,516326,3335.3371620178223
3281,2021-11-08 09:11:39,516326,3329.051971435547
3282,2021-11-08 09:11:49,516326,3300.4069328308105
3283,2021-11-08 09:11:55,516326,3301.215887069702
3284,2021-11-08 10:11:12,516326,3273.0090618133545
3285,2021-11-08 10:11:15,516326,3271.08097076416
3286,2021-11-08 10:11:46,516326,3291.9671535491943
3287,2021-11-08 11:11:15,516326,3294.5990562438965
3288,2021-11-08 11:11:43,516326,3341.7770862579346
3289,2021-11-08 11:11:45,516326,3281.10408782959
3290,2021-11-08 10:11:55,516327,3273.017168045044
3291,2021-11-08 11:11:00,516327,3327.266216278076
3292,2021-11-08 01:11:53,516328,3270.4949378967285
3293,2021-11-08 02:11:47,516328,3288.482189178467
3294,2021-11-08 11:11:03,516328,3317.8982734680176
3295,2021-11-08 02:11:53,516329,3298.393964767456
3296,2021-11-08 12:11:49,516329,3310.3678226470947
3297,2021-11-08 01:11:07,516330,3346.717119216919
3298,2021-11-08 02:11:35,516330,3307.907819747925
3299,2021-11-08 02:11:38,516330,3276.6990661621094
3300,2021-11-08 03:11:11,516330,3270.3428268432617
3301,2021-11-08 03:11:30,516330,3302.3338317871094
3302,2021-11-08 04:11:18,516330,3285.861015319824
3303,2021-11-08 03:11:04,516332,3291.504144668579
3304,2021-11-08 03:11:31,516332,3306.962251663208
3305,2021-11-08 03:11:47,516332,3261.328935623169
3306,2021-11-08 03:11:29,516333,3250.16188621521
3307,2021-11-08 04:11:36,516333,3225.5699634552
3308,2021-11-08 05:11:09,516333,3244.1680431365967
3309,2021-11-08 05:11:36,516333,3241.6751384735107
3310,2021-11-08 04:11:37,516334,3274.319887161255
3311,2021-11-08 06:11:38,516335,3268.7931060791016
3312,2021-11-08 06:11:13,516336,3240.8390045166016
3313,2021-11-08 06:11:34,516336,3302.189826965332
3314,2021-11-08 06:11:52,516336,3257.918119430542
3315,2021-11-08 07:11:29,516336,3283.2112312316895
3316,2021-11-08 07:11:31,516336,3257.739782333374
3317,2021-11-08 07:11:57,516336,3286.792993545532
3318,2021-11-08 08:11:54,516336,3245.2800273895264
3319,2021-11-08 06:11:36,516338,3273.6189365386963
3320,2021-11-08 07:11:07,516338,3264.935255050659
3321,2021-11-08 07:11:08,516338,3279.958963394165
3322,2021-11-08 07:11:40,516338,3241.6818141937256
3323,2021-11-08 07:11:46,516338,3255.0511360168457
3324,2021-11-08 08:11:25,516338,3267.507791519165
3325,2021-11-08 08:11:25,516338,3277.3029804229736
3326,2021-11-08 08:11:38,516338,3275.493860244751
3327,2021-11-08 08:11:50,516338,3259.9852085113525
3328,2021-11-08 08:11:50,516340,3209.4969749450684
3329,2021-11-08 09:11:04,516340,3238.7208938598633
3330,2021-11-08 09:11:53,516340,3152.6880264282227
3331,2021-11-08 10:11:18,516340,3204.071044921875
3332,2021-11-08 10:11:00,516343,3233.057737350464
3333,2021-11-08 10:11:30,516343,3228.5678386688232
3334,2021-11-09 12:11:16,516343,3212.5070095062256
3335,2021-11-08 11:11:28,516345,3247.7829456329346
3336,2021-11-09 01:11:08,516345,3216.036081314087
3337,2021-11-09 01:11:12,516345,3234.5309257507324
3338,2021-11-09 12:11:05,516345,3211.061954498291
3339,2021-11-09 02:11:35,516349,3209.28692817688
3340,2021-11-09 03:11:25,516349,3278.2270908355713
3341,2021-11-09 03:11:50,516349,3195.5878734588623
3342,2021-11-09 04:11:35,516349,3179.840087890625
3343,2021-11-09 04:11:37,516349,3213.45591545105
3344,2021-11-09 05:11:18,516349,3220.832109451294
3345,2021-11-09 05:11:46,516349,3230.2331924438477
3346,2021-11-09 05:11:48,516349,3159.8148345947266
3347,2021-11-09 06:11:12,516349,3199.7082233428955
3348,2021-11-09 06:11:53,516349,3181.9000244140625
3349,2021-11-09 07:11:03,516349,3213.1059169769287
3350,2021-11-09 07:11:13,516349,3204.019069671631
3351,2021-11-09 07:11:57,516349,3192.3186779022217
3352,2021-11-09 08:11:28,516349,3264.875888824463
3353,2021-11-09 08:11:28,516349,3205.720901489258
3354,2021-11-09 08:11:32,516349,3210.7536792755127
3355,2021-11-09 09:11:21,516349,3196.399927139282
3356,2021-11-09 09:11:41,516349,3233.1109046936035
3357,2021-11-09 08:11:08,516350,3593.261957168579
3358,2021-11-09 09:11:12,516350,3236.652135848999
3359,2021-11-09 09:11:33,516350,3226.5520095825195
3360,2021-11-09 10:11:22,516350,3192.6190853118896
3361,2021-11-09 10:11:32,516350,3215.635061264038
3362,2021-11-09 10:11:49,516350,3227.077007293701
3363,2021-11-09 11:11:57,516350,3190.778970718384
3364,2021-11-09 01:11:15,516351,3228.7309169769287
3365,2021-11-09 01:11:19,516351,3211.17901802063
3366,2021-11-09 01:11:50,516351,3201.2879848480225
3367,2021-11-09 01:11:52,516351,3256.757974624634
3368,2021-11-09 02:11:10,516351,3199.5208263397217
3369,2021-11-09 02:11:13,516351,3215.2881622314453
3370,2021-11-09 02:11:29,516351,3238.381862640381
3371,2021-11-09 03:11:44,516351,3224.245071411133
3372,2021-11-09 03:11:58,516351,3216.18914604187
3373,2021-11-09 12:11:12,516351,3228.98006439209
3374,2021-11-09 12:11:50,516351,3208.7318897247314
3375,2021-11-09 03:11:31,516352,3224.691867828369
3376,2021-11-09 03:11:43,516353,3204.9248218536377
3377,2021-11-09 04:11:25,516353,3192.6119327545166
3378,2021-11-09 04:11:49,516353,3209.6991539001465
3379,2021-11-09 04:11:58,516353,3218.3828353881836
3380,2021-11-09 05:11:31,516353,3220.1337814331055
3381,2021-11-09 05:11:44,516353,3200.3419399261475
3382,2021-11-09 05:11:27,516356,3261.375904083252
3383,2021-11-09 07:11:17,516358,3217.1709537506104
3384,2021-11-09 08:11:16,516358,3216.3259983062744
3385,2021-11-09 06:11:17,516359,3209.750175476074
3386,2021-11-09 07:11:13,516359,3177.7310371398926
3387,2021-11-09 08:11:53,516359,3160.339832305908
3388,2021-11-09 09:11:53,516359,3249.394655227661
3389,2021-11-09 10:11:24,516359,3150.1412391662598
3390,2021-11-09 11:11:53,516359,3215.0871753692627
3391,2021-11-10 01:11:51,516361,3210.2420330047607
3392,2021-11-10 12:11:50,516361,3206.493139266968
3393,2021-11-10 02:11:49,516362,3194.31209564209
3394,2021-11-10 12:11:39,516362,3222.9130268096924
3395,2021-11-10 01:11:39,516363,3210.1151943206787
3396,2021-11-10 12:11:17,516363,3235.611915588379
3397,2021-11-10 03:11:55,516365,3243.912935256958
3398,2021-11-10 04:11:41,516365,3226.6721725463867
3399,2021-11-10 05:11:39,516368,3230.2119731903076
3400,2021-11-10 08:11:53,516371,3210.162878036499
3401,2021-11-10 09:11:01,516371,3198.334217071533
3402,2021-11-10 11:11:23,516371,3205.761194229126
3403,2021-11-10 11:11:27,516371,3253.9520263671875
3404,2021-11-10 09:11:48,516372,3195.6629753112793
3405,2021-11-10 09:11:50,516372,3181.66184425354
3406,2021-11-10 10:11:17,516372,3231.5988540649414
3407,2021-11-10 10:11:43,516372,3572.014808654785
3408,2021-11-10 10:11:20,516374,3195.035934448242
3409,2021-11-10 11:11:12,516374,3186.569929122925
3410,2021-11-10 11:11:21,516374,3229.1951179504395
3411,2021-11-10 12:11:39,516374,3194.0412521362305
3412,2021-11-10 01:11:01,516375,3180.133104324341
3413,2021-11-10 01:11:41,516375,3235.6340885162354
3414,2021-11-10 12:11:07,516375,3208.250045776367
3415,2021-11-10 12:11:35,516375,3213.198184967041
3416,2021-11-10 01:11:03,516376,3222.6309776306152
3417,2021-11-10 01:11:32,516376,3216.001272201538
3418,2021-11-10 02:11:27,516376,3197.317123413086
3419,2021-11-10 02:11:32,516376,3199.7950077056885
3420,2021-11-10 01:11:44,516377,3206.354856491089
3421,2021-11-10 02:11:06,516377,3292.4740314483643
3422,2021-11-10 02:11:20,516377,3242.837905883789
3423,2021-11-10 02:11:22,516377,3200.0412940979004
3424,2021-11-10 02:11:35,516377,3211.437940597534
3425,2021-11-10 03:11:20,516377,3197.8960037231445
3426,2021-11-10 03:11:43,516377,3203.3729553222656
3427,2021-11-10 02:11:04,516378,3218.2059288024902
3428,2021-11-10 03:11:37,516378,3210.8218669891357
3429,2021-11-10 03:11:09,516379,3201.986074447632
3430,2021-11-10 05:11:57,516379,3197.9739665985107
3431,2021-11-10 04:11:39,516380,3236.9489669799805
3432,2021-11-10 04:11:59,516380,3203.476905822754
3433,2021-11-10 05:11:33,516380,3237.584114074707
3434,2021-11-10 05:11:05,516381,3233.7377071380615
3435,2021-11-10 05:11:55,516381,3206.7978382110596
3436,2021-11-10 06:11:14,516381,3200.4759311676025
3437,2021-11-10 06:11:31,516381,3211.491107940674
3438,2021-11-10 06:11:40,516381,3224.686861038208
3439,2021-11-10 07:11:56,516381,3202.327013015747
3440,2021-11-10 06:11:58,516382,3212.860107421875
3441,2021-11-10 08:11:08,516382,3223.768949508667
3442,2021-11-10 08:11:09,516383,3165.9820079803467
3443,2021-11-10 08:11:55,516383,3207.921028137207
3444,2021-11-10 09:11:33,516383,3170.989990234375
3445,2021-11-10 09:11:03,516385,3581.2008380889893
3446,2021-11-10 09:11:12,516385,3391.9150829315186
3447,2021-11-10 09:11:44,516385,3180.251121520996
3448,2021-11-10 10:11:34,516385,3193.169116973877
3449,2021-11-10 10:11:47,516385,3181.1859607696533
3450,2021-11-10 11:11:11,516385,3165.4279232025146
3451,2021-11-10 09:11:47,516386,3193.6752796173096
3452,2021-11-10 10:11:18,516386,3207.681894302368
3453,2021-11-10 10:11:24,516386,3223.186254501343
3454,2021-11-10 11:11:24,516386,3175.802230834961
3455,2021-11-11 12:11:22,516386,3201.47705078125
3456,2021-11-11 12:11:23,516386,3180.7940006256104
3457,2021-11-11 12:11:32,516386,3169.241189956665
3458,2021-11-11 12:11:58,516386,3198.7099647521973
3459,2021-11-10 11:11:13,516387,3148.771047592163
3460,2021-11-10 11:11:20,516387,3152.3947715759277
3461,2021-11-11 01:11:18,516387,3148.5559940338135
3462,2021-11-11 01:11:41,516387,3153.676748275757
3463,2021-11-11 12:11:01,516390,3134.8891258239746
3464,2021-11-11 01:11:04,516391,3137.885808944702
3465,2021-11-11 02:11:59,516391,3118.0248260498047
3466,2021-11-11 02:11:14,516392,3168.9279079437256
3467,2021-11-11 02:11:24,516392,3136.607885360718
3468,2021-11-11 03:11:52,516392,3121.774196624756
3469,2021-11-11 04:11:26,516392,3164.548873901367
3470,2021-11-11 06:11:26,516397,3152.764320373535
3471,2021-11-11 07:11:08,516397,3158.371925354004
3472,2021-11-11 06:11:10,516398,3141.2689685821533
3473,2021-11-11 06:11:36,516398,3142.6610946655273
3474,2021-11-11 07:11:50,516398,3165.302038192749
3475,2021-11-11 07:11:56,516399,3130.873203277588
3476,2021-11-11 09:11:14,516400,3171.487808227539
3477,2021-11-11 10:11:41,516401,3137.5319957733154
3478,2021-11-11 10:11:46,516401,3200.5069255828857
3479,2021-11-11 11:11:09,516401,3144.1800594329834
3480,2021-11-11 11:11:32,516401,3511.8560791015625
3481,2021-11-11 10:11:59,516402,3214.303731918335
3482,2021-11-11 11:11:10,516402,3175.8909225463867
3483,2021-11-11 12:11:18,516403,3158.3340167999268
3484,2021-11-11 12:11:38,516403,3171.7867851257324
3485,2021-11-11 12:11:45,516403,3179.871082305908
3486,2021-11-11 01:11:00,516404,3175.045967102051
3487,2021-11-11 01:11:07,516404,3216.048002243042
3488,2021-11-11 01:11:08,516404,3174.607992172241
3489,2021-11-11 01:11:09,516404,3171.7448234558105
3490,2021-11-11 01:11:51,516404,3203.8028240203857
3491,2021-11-11 02:11:11,516404,3175.334930419922
3492,2021-11-11 02:11:20,516404,3186.650037765503
3493,2021-11-11 02:11:41,516404,3207.136869430542
3494,2021-11-11 12:11:07,516404,3527.074098587036
3495,2021-11-11 12:11:36,516404,3161.590814590454
3496,2021-11-11 01:11:02,516405,3562.180995941162
3497,2021-11-11 01:11:45,516405,3205.9829235076904
3498,2021-11-11 03:11:33,516405,3178.942918777466
3499,2021-11-11 02:11:01,516406,3166.233777999878
3500,2021-11-11 02:11:44,516406,3183.560848236084
3501,2021-11-11 03:11:37,516406,3165.7652854919434
3502,2021-11-11 03:11:38,516406,3169.1946983337402
3503,2021-11-11 03:11:00,516408,3182.0011138916016
3504,2021-11-11 03:11:33,516408,3519.763231277466
3505,2021-11-11 03:11:53,516408,3125.1847743988037
3506,2021-11-11 04:11:19,516408,3168.231725692749
3507,2021-11-11 04:11:43,516408,3122.7240562438965
3508,2021-11-11 05:11:25,516408,3191.305160522461
3509,2021-11-11 05:11:40,516408,3107.4821949005127
3510,2021-11-11 05:11:41,516408,3181.1652183532715
3511,2021-11-11 05:11:53,516408,3179.1751384735107
3512,2021-11-11 04:11:30,516409,3220.2041149139404
3513,2021-11-11 05:11:29,516409,3196.042060852051
3514,2021-11-11 06:11:51,516409,3192.4078464508057
3515,2021-11-11 06:11:58,516409,3178.518056869507
3516,2021-11-11 05:11:12,516411,3145.555019378662
3517,2021-11-11 05:11:24,516411,3197.4103450775146
3518,2021-11-11 06:11:38,516411,3130.6302547454834
3519,2021-11-11 06:11:50,516411,3132.182836532593
3520,2021-11-11 08:11:05,516411,3172.950029373169
3521,2021-11-11 08:11:36,516411,3138.1609439849854
3522,2021-11-11 05:11:49,516412,3200.9260654449463
3523,2021-11-11 06:11:26,516412,3166.7609214782715
3524,2021-11-11 06:11:28,516412,3190.4587745666504
3525,2021-11-11 07:11:54,516412,3141.2901878356934
3526,2021-11-11 07:11:00,516413,3156.604766845703
3527,2021-11-11 07:11:31,516413,3169.066905975342
3528,2021-11-11 08:11:06,516413,3176.278829574585
3529,2021-11-11 08:11:57,516413,3148.576021194458
3530,2021-11-11 07:11:38,516414,3154.5259952545166
3531,2021-11-11 09:11:27,516414,3147.930145263672
3532,2021-11-11 10:11:52,516414,3151.6919136047363
3533,2021-11-11 11:11:47,516414,3178.1961917877197
3534,2021-11-12 12:11:08,516414,3172.8527545928955
3535,2021-11-12 12:11:42,516414,3162.2769832611084
3536,2021-11-11 08:11:46,516415,3172.7828979492188
3537,2021-11-11 10:11:44,516415,3164.4530296325684
3538,2021-11-11 10:11:44,516415,3136.789083480835
3539,2021-11-11 10:11:50,516415,3147.2015380859375
3540,2021-11-11 11:11:23,516415,3131.4828395843506
3541,2021-11-11 11:11:57,516415,3155.858039855957
3542,2021-11-12 01:11:43,516415,3109.0099811553955
3543,2021-11-12 01:11:49,516415,3339.689016342163
3544,2021-11-12 12:11:09,516415,3157.127618789673
3545,2021-11-12 12:11:16,516415,3145.440101623535
3546,2021-11-12 12:11:29,516415,3132.8625679016113
3547,2021-11-12 12:11:33,516415,3133.5489749908447
3548,2021-11-12 12:11:34,516415,3185.9219074249268
3549,2021-11-12 12:11:44,516415,3176.560163497925
3550,2021-11-12 12:11:50,516415,3183.091878890991
3551,2021-11-12 12:11:59,516415,3195.078134536743
3552,2021-11-11 11:11:22,516416,3161.607265472412
3553,2021-11-12 12:11:21,516416,3181.1208724975586
3554,2021-11-12 01:11:29,516419,3203.5911083221436
3555,2021-11-12 01:11:35,516420,3214.5447731018066
3556,2021-11-12 02:11:58,516420,3223.5798835754395
3557,2021-11-12 02:11:40,516421,3205.254077911377
3558,2021-11-12 02:11:46,516421,3228.1370162963867
3559,2021-11-12 06:11:51,516424,3228.247880935669
3560,2021-11-12 07:11:32,516424,3210.0794315338135
3561,2021-11-12 07:11:36,516424,3197.864770889282
3562,2021-11-12 08:11:22,516424,3227.6060581207275
3563,2021-11-12 08:11:52,516424,3205.016851425171
3564,2021-11-12 09:11:21,516424,3207.1845531463623
3565,2021-11-12 09:11:52,516424,3229.025363922119
3566,2021-11-12 08:11:54,516425,3231.5685749053955
3567,2021-11-12 09:11:38,516425,3194.220542907715
3568,2021-11-12 09:11:23,516426,3185.596227645874
3569,2021-11-12 09:11:47,516426,3232.450008392334
3570,2021-11-12 09:11:58,516426,3212.6340866088867
3571,2021-11-12 11:11:04,516426,3218.7142372131348
3572,2021-11-12 11:11:40,516426,3217.040538787842
3573,2021-11-12 12:11:43,516426,3208.5204124450684
3574,2021-11-12 12:11:51,516426,3215.388536453247
3575,2021-11-12 01:11:04,516427,3241.7001724243164
3576,2021-11-12 01:11:07,516427,3200.732707977295
3577,2021-11-12 01:11:20,516427,3217.711925506592
3578,2021-11-12 01:11:28,516427,3196.0413455963135
3579,2021-11-12 01:11:38,516427,3203.2997608184814
3580,2021-11-12 01:11:38,516427,3223.569631576538
3581,2021-11-12 01:11:48,516427,3196.4640617370605
3582,2021-11-12 02:11:28,516427,3600.613832473755
3583,2021-11-12 10:11:27,516427,3191.9593811035156
3584,2021-11-12 11:11:37,516427,3200.8917331695557
3585,2021-11-12 12:11:12,516427,3283.431053161621
3586,2021-11-12 12:11:33,516427,3209.4027996063232
3587,2021-11-12 12:11:39,516427,3208.8608741760254
3588,2021-11-12 12:11:40,516427,3237.4796867370605
3589,2021-11-12 12:11:43,516427,3201.937675476074
3590,2021-11-12 12:11:55,516427,3195.111036300659
3591,2021-11-12 01:11:04,516428,3548.246145248413
3592,2021-11-12 01:11:07,516428,3171.518087387085
3593,2021-11-12 01:11:32,516428,3192.892074584961
3594,2021-11-12 01:11:36,516428,3250.3085136413574
3595,2021-11-12 02:11:19,516428,3188.0640983581543
3596,2021-11-12 02:11:47,516428,3250.826835632324
3597,2021-11-12 03:11:34,516428,3214.6592140197754
3598,2021-11-12 03:11:41,516428,3210.367441177368
3599,2021-11-12 04:11:13,516428,3227.8287410736084
3600,2021-11-12 04:11:34,516428,3173.389196395874
3601,2021-11-12 03:11:04,516429,3190.3223991394043
3602,2021-11-12 03:11:42,516429,3240.5335903167725
3603,2021-11-12 03:11:49,516429,3190.7336711883545
3604,2021-11-12 04:11:06,516429,3204.2994499206543
3605,2021-11-12 04:11:45,516429,3487.783432006836
3606,2021-11-12 05:11:56,516429,3210.3841304779053
3607,2021-11-12 06:11:00,516429,3178.2383918762207
3608,2021-11-12 06:11:50,516429,3187.718152999878
3609,2021-11-12 04:11:27,516430,3195.986032485962
3610,2021-11-12 04:11:40,516430,3197.070598602295
3611,2021-11-12 05:11:43,516430,3408.942937850952
3612,2021-11-12 05:11:55,516430,3220.6554412841797
3613,2021-11-12 04:11:59,516431,3194.446802139282
3614,2021-11-12 05:11:58,516431,3189.173936843872
3615,2021-11-12 06:11:52,516433,3208.1995010375977
3616,2021-11-12 07:11:56,516433,3225.186824798584
3617,2021-11-12 06:11:46,516434,3401.8101692199707
3618,2021-11-12 08:11:01,516434,3244.636058807373
3619,2021-11-12 09:11:25,516434,3219.9959754943848
3620,2021-11-12 09:11:35,516434,3208.3487510681152
3621,2021-11-12 07:11:07,516436,3238.703966140747
3622,2021-11-12 07:11:28,516436,3265.7065391540527
3623,2021-11-12 09:11:46,516436,3240.837335586548
3624,2021-11-12 09:11:53,516436,3242.6257133483887
3625,2021-11-12 08:11:28,516437,3255.375385284424
3626,2021-11-12 08:11:30,516437,3250.950574874878
3627,2021-11-12 08:11:53,516437,3264.728784561157
3628,2021-11-12 10:11:06,516437,3329.2059898376465
3629,2021-11-12 11:11:03,516437,3220.414876937866
3630,2021-11-12 11:11:06,516437,3257.889986038208
3631,2021-11-12 11:11:20,516437,3221.071720123291
3632,2021-11-12 11:11:53,516437,3213.7176990509033
3633,2021-11-12 10:11:35,516440,3244.769334793091
3634,2021-11-12 10:11:51,516440,3255.3272247314453
3635,2021-11-13 01:11:10,516440,3226.5496253967285
3636,2021-11-13 01:11:40,516440,3235.4040145874023
3637,2021-11-13 09:11:05,516440,3251.8036365509033
3638,2021-11-13 09:11:13,516440,3238.105297088623
3639,2021-11-13 09:11:23,516440,3246.253252029419
3640,2021-11-13 09:11:42,516440,3562.654733657837
3641,2021-11-13 12:11:15,516440,3212.460994720459
3642,2021-11-13 12:11:15,516440,3212.836742401123
3643,2021-11-13 01:11:54,516447,3224.6341705322266
3644,2021-11-13 03:11:02,516447,3242.959976196289
3645,2021-11-13 03:11:17,516447,3220.5867767333984
3646,2021-11-13 04:11:59,516447,3244.9538707733154
3647,2021-11-13 02:11:09,516448,3238.8296127319336
3648,2021-11-13 04:11:50,516448,3225.9089946746826
3649,2021-11-13 02:11:12,516453,3233.717679977417
3650,2021-11-13 03:11:04,516453,3233.2100868225098
3651,2021-11-13 06:11:09,516453,3235.4087829589844
3652,2021-11-13 09:11:40,516453,3209.3634605407715
3653,2021-11-13 10:11:18,516453,3224.2043018341064
3654,2021-11-14 04:11:28,516453,3209.918260574341
3655,2021-11-14 05:11:09,516453,3217.167377471924
3656,2021-11-14 03:11:19,516456,3214.273691177368
3657,2021-11-14 04:11:11,516456,3249.9802112579346
3658,2021-11-14 07:11:11,516456,3215.4810428619385
3659,2021-11-14 08:11:10,516456,3226.3526916503906
3660,2021-11-14 09:11:19,516456,3217.9617881774902
3661,2021-11-14 09:11:39,516456,3229.1629314422607
3662,2021-11-15 04:11:14,516456,3203.632116317749
3663,2021-11-15 04:11:15,516456,3236.0808849334717
3664,2021-11-15 05:11:31,516456,3222.620964050293
3665,2021-11-15 05:11:36,516456,3225.1858711242676
3666,2021-11-15 06:11:02,516456,3219.6638584136963
3667,2021-11-15 06:11:18,516456,3243.379592895508
3668,2021-11-15 06:11:38,516456,3232.0773601531982
3669,2021-11-15 06:11:42,516456,3238.0073070526123
3670,2021-11-15 06:11:54,516456,3212.4321460723877
3671,2021-11-15 07:11:06,516456,3214.0753269195557
3672,2021-11-15 07:11:10,516456,3241.6651248931885
3673,2021-11-15 07:11:31,516456,3196.4571475982666
3674,2021-11-15 07:11:31,516456,3211.4813327789307
3675,2021-11-15 07:11:33,516456,3249.8996257781982
3676,2021-11-15 07:11:41,516456,3198.7342834472656
3677,2021-11-15 07:11:46,516456,3276.588201522827
3678,2021-11-15 07:11:54,516456,3199.0036964416504
3679,2021-11-15 08:11:04,516456,3223.496913909912
3680,2021-11-15 08:11:15,516456,3214.703321456909
3681,2021-11-15 08:11:18,516456,3221.7307090759277
3682,2021-11-15 08:11:23,516456,3230.3946018218994
3683,2021-11-15 08:11:27,516456,3206.670045852661
3684,2021-11-15 08:11:30,516456,3219.749927520752
3685,2021-11-15 08:11:33,516456,3240.4696941375732
3686,2021-11-15 08:11:35,516456,3216.261625289917
3687,2021-11-15 08:11:41,516456,3219.777822494507
3688,2021-11-15 08:11:57,516456,3233.297824859619
3689,2021-11-15 09:11:05,516456,3244.2734241485596
3690,2021-11-15 09:11:21,516456,3204.9648761749268
3691,2021-11-15 09:11:24,516456,3208.339214324951
3692,2021-11-15 09:11:29,516456,3563.3671283721924
3693,2021-11-15 09:11:38,516456,3253.96466255188
3694,2021-11-15 09:11:50,516456,3226.712942123413
3695,2021-11-15 08:11:30,516458,3207.862615585327
3696,2021-11-15 08:11:54,516458,3236.6368770599365
3697,2021-11-15 09:11:35,516458,3202.0957469940186
3698,2021-11-15 09:11:38,516458,3230.620861053467
3699,2021-11-15 09:11:43,516458,3215.4550552368164
3700,2021-11-15 09:11:46,516458,3216.081142425537
3701,2021-11-15 10:11:07,516458,3272.783041000366
3702,2021-11-15 10:11:23,516458,3222.7654457092285
3703,2021-11-15 11:11:01,516458,3219.8145389556885
3704,2021-11-15 11:11:09,516458,3223.1173515319824
3705,2021-11-15 11:11:22,516459,3226.1674404144287
3706,2021-11-15 11:11:27,516459,3194.6842670440674
3707,2021-11-15 11:11:58,516459,3264.8463249206543
3708,2021-11-15 12:11:34,516459,3216.3941860198975
3709,2021-11-15 12:11:53,516459,3193.7358379364014
3710,2021-11-15 01:11:10,516460,3197.155714035034
3711,2021-11-15 01:11:19,516460,3182.2938919067383
3712,2021-11-15 01:11:46,516460,3180.9232234954834
3713,2021-11-15 02:11:01,516460,3204.5273780822754
3714,2021-11-15 02:11:28,516460,3333.921432495117
3715,2021-11-15 12:11:00,516460,3207.663059234619
3716,2021-11-15 12:11:51,516460,3196.634292602539
3717,2021-11-15 01:11:02,516461,3231.9841384887695
3718,2021-11-15 01:11:37,516461,3551.088809967041
3719,2021-11-15 01:11:49,516461,3206.93039894104
3720,2021-11-15 02:11:09,516461,3181.5836429595947
3721,2021-11-15 02:11:14,516461,3243.746280670166
3722,2021-11-15 02:11:15,516461,3210.604190826416
3723,2021-11-15 03:11:32,516461,3203.8605213165283
3724,2021-11-15 03:11:50,516461,3198.650121688843
3725,2021-11-15 02:11:25,516462,3149.054527282715
3726,2021-11-15 03:11:19,516462,3176.1932373046875
3727,2021-11-15 03:11:23,516462,3229.3832302093506
3728,2021-11-15 03:11:26,516462,3187.275171279907
3729,2021-11-15 03:11:26,516462,3190.849781036377
3730,2021-11-15 03:11:40,516462,3225.7745265960693
3731,2021-11-15 03:11:40,516462,3185.901880264282
3732,2021-11-15 03:11:59,516462,3192.8622722625732
3733,2021-11-15 04:11:00,516462,3214.0328884124756
3734,2021-11-15 04:11:08,516462,3166.7704582214355
3735,2021-11-15 04:11:20,516462,3217.883825302124
3736,2021-11-15 04:11:38,516462,3183.9609146118164
3737,2021-11-15 04:11:41,516462,3161.4062786102295
3738,2021-11-15 04:11:50,516462,3186.203956604004
3739,2021-11-15 03:11:17,516463,3223.3848571777344
3740,2021-11-15 05:11:10,516463,3207.970380783081
3741,2021-11-15 05:11:23,516463,3191.5862560272217
3742,2021-11-15 06:11:35,516463,3140.522241592407
3743,2021-11-15 04:11:17,516464,3230.7252883911133
3744,2021-11-15 05:11:49,516464,3238.161563873291
3745,2021-11-15 06:11:32,516464,3221.5070724487305
3746,2021-11-15 07:11:03,516464,3194.951295852661
3747,2021-11-15 05:11:29,516466,3179.1675090789795
3748,2021-11-15 06:11:59,516466,3239.762306213379
3749,2021-11-15 07:11:12,516467,3215.885877609253
3750,2021-11-15 07:11:57,516467,3230.3245067596436
3751,2021-11-15 08:11:26,516467,3293.2236194610596
3752,2021-11-15 08:11:46,516467,3269.378423690796
3753,2021-11-15 07:11:44,516468,3186.68794631958
3754,2021-11-15 09:11:17,516468,3189.4378662109375
3755,2021-11-15 07:11:46,516469,3220.4196453094482
3756,2021-11-15 08:11:56,516469,3211.7104530334473
3757,2021-11-15 09:11:01,516469,3209.034204483032
3758,2021-11-15 09:11:40,516469,3223.9909172058105
3759,2021-11-15 09:11:42,516472,3212.609052658081
3760,2021-11-15 10:11:29,516472,3250.213384628296
3761,2021-11-16 04:11:10,516480,3265.0036811828613
3762,2021-11-16 05:11:44,516480,3203.939914703369
3763,2021-11-16 07:11:20,516480,3231.381893157959
3764,2021-11-16 07:11:41,516480,3261.7146968841553
3765,2021-11-16 08:11:16,516480,3257.6117515563965
3766,2021-11-16 08:11:54,516480,3229.656934738159
3767,2021-11-17 11:11:24,516480,3229.6440601348877
3768,2021-11-16 08:11:10,516481,3244.71378326416
3769,2021-11-16 08:11:26,516481,3248.317003250122
3770,2021-11-16 09:11:20,516481,3347.463369369507
3771,2021-11-16 09:11:28,516481,3253.0181407928467
3772,2021-11-16 09:11:32,516481,3250.6062984466553
3773,2021-11-16 10:11:35,516481,3233.003616333008
3774,2021-11-16 01:11:07,516485,3171.8008518218994
3775,2021-11-16 01:11:13,516485,3166.433334350586
3776,2021-11-16 01:11:24,516485,3182.157039642334
3777,2021-11-16 01:11:29,516485,3182.8863620758057
3778,2021-11-16 01:11:44,516485,3189.3794536590576
3779,2021-11-16 01:11:46,516485,3187.812089920044
3780,2021-11-16 01:11:47,516485,3193.9496994018555
3781,2021-11-16 01:11:49,516485,3151.5233516693115
3782,2021-11-16 02:11:10,516485,3207.103490829468
3783,2021-11-16 02:11:24,516485,3211.7159366607666
3784,2021-11-16 02:11:30,516485,3173.396348953247
3785,2021-11-16 02:11:36,516485,3183.809757232666
3786,2021-11-16 02:11:36,516485,3176.386594772339
3787,2021-11-16 02:11:43,516485,3237.304210662842
3788,2021-11-16 03:11:06,516485,3159.5466136932373
3789,2021-11-16 03:11:10,516485,3166.6665077209473
3790,2021-11-16 03:11:19,516485,3208.4083557128906
3791,2021-11-16 03:11:35,516485,3160.999536514282
3792,2021-11-16 03:11:48,516485,3196.2671279907227
3793,2021-11-16 03:11:48,516485,3157.6290130615234
3794,2021-11-16 03:11:52,516485,3190.5832290649414
3795,2021-11-16 04:11:03,516485,3158.9748859405518
3796,2021-11-16 04:11:05,516485,3559.7386360168457
3797,2021-11-16 04:11:23,516485,3197.387933731079
3798,2021-11-16 04:11:59,516485,3183.3765506744385
3799,2021-11-16 05:11:13,516485,3171.8087196350098
3800,2021-11-16 05:11:16,516485,3211.139440536499
3801,2021-11-16 05:11:20,516485,3181.717872619629
3802,2021-11-16 05:11:32,516485,3180.758237838745
3803,2021-11-16 11:11:34,516485,3178.9119243621826
3804,2021-11-16 11:11:46,516485,3171.7894077301025
3805,2021-11-16 12:11:38,516485,3192.396402359009
3806,2021-11-16 12:11:43,516485,3196.3393688201904
3807,2021-11-16 12:11:46,516485,3186.439037322998
3808,2021-11-16 06:11:10,516487,3187.494993209839
3809,2021-11-16 06:11:17,516487,3191.019058227539
3810,2021-11-16 07:11:51,516487,3187.312364578247
3811,2021-11-16 07:11:23,516488,3178.386449813843
3812,2021-11-16 10:11:34,516488,3159.665822982788
3813,2021-11-16 09:11:15,516489,3191.566228866577
3814,2021-11-16 10:11:30,516489,3224.7390747070312
3815,2021-11-16 11:11:14,516489,3194.000005722046
3816,2021-11-16 11:11:55,516489,3168.874979019165
3817,2021-11-16 10:11:22,516490,3195.5251693725586
3818,2021-11-16 11:11:09,516490,3199.092388153076
3819,2021-11-16 11:11:22,516490,3187.978744506836
3820,2021-11-16 11:11:39,516490,3193.650722503662
3821,2021-11-17 01:11:10,516490,3180.4487705230713
3822,2021-11-17 01:11:15,516490,3182.295799255371
3823,2021-11-17 01:11:20,516490,3172.2562313079834
3824,2021-11-17 12:11:41,516490,3172.987699508667
3825,2021-11-17 12:11:43,516490,3167.252779006958
3826,2021-11-17 12:11:44,516490,3314.2759799957275
3827,2021-11-17 01:11:05,516493,3213.8853073120117
3828,2021-11-17 12:11:52,516493,3177.379846572876
3829,2021-11-17 01:11:40,516494,3213.5281562805176
3830,2021-11-17 04:11:35,516494,3151.780605316162
3831,2021-11-17 02:11:13,516495,3182.9519271850586
3832,2021-11-17 05:11:04,516497,3220.9761142730713
3833,2021-11-17 06:11:38,516497,3196.6710090637207
3834,2021-11-17 05:11:04,516498,3190.645933151245
3835,2021-11-17 05:11:43,516498,3186.3770484924316
3836,2021-11-17 06:11:09,516498,3231.356382369995
3837,2021-11-17 06:11:20,516498,3227.7019023895264
3838,2021-11-17 05:11:08,516499,3203.59206199646
3839,2021-11-17 05:11:57,516499,3183.9616298675537
3840,2021-11-17 06:11:04,516499,3199.631690979004
3841,2021-11-17 06:11:33,516499,3212.928295135498
3842,2021-11-17 06:11:45,516499,3201.0324001312256
3843,2021-11-17 07:11:03,516499,3203.580856323242
3844,2021-11-17 07:11:37,516499,3173.1855869293213
3845,2021-11-17 07:11:44,516499,3164.149045944214
3846,2021-11-17 07:11:08,516500,3169.8269844055176
3847,2021-11-17 07:11:19,516500,3167.593002319336
3848,2021-11-17 07:11:28,516500,3189.093589782715
3849,2021-11-17 07:11:28,516500,3176.0499477386475
3850,2021-11-17 07:11:32,516500,3219.557046890259
3851,2021-11-17 08:11:06,516500,3197.4785327911377
3852,2021-11-17 08:11:43,516500,3232.221841812134
3853,2021-11-17 08:11:50,516500,3157.565116882324
3854,2021-11-17 09:11:10,516500,3243.9067363739014
3855,2021-11-17 01:11:01,516503,3207.857370376587
3856,2021-11-17 01:11:29,516503,3209.9997997283936
3857,2021-11-17 01:11:56,516503,3205.99627494812
3858,2021-11-17 02:11:03,516503,3198.981523513794
3859,2021-11-17 02:11:18,516503,3254.1449069976807
3860,2021-11-17 02:11:31,516503,3190.932035446167
3861,2021-11-17 02:11:41,516503,3165.0123596191406
3862,2021-11-17 02:11:44,516503,3173.8739013671875
3863,2021-11-17 02:11:51,516503,3212.4807834625244
3864,2021-11-17 03:11:07,516503,3169.55828666687
3865,2021-11-17 03:11:20,516503,3218.9266681671143
3866,2021-11-17 03:11:46,516503,3195.4777240753174
3867,2021-11-17 04:11:01,516503,3187.0851516723633
3868,2021-11-17 04:11:57,516503,3170.4912185668945
3869,2021-11-17 05:11:00,516503,3196.0809230804443
3870,2021-11-17 06:11:01,516503,3187.6370906829834
3871,2021-11-17 06:11:45,516503,3202.9526233673096
3872,2021-11-17 06:11:56,516503,3200.0977993011475
3873,2021-11-17 07:11:12,516503,3154.937267303467
3874,2021-11-17 07:11:13,516503,3205.2853107452393
3875,2021-11-17 07:11:27,516503,3175.639867782593
3876,2021-11-17 08:11:49,516503,3206.6969871520996
3877,2021-11-17 09:11:16,516503,3190.175771713257
3878,2021-11-17 09:11:24,516503,3203.8164138793945
3879,2021-11-17 09:11:35,516503,3173.8059520721436
3880,2021-11-17 09:11:37,516503,3189.727306365967
3881,2021-11-17 09:11:42,516503,3175.0741004943848
3882,2021-11-17 10:11:49,516503,3214.1308784484863
3883,2021-11-17 11:11:01,516503,3210.1263999938965
3884,2021-11-17 11:11:32,516503,3204.061269760132
3885,2021-11-17 12:11:25,516503,3320.2452659606934
3886,2021-11-18 03:11:54,516503,3182.9092502593994
3887,2021-11-18 04:11:04,516503,3206.4449787139893
3888,2021-11-19 09:11:37,516503,3215.1551246643066
3889,2021-11-19 10:11:20,516503,3163.623094558716
3890,2021-11-19 10:11:21,516503,3563.270092010498
3891,2021-11-20 02:11:44,516503,3183.711051940918
3892,2021-11-20 03:11:12,516503,3190.521478652954
3893,2021-11-20 04:11:28,516503,3188.420534133911
3894,2021-11-20 12:11:19,516503,3206.4590454101562
3895,2021-11-18 07:11:05,516507,3185.7471466064453
3896,2021-11-19 07:11:47,516507,3226.116180419922
3897,2021-11-19 09:11:50,516509,3145.420789718628
3898,2021-11-19 09:11:59,516509,3158.797264099121
3899,2021-11-19 11:11:54,516509,3087.552309036255
3900,2021-11-19 11:11:58,516509,3105.3099632263184
3901,2021-11-19 10:11:38,516510,3160.8614921569824
3902,2021-11-19 12:11:05,516510,3121.009349822998
3903,2021-11-19 12:11:45,516510,3166.332960128784
3904,2021-11-19 12:11:53,516510,3147.3445892333984
3905,2021-11-18 03:11:22,516511,3161.5099906921387
3906,2021-11-18 04:11:02,516511,3111.8552684783936
3907,2021-11-18 06:11:55,516511,3128.2804012298584
3908,2021-11-18 06:11:56,516511,3138.284921646118
3909,2021-11-18 06:11:59,516511,3126.2753009796143
3910,2021-11-19 09:11:25,516511,3188.4634494781494
3911,2021-11-19 10:11:30,516511,3115.910053253174
3912,2021-11-19 10:11:37,516511,3176.210403442383
3913,2021-11-19 12:11:07,516511,3177.551746368408
3914,2021-11-19 12:11:26,516511,3147.9763984680176
3915,2021-11-18 05:11:01,516512,3132.5268745422363
3916,2021-11-18 05:11:21,516512,3138.4427547454834
3917,2021-11-19 09:11:19,516512,3146.1918354034424
3918,2021-11-18 06:11:56,516517,3195.4047679901123
3919,2021-11-19 01:11:03,516518,3189.706802368164
3920,2021-11-19 01:11:11,516518,3173.279285430908
3921,2021-11-19 01:11:13,516518,3171.396493911743
3922,2021-11-19 01:11:44,516518,3172.9228496551514
3923,2021-11-19 01:11:46,516518,3252.9585361480713
3924,2021-11-19 02:11:08,516518,3189.884662628174
3925,2021-11-19 02:11:10,516518,3178.9865493774414
3926,2021-11-19 02:11:25,516518,3167.919397354126
3927,2021-11-19 02:11:36,516518,3181.793689727783
3928,2021-11-19 03:11:48,516518,3151.7083644866943
3929,2021-11-19 04:11:12,516518,3191.8253898620605
3930,2021-11-19 04:11:23,516518,3189.110040664673
3931,2021-11-19 04:11:31,516518,3239.945650100708
3932,2021-11-19 04:11:46,516518,3211.714267730713
3933,2021-11-19 05:11:02,516518,3452.5742530822754
3934,2021-11-19 05:11:39,516518,3216.449022293091
3935,2021-11-19 05:11:51,516518,3177.4303913116455
3936,2021-11-19 05:11:57,516518,3157.5469970703125
3937,2021-11-19 07:11:18,516518,3177.868604660034
3938,2021-11-19 08:11:13,516518,3191.023826599121
3939,2021-11-19 08:11:24,516518,3176.7630577087402
3940,2021-11-19 09:11:01,516518,3210.2813720703125
3941,2021-11-19 09:11:13,516518,3190.2971267700195
3942,2021-11-19 10:11:05,516518,3173.4747886657715
3943,2021-11-19 10:11:20,516518,3155.3568840026855
3944,2021-11-19 10:11:24,516518,3167.257308959961
3945,2021-11-19 10:11:28,516518,3176.8734455108643
3946,2021-11-19 10:11:39,516518,3158.2322120666504
3947,2021-11-19 10:11:42,516518,3172.990560531616
3948,2021-11-19 10:11:44,516518,3166.639804840088
3949,2021-11-19 10:11:55,516518,3197.9007720947266
3950,2021-11-19 11:11:33,516518,3144.7746753692627
3951,2021-11-19 11:11:41,516518,3225.3119945526123
3952,2021-11-19 11:11:41,516518,3175.685167312622
3953,2021-11-19 11:11:55,516518,3200.9432315826416
3954,2021-11-19 01:11:17,516520,3154.8542976379395
3955,2021-11-19 01:11:35,516520,3164.5348072052
3956,2021-11-19 01:11:52,516520,3209.8422050476074
3957,2021-11-19 01:11:56,516520,3282.2086811065674
3958,2021-11-19 02:11:04,516520,3175.476312637329
3959,2021-11-19 02:11:07,516520,3170.8526611328125
3960,2021-11-19 02:11:17,516520,3192.213773727417
3961,2021-11-19 02:11:18,516520,3202.791213989258
3962,2021-11-19 02:11:24,516520,3172.227382659912
3963,2021-11-19 02:11:26,516520,3174.133777618408
3964,2021-11-19 03:11:17,516520,3132.873773574829
3965,2021-11-19 03:11:17,516520,3203.0794620513916
3966,2021-11-19 03:11:18,516520,3179.4629096984863
3967,2021-11-19 03:11:30,516520,3186.6068840026855
3968,2021-11-19 04:11:00,516520,3187.5698566436768
3969,2021-11-19 04:11:30,516520,3170.9115505218506
3970,2021-11-19 04:11:53,516520,3170.301675796509
3971,2021-11-19 04:11:56,516520,3186.513900756836
3972,2021-11-19 05:11:07,516520,3246.551752090454
3973,2021-11-19 05:11:21,516520,3199.4807720184326
3974,2021-11-19 05:11:22,516520,3238.111734390259
3975,2021-11-19 05:11:29,516520,3163.5122299194336
3976,2021-11-19 06:11:18,516520,3151.594638824463
3977,2021-11-19 06:11:45,516520,3167.5918102264404
3978,2021-11-19 06:11:55,516520,3193.972587585449
3979,2021-11-19 06:11:56,516520,3147.3586559295654
3980,2021-11-19 07:11:12,516520,3153.012275695801
3981,2021-11-19 07:11:45,516520,3185.9543323516846
3982,2021-11-19 08:11:59,516520,3181.194543838501
3983,2021-11-19 09:11:01,516520,3189.1393661499023
3984,2021-11-19 09:11:10,516520,3204.2882442474365
3985,2021-11-19 09:11:10,516520,3176.7897605895996
3986,2021-11-19 09:11:35,516520,3170.3543663024902
3987,2021-11-19 09:11:35,516520,3156.604528427124
3988,2021-11-19 09:11:38,516520,3163.0513668060303
3989,2021-11-19 10:11:06,516520,3223.205089569092
3990,2021-11-19 10:11:08,516520,3185.091495513916
3991,2021-11-19 10:11:19,516520,3147.818088531494
3992,2021-11-19 10:11:19,516520,3163.745403289795
3993,2021-11-19 10:11:24,516520,3196.2058544158936
3994,2021-11-19 10:11:28,516520,3188.1465911865234
3995,2021-11-19 11:11:15,516520,3175.0152111053467
3996,2021-11-19 11:11:52,516520,3169.766664505005
3997,2021-11-19 11:11:55,516520,3239.079713821411
3998,2021-11-19 12:11:04,516520,3205.7108879089355
3999,2021-11-19 12:11:05,516520,3160.444974899292
4000,2021-11-19 12:11:31,516520,3164.454460144043
4001,2021-11-19 12:11:37,516520,3158.5357189178467
4002,2021-11-19 12:11:48,516520,3186.3179206848145
4003,2021-11-19 12:11:54,516520,3184.0672492980957
4004,2021-11-19 12:11:55,516520,3167.611837387085
4005,2021-11-20 01:11:17,516520,3160.367012023926
4006,2021-11-20 01:11:24,516520,3165.048837661743
4007,2021-11-20 01:11:33,516520,3223.22154045105
4008,2021-11-20 01:11:34,516520,3187.457323074341
4009,2021-11-20 01:11:37,516520,3177.8268814086914
4010,2021-11-20 12:11:10,516520,3171.14520072937
4011,2021-11-20 12:11:21,516520,3180.5500984191895
4012,2021-11-20 12:11:29,516520,3177.107572555542
4013,2021-11-20 12:11:39,516520,3162.709951400757
4014,2021-11-19 01:11:48,516521,3242.4046993255615
4015,2021-11-19 02:11:25,516521,3183.4487915039062
4016,2021-11-19 06:11:40,516521,3221.3382720947266
4017,2021-11-19 06:11:59,516521,3197.200298309326
4018,2021-11-19 08:11:34,516521,3176.459312438965
4019,2021-11-19 08:11:48,516521,3192.4498081207275
4020,2021-11-19 08:11:51,516521,3207.8371047973633
4021,2021-11-19 10:11:18,516521,3148.513078689575
4022,2021-11-19 10:11:44,516521,3229.417562484741
4023,2021-11-19 11:11:14,516521,3196.3050365448
4024,2021-11-19 11:11:23,516521,3151.439428329468
4025,2021-11-20 02:11:46,516521,3156.6717624664307
4026,2021-11-20 02:11:52,516521,3166.504383087158
4027,2021-11-20 02:11:54,516521,3180.4301738739014
4028,2021-11-20 02:11:54,516521,3196.155548095703
4029,2021-11-20 02:11:55,516521,3222.160577774048
4030,2021-11-20 03:11:08,516521,3200.981378555298
4031,2021-11-20 03:11:17,516521,3182.7986240386963
4032,2021-11-20 03:11:18,516521,3181.1089515686035
4033,2021-11-20 03:11:57,516521,3184.1049194335938
4034,2021-11-20 03:11:58,516521,3172.3098754882812
4035,2021-11-20 04:11:00,516521,3195.6875324249268
4036,2021-11-20 04:11:12,516521,3203.6142349243164
4037,2021-11-20 04:11:22,516521,3229.5854091644287
4038,2021-11-20 04:11:57,516521,3230.203151702881
4039,2021-11-20 05:11:03,516521,3192.8045749664307
4040,2021-11-20 05:11:17,516521,3179.429054260254
4041,2021-11-20 05:11:44,516521,3181.9634437561035
4042,2021-11-20 05:11:52,516521,3176.795721054077
4043,2021-11-20 05:11:59,516521,3129.2686462402344
4044,2021-11-20 06:11:11,516521,3185.711145401001
4045,2021-11-20 06:11:13,516521,3164.559841156006
4046,2021-11-20 06:11:18,516521,3190.769910812378
4047,2021-11-20 06:11:30,516521,3184.0879917144775
4048,2021-11-20 06:11:30,516521,3348.8411903381348
4049,2021-11-20 06:11:32,516521,3244.241714477539
4050,2021-11-20 06:11:38,516521,3125.659942626953
4051,2021-11-20 06:11:58,516521,3183.9094161987305
4052,2021-11-20 07:11:36,516521,3524.1291522979736
4053,2021-11-20 07:11:36,516521,3112.4653816223145
4054,2021-11-20 07:11:42,516521,3123.8791942596436
4055,2021-11-20 12:11:01,516521,3180.697202682495
4056,2021-11-20 12:11:28,516521,3200.6618976593018
4057,2021-11-20 12:11:51,516521,3319.5834159851074
4058,2021-11-20 05:11:52,516523,3181.9379329681396
4059,2021-11-20 07:11:14,516523,3200.0911235809326
4060,2021-11-20 03:11:36,516525,3147.2995281219482
4061,2021-11-20 03:11:37,516525,3191.4567947387695
4062,2021-11-20 03:11:54,516525,3214.4906520843506
4063,2021-11-20 05:11:42,516525,3192.332983016968
4064,2021-11-20 06:11:34,516525,3216.839075088501
4065,2021-11-20 06:11:52,516525,3235.687017440796
4066,2021-11-20 07:11:47,516525,3176.201343536377
4067,2021-11-20 08:11:11,516525,3201.223611831665
4068,2021-11-20 08:11:38,516525,3199.918031692505
4069,2021-11-19 10:11:26,516527,3173.8555431365967
4070,2021-11-20 01:11:05,516527,3184.3369007110596
4071,2021-11-20 01:11:27,516527,3198.1353759765625
4072,2021-11-20 06:11:19,516527,3181.3154220581055
4073,2021-11-20 07:11:06,516527,3201.7641067504883
4074,2021-11-20 08:11:13,516527,3174.657106399536
4075,2021-11-20 08:11:55,516527,3191.1745071411133
4076,2021-11-20 12:11:31,516527,3201.6677856445312
4077,2021-11-20 07:11:51,516528,3176.5565872192383
4078,2021-11-20 08:11:37,516528,3195.1632499694824
4079,2021-11-20 09:11:42,516528,3180.3929805755615
4080,2021-11-20 09:11:58,516528,3195.845127105713
4081,2021-11-20 07:11:16,516529,3182.516098022461
4082,2021-11-20 07:11:23,516529,3197.7949142456055
4083,2021-11-20 08:11:24,516529,3185.3930950164795
4084,2021-11-20 09:11:03,516529,3173.5546588897705
4085,2021-11-20 09:11:09,516529,3256.622552871704
4086,2021-11-20 09:11:31,516529,3163.8946533203125
4087,2021-11-20 10:11:13,516529,3184.972047805786
4088,2021-11-20 10:11:18,516529,3175.053358078003
4089,2021-11-20 08:11:32,516530,3149.986743927002
4090,2021-11-20 09:11:27,516530,3214.1811847686768
4091,2021-11-20 02:11:51,516532,3167.623519897461
4092,2021-11-20 03:11:25,516532,3163.8407707214355
4093,2021-11-20 08:11:46,516533,3168.6043739318848
4094,2021-11-20 09:11:43,516533,3189.6398067474365
4095,2021-11-20 10:11:05,516533,3450.263738632202
4096,2021-11-20 10:11:21,516533,3181.7359924316406
4097,2021-11-20 09:11:14,516534,3158.9341163635254
4098,2021-11-20 10:11:31,516534,3198.753595352173
4099,2021-11-20 11:11:34,516534,3181.2782287597656
4100,2021-11-20 11:11:56,516534,3385.21671295166
4101,2021-11-20 09:11:44,516538,3144.904375076294
4102,2021-11-20 10:11:57,516538,3181.2310218811035
4103,2021-11-20 11:11:26,516538,3178.1558990478516
4104,2021-11-20 11:11:39,516538,3206.953525543213
4105,2021-11-20 12:11:23,516538,3216.6848182678223
4106,2021-11-20 12:11:43,516538,3185.4610443115234
4107,2021-11-20 12:11:47,516538,3189.398765563965
4108,2021-11-20 01:11:52,516541,3197.5600719451904
4109,2021-11-20 02:11:26,516541,3205.538272857666
4110,2021-11-20 02:11:31,516541,3190.7198429107666
4111,2021-11-20 03:11:25,516541,3179.5129776000977
4112,2021-11-20 04:11:04,516541,3228.440284729004
4113,2021-11-20 12:11:07,516541,3227.4045944213867
4114,2021-11-20 11:11:31,516547,3172.257423400879
4115,2021-11-21 01:11:21,516547,3164.170265197754
4116,2021-11-21 01:11:58,516547,3204.596757888794
4117,2021-11-21 12:11:38,516547,3201.026201248169
4118,2021-11-21 02:11:22,516550,3338.1426334381104
4119,2021-11-21 04:11:39,516550,3201.4551162719727
4120,2021-11-21 05:11:03,516550,3184.4515800476074
4121,2021-11-21 05:11:56,516550,3304.804801940918
4122,2021-11-21 06:11:33,516550,3149.3000984191895
4123,2021-11-21 07:11:30,516550,3186.9847774505615
4124,2021-11-21 08:11:43,516550,3168.945789337158
4125,2021-11-21 08:11:54,516550,3203.8722038269043
4126,2021-11-21 02:11:16,516551,3157.7038764953613
4127,2021-11-21 02:11:34,516551,3168.0121421813965
4128,2021-11-21 02:11:55,516551,3161.8916988372803
4129,2021-11-21 03:11:17,516551,3173.154592514038
4130,2021-11-21 04:11:00,516551,3171.7185974121094
4131,2021-11-21 04:11:23,516551,3157.3774814605713
4132,2021-11-21 05:11:34,516551,3195.5907344818115
4133,2021-11-21 05:11:55,516551,3204.192638397217
4134,2021-11-21 10:11:29,516556,3203.972101211548
4135,2021-11-22 01:11:01,516556,3167.081832885742
4136,2021-11-22 01:11:15,516556,3204.4622898101807
4137,2021-11-22 02:11:10,516556,3167.339086532593
4138,2021-11-22 02:11:23,516556,3182.8935146331787
4139,2021-11-22 02:11:37,516556,3138.831615447998
4140,2021-11-22 02:11:51,516556,3205.0554752349854
4141,2021-11-22 02:11:59,516556,3171.8273162841797
4142,2021-11-22 03:11:08,516556,3182.6791763305664
4143,2021-11-22 03:11:50,516556,3237.9159927368164
4144,2021-11-22 04:11:23,516556,3513.4127140045166
4145,2021-11-22 06:11:02,516556,3191.8559074401855
4146,2021-11-22 07:11:32,516556,3152.7159214019775
4147,2021-11-22 07:11:56,516556,3207.514762878418
4148,2021-11-22 08:11:34,516556,3205.7251930236816
4149,2021-11-22 08:11:50,516556,3168.306827545166
4150,2021-11-22 09:11:51,516556,3201.9615173339844
4151,2021-11-22 10:11:10,516556,3199.6893882751465
4152,2021-11-22 10:11:56,516556,3160.93111038208
4153,2021-11-22 08:11:23,516557,3161.4623069763184
4154,2021-11-22 08:11:54,516557,3190.7150745391846
4155,2021-11-22 09:11:33,516557,3139.5909786224365
4156,2021-11-22 05:11:09,516558,3198.3659267425537
4157,2021-11-22 08:11:46,516558,3225.9998321533203
4158,2021-11-22 09:11:29,516558,3330.0657272338867
4159,2021-11-22 09:11:40,516558,3169.606924057007
4160,2021-11-22 10:11:34,516558,3169.983148574829
4161,2021-11-22 11:11:27,516558,3191.837787628174
4162,2021-11-22 11:11:31,516558,3168.5898303985596
4163,2021-11-22 12:11:14,516558,3190.5531883239746
4164,2021-11-22 01:11:04,516559,3194.3039894104004
4165,2021-11-22 03:11:43,516559,3161.909341812134
4166,2021-11-22 04:11:29,516559,3162.052869796753
4167,2021-11-22 06:11:59,516559,3186.0992908477783
4168,2021-11-22 08:11:14,516559,3170.774221420288
4169,2021-11-22 09:11:59,516559,3191.4329528808594
4170,2021-11-22 05:11:33,516561,3181.283712387085
4171,2021-11-22 07:11:02,516561,3181.7047595977783
4172,2021-11-22 05:11:15,516562,3564.807176589966
4173,2021-11-22 05:11:15,516562,3208.000898361206
4174,2021-11-22 05:11:53,516562,3188.4777545928955
4175,2021-11-22 07:11:40,516562,3196.167469024658
4176,2021-11-22 08:11:26,516562,3181.942939758301
4177,2021-11-22 08:11:39,516562,3157.14168548584
4178,2021-11-22 09:11:36,516562,3197.3841190338135
4179,2021-11-22 09:11:56,516562,3201.5960216522217
4180,2021-11-22 07:11:10,516564,3176.783800125122
4181,2021-11-22 07:11:41,516564,3200.7393836975098
4182,2021-11-22 09:11:50,516564,3192.5787925720215
4183,2021-11-22 10:11:03,516564,3236.9930744171143
4184,2021-11-22 11:11:42,516564,3208.946943283081
4185,2021-11-23 12:11:21,516564,3164.7658348083496
4186,2021-11-22 07:11:05,516565,3334.930658340454
4187,2021-11-22 08:11:21,516565,3183.948040008545
4188,2021-11-22 09:11:49,516565,3216.1998748779297
4189,2021-11-22 10:11:51,516565,3180.158853530884
4190,2021-11-22 08:11:12,516567,3237.292528152466
4191,2021-11-22 08:11:47,516567,3177.48761177063
4192,2021-11-23 01:11:32,516567,3223.1643199920654
4193,2021-11-23 12:11:23,516567,3238.288402557373
4194,2021-11-23 12:11:48,516567,3222.270727157593
4195,2021-11-23 12:11:52,516567,3192.976474761963
4196,2021-11-22 07:11:51,516569,3193.4144496917725
4197,2021-11-22 08:11:22,516569,3189.1162395477295
4198,2021-11-22 09:11:27,516569,3144.1469192504883
4199,2021-11-22 10:11:16,516569,3187.8225803375244
4200,2021-11-22 11:11:37,516569,3239.330291748047
4201,2021-11-23 01:11:12,516569,3385.4987621307373
4202,2021-11-23 01:11:23,516569,3162.2939109802246
4203,2021-11-23 12:11:37,516569,3276.9792079925537
4204,2021-11-22 11:11:27,516570,3185.063123703003
4205,2021-11-23 12:11:33,516570,3230.6766510009766
4206,2021-11-22 11:11:17,516571,3183.2644939422607
4207,2021-11-22 11:11:46,516571,3179.344654083252
4208,2021-11-23 01:11:15,516571,3176.046371459961
4209,2021-11-23 01:11:17,516571,3160.834550857544
4210,2021-11-23 02:11:39,516571,3148.733615875244
4211,2021-11-23 02:11:58,516571,3157.46808052063
4212,2021-11-23 12:11:11,516571,3178.4629821777344
4213,2021-11-23 12:11:46,516571,3188.1585121154785
4214,2021-11-22 09:11:46,516572,3220.874071121216
4215,2021-11-22 11:11:00,516572,3202.0695209503174
4216,2021-11-23 11:11:17,516572,3201.094388961792
4217,2021-11-23 12:11:21,516572,3213.186025619507
4218,2021-11-23 12:11:30,516572,3160.344123840332
4219,2021-11-23 01:11:28,516573,3222.0051288604736
4220,2021-11-23 01:11:40,516573,3148.766279220581
4221,2021-11-23 02:11:19,516573,3204.124927520752
4222,2021-11-23 02:11:46,516573,3179.884910583496
4223,2021-11-23 01:11:06,516574,3168.147087097168
4224,2021-11-23 03:11:56,516574,3255.0675868988037
4225,2021-11-23 01:11:24,516575,3135.744094848633
4226,2021-11-23 04:11:45,516575,3185.2118968963623
4227,2021-11-23 06:11:43,516575,3213.0186557769775
4228,2021-11-23 06:11:52,516575,3531.183958053589
4229,2021-11-23 02:11:25,516576,3419.7402000427246
4230,2021-11-23 05:11:25,516576,3189.1000270843506
4231,2021-11-23 05:11:31,516578,3200.051784515381
4232,2021-11-23 05:11:48,516578,3176.7935752868652
4233,2021-11-23 06:11:18,516578,3188.046455383301
4234,2021-11-23 07:11:38,516578,3183.697462081909
4235,2021-11-23 05:11:59,516579,3179.5527935028076
4236,2021-11-23 06:11:23,516579,3200.9153366088867
4237,2021-11-23 06:11:46,516579,3239.9566173553467
4238,2021-11-23 06:11:52,516579,3194.974899291992
4239,2021-11-23 07:11:12,516579,3162.705659866333
4240,2021-11-23 07:11:20,516579,3184.039354324341
4241,2021-11-23 07:11:48,516579,3188.249111175537
4242,2021-11-23 07:11:59,516579,3230.161190032959
4243,2021-11-23 08:11:07,516579,3262.3980045318604
4244,2021-11-23 08:11:24,516579,3199.514389038086
4245,2021-11-23 08:11:45,516579,3186.0053539276123
4246,2021-11-23 08:11:53,516579,3184.450626373291
4247,2021-11-23 09:11:02,516579,3200.643301010132
4248,2021-11-23 09:11:46,516579,3227.5960445404053
4249,2021-11-23 09:11:58,516579,3170.9961891174316
4250,2021-11-23 09:11:11,516582,3173.759698867798
4251,2021-11-23 11:11:47,516582,3179.0835857391357
4252,2021-11-23 01:11:34,516583,3191.0719871520996
4253,2021-11-23 01:11:34,516583,3160.9089374542236
4254,2021-11-23 01:11:59,516583,3224.1780757904053
4255,2021-11-23 02:11:24,516583,3164.8306846618652
4256,2021-11-23 03:11:26,516583,3205.803632736206
4257,2021-11-23 03:11:32,516583,3206.3894271850586
4258,2021-11-23 10:11:14,516583,3175.518035888672
4259,2021-11-23 10:11:16,516583,3167.8528785705566
4260,2021-11-23 10:11:35,516583,3158.1671237945557
4261,2021-11-23 10:11:43,516583,3162.691354751587
4262,2021-11-23 11:11:04,516583,3186.127185821533
4263,2021-11-23 11:11:12,516583,3168.3614253997803
4264,2021-11-23 11:11:47,516583,3202.338457107544
4265,2021-11-23 12:11:04,516583,3141.9899463653564
4266,2021-11-23 12:11:08,516583,3186.316967010498
4267,2021-11-23 12:11:14,516583,3163.207769393921
4268,2021-11-23 12:11:28,516583,3207.5252532958984
4269,2021-11-23 12:11:29,516583,3216.602563858032
4270,2021-11-23 12:11:32,516583,3166.6765213012695
4271,2021-11-23 12:11:58,516583,3177.9696941375732
4272,2021-11-23 01:11:13,516585,3198.894262313843
4273,2021-11-23 01:11:20,516585,3167.576789855957
4274,2021-11-23 03:11:12,516585,3192.056894302368
4275,2021-11-23 03:11:40,516585,3187.3369216918945
4276,2021-11-23 02:11:05,516586,3148.3895778656006
4277,2021-11-23 02:11:14,516586,3186.4027976989746
4278,2021-11-23 03:11:15,516586,3201.915740966797
4279,2021-11-23 04:11:25,516586,3167.9272651672363
4280,2021-11-23 04:11:12,516588,3176.140785217285
4281,2021-11-23 04:11:34,516589,3147.960901260376
4282,2021-11-23 06:11:07,516589,3203.1047344207764
4283,2021-11-23 06:11:27,516590,3204.0889263153076
4284,2021-11-23 07:11:18,516590,3462.9828929901123
4285,2021-11-23 08:11:49,516592,3180.8016300201416
4286,2021-11-23 11:11:56,516592,3164.513111114502
4287,2021-11-23 08:11:15,516593,3165.755271911621
4288,2021-11-23 08:11:28,516593,3195.9517002105713
4289,2021-11-23 09:11:23,516593,3157.3171615600586
4290,2021-11-23 09:11:41,516593,3293.64013671875
4291,2021-11-23 10:11:20,516593,3186.361789703369
4292,2021-11-23 10:11:32,516593,3157.4742794036865
4293,2021-11-23 11:11:10,516593,3188.154935836792
4294,2021-11-24 12:11:12,516593,3514.1212940216064
4295,2021-11-24 12:11:32,516593,3179.1794300079346
4296,2021-11-23 09:11:57,516594,3182.727575302124
4297,2021-11-23 10:11:56,516594,3183.220148086548
4298,2021-11-24 01:11:35,516594,3176.254987716675
4299,2021-11-24 01:11:36,516594,3200.700044631958
4300,2021-11-24 12:11:07,516594,3297.4190711975098
4301,2021-11-24 12:11:53,516594,3166.2139892578125
4302,2021-11-23 11:11:13,516596,3192.657470703125
4303,2021-11-24 12:11:57,516596,3182.976245880127
4304,2021-11-23 11:11:51,516598,3134.9830627441406
4305,2021-11-24 12:11:42,516598,3112.4258041381836
4306,2021-11-24 02:11:11,516604,3231.95743560791
4307,2021-11-24 03:11:41,516604,3199.3653774261475
4308,2021-11-24 05:11:14,516605,3177.3507595062256
4309,2021-11-24 05:11:15,516605,3185.8410835266113
4310,2021-11-24 06:11:09,516605,3218.573808670044
4311,2021-11-24 06:11:45,516605,3223.4299182891846
4312,2021-11-24 07:11:03,516605,3203.892707824707
4313,2021-11-24 07:11:03,516605,3208.4450721740723
4314,2021-11-24 07:11:12,516605,3172.893762588501
4315,2021-11-24 07:11:32,516605,3176.265001296997
4316,2021-11-24 07:11:58,516605,3224.623441696167
4317,2021-11-24 08:11:04,516605,3196.307897567749
4318,2021-11-24 08:11:32,516605,3182.421922683716
4319,2021-11-24 09:11:54,516605,3224.5402336120605
4320,2021-11-24 06:11:38,516606,3187.0930194854736
4321,2021-11-24 07:11:22,516606,3222.9301929473877
4322,2021-11-24 07:11:30,516606,3190.6471252441406
4323,2021-11-24 07:11:33,516606,3211.9975090026855
4324,2021-11-24 08:11:31,516606,3223.7892150878906
4325,2021-11-24 08:11:39,516606,3186.6986751556396
4326,2021-11-24 08:11:52,516606,3197.8719234466553
4327,2021-11-24 09:11:02,516606,3158.6360931396484
4328,2021-11-24 09:11:57,516606,3181.4846992492676
4329,2021-11-24 08:11:42,516608,3192.970037460327
4330,2021-11-24 09:11:32,516608,3204.986572265625
4331,2021-11-24 01:11:11,516609,3197.06392288208
4332,2021-11-24 01:11:23,516609,3202.057123184204
4333,2021-11-24 01:11:57,516609,3186.7384910583496
4334,2021-11-24 02:11:07,516609,3520.009994506836
4335,2021-11-24 02:11:24,516609,3189.3999576568604
4336,2021-11-24 02:11:27,516609,3191.7855739593506
4337,2021-11-24 02:11:54,516609,3173.290967941284
4338,2021-11-24 03:11:07,516609,3198.0597972869873
4339,2021-11-24 03:11:40,516609,3196.9637870788574
4340,2021-11-24 10:11:32,516609,3213.956594467163
4341,2021-11-24 11:11:49,516609,3223.599672317505
4342,2021-11-24 11:11:57,516609,3187.3064041137695
4343,2021-11-24 11:11:58,516609,3206.4504623413086
4344,2021-11-24 12:11:10,516609,3189.467430114746
4345,2021-11-24 12:11:16,516609,3191.5764808654785
4346,2021-11-24 12:11:29,516609,3181.5221309661865
4347,2021-11-24 02:11:15,516610,3231.78768157959
4348,2021-11-24 02:11:33,516610,3185.586452484131
4349,2021-11-24 04:11:08,516611,3185.469388961792
4350,2021-11-24 04:11:20,516611,3214.25199508667
4351,2021-11-24 06:11:11,516612,3229.9091815948486
4352,2021-11-24 05:11:04,516613,3192.856788635254
4353,2021-11-24 06:11:40,516613,3217.4596786499023
4354,2021-11-24 07:11:10,516613,3205.11794090271
4355,2021-11-24 08:11:44,516613,3226.9558906555176
4356,2021-11-24 07:11:11,516615,3185.394287109375
4357,2021-11-24 07:11:19,516615,3193.744897842407
4358,2021-11-24 08:11:04,516615,3196.361303329468
4359,2021-11-24 10:11:39,516616,3211.5187644958496
4360,2021-11-24 11:11:19,516616,3155.0748348236084
4361,2021-11-24 09:11:36,516617,3168.259620666504
4362,2021-11-24 10:11:45,516618,3172.6694107055664
4363,2021-11-24 11:11:15,516618,3513.8208866119385
4364,2021-11-25 12:11:56,516618,3211.5836143493652
4365,2021-11-24 11:11:04,516619,3163.912296295166
4366,2021-11-24 11:11:19,516619,3263.554096221924
4367,2021-11-25 12:11:52,516619,3206.865072250366
4368,2021-11-24 11:11:43,516620,3206.6268920898438
4369,2021-11-25 01:11:09,516620,3184.717893600464
4370,2021-11-25 01:11:55,516620,3196.540355682373
4371,2021-11-25 12:11:42,516620,3206.5114974975586
4372,2021-11-25 02:11:40,516624,3247.143507003784
4373,2021-11-25 05:11:03,516628,3186.8038177490234
4374,2021-11-25 01:11:26,516630,3198.817253112793
4375,2021-11-25 02:11:27,516630,3204.0352821350098
4376,2021-11-25 07:11:40,516630,3200.4809379577637
4377,2021-11-25 08:11:59,516630,3189.8317337036133
4378,2021-11-25 10:11:09,516630,3212.4598026275635
4379,2021-11-25 12:11:02,516630,3238.790988922119
4380,2021-11-25 01:11:13,516632,3268.298387527466
4381,2021-11-25 01:11:15,516632,3221.2603092193604
4382,2021-11-25 01:11:18,516632,3211.2064361572266
4383,2021-11-25 01:11:26,516632,3195.869207382202
4384,2021-11-25 01:11:36,516632,3197.855234146118
4385,2021-11-25 01:11:41,516632,3175.4019260406494
4386,2021-11-25 01:11:51,516632,3229.454517364502
4387,2021-11-25 02:11:21,516632,3211.0495567321777
4388,2021-11-25 02:11:41,516632,3200.597047805786
4389,2021-11-25 02:11:47,516632,3197.3912715911865
4390,2021-11-25 03:11:20,516632,3207.793712615967
4391,2021-11-25 03:11:40,516632,3208.463430404663
4392,2021-11-25 03:11:48,516632,3228.994369506836
4393,2021-11-25 03:11:51,516632,3202.4848461151123
4394,2021-11-25 03:11:27,516633,3194.2405700683594
4395,2021-11-25 05:11:07,516633,3244.64750289917
4396,2021-11-25 04:11:49,516634,3213.8798236846924
4397,2021-11-25 04:11:41,516635,3170.0758934020996
4398,2021-11-25 06:11:50,516635,3176.9843101501465
4399,2021-11-25 08:11:46,516635,3165.498733520508
4400,2021-11-25 06:11:21,516638,3262.277364730835
4401,2021-11-25 07:11:59,516638,3213.487386703491
4402,2021-11-25 08:11:12,516638,3386.6827487945557
4403,2021-11-25 10:11:03,516638,3528.270721435547
4404,2021-11-25 10:11:11,516638,3180.3293228149414
4405,2021-11-26 12:11:58,516638,3162.6391410827637
4406,2021-11-25 08:11:49,516640,3180.5028915405273
4407,2021-11-25 10:11:46,516640,3148.186445236206
4408,2021-11-25 09:11:16,516641,3159.019947052002
4409,2021-11-25 11:11:22,516641,3170.2325344085693
4410,2021-11-26 02:11:53,516641,3142.634391784668
4411,2021-11-26 12:11:05,516641,3204.160451889038
4412,2021-11-26 12:11:29,516641,3189.392328262329
4413,2021-11-28 07:11:45,516641,3184.1704845428467
4414,2021-11-26 01:11:46,516642,3170.8555221557617
4415,2021-11-26 02:11:26,516642,3181.842088699341
4416,2021-11-26 03:11:45,516642,3128.101348876953
4417,2021-11-26 05:11:42,516645,3194.810390472412
4418,2021-11-26 06:11:19,516645,3202.3673057556152
4419,2021-11-26 07:11:02,516648,3307.2891235351562
4420,2021-11-26 08:11:26,516648,3563.6825561523438
4421,2021-11-26 08:11:40,516648,3213.7649059295654
4422,2021-11-26 08:11:36,516649,3237.114667892456
4423,2021-11-26 09:11:14,516649,3254.8694610595703
4424,2021-11-26 10:11:33,516651,3224.050760269165
4425,2021-11-26 10:11:53,516651,3233.7710857391357
4426,2021-11-26 11:11:33,516651,3229.767322540283
4427,2021-11-26 01:11:08,516652,3249.5157718658447
4428,2021-11-26 01:11:40,516652,3213.1683826446533
4429,2021-11-26 01:11:52,516652,3237.4024391174316
4430,2021-11-26 01:11:54,516652,3193.1304931640625
4431,2021-11-26 02:11:22,516652,3510.9293460845947
4432,2021-11-26 02:11:43,516652,3312.6933574676514
4433,2021-11-26 02:11:49,516652,3252.490520477295
4434,2021-11-26 02:11:55,516652,3229.2399406433105
4435,2021-11-26 03:11:10,516652,3235.8944416046143
4436,2021-11-26 03:11:13,516652,3434.112071990967
4437,2021-11-26 03:11:46,516652,3495.764970779419
4438,2021-11-26 10:11:14,516652,3214.9367332458496
4439,2021-11-26 12:11:06,516652,3212.879180908203
4440,2021-11-26 12:11:28,516652,3242.3293590545654
4441,2021-11-26 12:11:33,516652,3236.677408218384
4442,2021-11-26 12:11:39,516652,3251.145124435425
4443,2021-11-26 01:11:34,516653,3215.407133102417
4444,2021-11-26 01:11:44,516653,3242.2451972961426
4445,2021-11-26 02:11:22,516653,3210.7720375061035
4446,2021-11-26 03:11:13,516653,3232.1248054504395
4447,2021-11-26 03:11:52,516653,3161.0865592956543
4448,2021-11-26 03:11:55,516653,3211.212635040283
4449,2021-11-26 04:11:05,516654,3195.2619552612305
4450,2021-11-26 04:11:08,516654,3234.457492828369
4451,2021-11-26 05:11:59,516654,3250.3530979156494
4452,2021-11-26 04:11:50,516655,3233.7594032287598
4453,2021-11-26 05:11:02,516655,3212.496280670166
4454,2021-11-26 05:11:07,516658,3290.4045581817627
4455,2021-11-26 05:11:46,516658,3218.2583808898926
4456,2021-11-26 06:11:05,516658,3237.2398376464844
4457,2021-11-26 06:11:10,516658,3270.357608795166
4458,2021-11-26 06:11:16,516658,3287.4844074249268
4459,2021-11-26 08:11:02,516658,3310.638904571533
4460,2021-11-26 08:11:59,516658,3262.317895889282
4461,2021-11-26 11:11:00,516658,3263.9949321746826
4462,2021-11-26 11:11:12,516658,3243.2661056518555
4463,2021-11-26 09:11:30,516663,3303.694725036621
4464,2021-11-27 12:11:19,516663,3205.839157104492
4465,2021-11-26 09:11:37,516664,3214.76674079895
4466,2021-11-26 11:11:26,516664,3237.4627590179443
4467,2021-11-27 12:11:12,516664,3203.7007808685303
4468,2021-11-27 12:11:14,516664,3211.9946479797363
4469,2021-11-26 11:11:35,516666,3241.485357284546
4470,2021-11-27 02:11:09,516666,3334.928035736084
4471,2021-11-27 02:11:23,516669,3240.3578758239746
4472,2021-11-27 03:11:40,516669,3244.7855472564697
4473,2021-11-27 03:11:35,516670,3265.0771141052246
4474,2021-11-27 04:11:38,516671,3270.87140083313
4475,2021-11-27 04:11:55,516671,3279.879570007324
4476,2021-11-27 05:11:03,516671,3282.1619510650635
4477,2021-11-27 05:11:29,516671,3225.113868713379
4478,2021-11-27 06:11:28,516671,3251.091241836548
4479,2021-11-28 01:11:46,516676,3237.2891902923584
4480,2021-11-28 01:11:49,516676,3223.0618000030518
4481,2021-11-28 03:11:00,516676,3234.323024749756
4482,2021-11-28 03:11:21,516676,3248.122215270996
4483,2021-11-28 04:11:26,516676,3239.407777786255
4484,2021-11-28 04:11:33,516676,3249.286413192749
4485,2021-11-29 01:11:15,516682,3230.588912963867
4486,2021-11-29 08:11:11,516682,3212.2714519500732
4487,2021-11-29 12:11:11,516682,3194.822072982788
4488,2021-11-30 04:11:07,516682,3174.8950481414795
4489,2021-11-30 06:11:27,516682,3196.381092071533
4490,2021-11-29 01:11:24,516683,3207.4062824249268
4491,2021-11-29 03:11:37,516683,3186.1419677734375
4492,2021-11-29 02:11:07,516684,3205.334424972534
4493,2021-11-29 02:11:18,516685,3276.207447052002
4494,2021-11-29 04:11:00,516685,3200.9053230285645
4495,2021-11-29 04:11:09,516685,3280.8053493499756
4496,2021-11-29 04:11:28,516685,3198.7974643707275
4497,2021-11-29 04:11:34,516685,3211.852550506592
4498,2021-11-29 05:11:00,516685,3233.2510948181152
4499,2021-11-29 05:11:28,516685,3224.6298789978027
4500,2021-11-29 06:11:11,516685,3204.490900039673
4501,2021-11-29 06:11:18,516685,3202.9974460601807
4502,2021-11-29 06:11:39,516685,3201.509714126587
4503,2021-11-29 06:11:54,516685,3207.1948051452637
4504,2021-11-29 06:11:56,516685,3224.8384952545166
4505,2021-11-29 06:11:56,516685,3210.671901702881
4506,2021-11-29 07:11:56,516685,3213.245153427124
4507,2021-11-29 09:11:13,516685,3244.380474090576
4508,2021-11-29 09:11:35,516685,3238.877773284912
4509,2021-11-29 09:11:37,516685,3200.329542160034
4510,2021-11-29 09:11:44,516687,3243.3953285217285
4511,2021-11-29 10:11:43,516687,3208.986282348633
4512,2021-11-29 11:11:23,516687,3239.009380340576
4513,2021-11-29 11:11:52,516687,3186.3222122192383
4514,2021-11-30 01:11:04,516688,3247.6351261138916
4515,2021-11-30 01:11:19,516688,3213.6967182159424
4516,2021-11-30 02:11:09,516688,3210.7677459716797
4517,2021-11-30 12:11:44,516688,3236.1745834350586
4518,2021-11-30 01:11:50,516689,3188.352346420288
4519,2021-11-30 03:11:00,516689,3221.346855163574
4520,2021-11-30 04:11:09,516689,3232.6595783233643
4521,2021-11-30 05:11:24,516689,3211.215019226074
4522,2021-11-30 05:11:16,516690,3198.096513748169
4523,2021-11-30 05:11:36,516690,3212.270736694336
4524,2021-11-30 05:11:46,516690,3198.5254287719727
4525,2021-11-30 06:11:49,516690,3236.640691757202
4526,2021-11-30 07:11:00,516690,3615.7891750335693
4527,2021-11-30 07:11:32,516690,3226.184606552124
4528,2021-11-30 07:11:36,516690,3238.6159896850586
4529,2021-11-30 06:11:24,516691,3230.628490447998
4530,2021-11-30 09:11:01,516692,3217.9322242736816
4531,2021-11-30 10:11:28,516692,3247.647523880005
4532,2021-11-30 10:11:31,516692,3264.1797065734863
4533,2021-11-30 11:11:47,516692,3268.4285640716553
4534,2021-11-30 11:11:45,516693,3245.2073097229004
4535,2021-11-30 01:11:17,516697,3184.8702430725098
4536,2021-11-30 01:11:19,516697,3225.2440452575684
4537,2021-11-30 01:11:44,516697,3263.214111328125
4538,2021-11-30 01:11:46,516697,3203.8025856018066
4539,2021-11-30 02:11:07,516697,3295.6697940826416
4540,2021-11-30 02:11:28,516697,3189.3296241760254
4541,2021-11-30 02:11:43,516697,3225.273370742798
4542,2021-11-30 02:11:46,516697,3216.2535190582275
4543,2021-11-30 03:11:48,516697,3207.9076766967773
4544,2021-11-30 03:11:56,516697,3265.285015106201
4545,2021-11-30 03:11:59,516697,3247.363328933716
4546,2021-11-30 06:11:01,516700,3186.0334873199463
4547,2021-11-30 09:11:04,516700,3227.051019668579
4548,2021-11-30 10:11:48,516701,3554.452419281006
4549,2021-12-01 01:12:49,516701,3186.202049255371
4550,2021-12-01 06:12:56,516701,3246.4613914489746
4551,2021-12-01 07:12:08,516701,3215.9364223480225
4552,2021-12-01 02:12:12,516706,3212.3920917510986
4553,2021-12-01 03:12:22,516706,3225.0919342041016
4554,2021-12-01 03:12:36,516706,3176.2032508850098
4555,2021-12-01 08:12:24,516706,3221.2417125701904
4556,2021-12-01 08:12:33,516706,3227.916479110718
4557,2021-12-01 08:12:40,516706,3199.333429336548
4558,2021-12-01 08:12:49,516706,3188.2710456848145
4559,2021-12-01 12:12:19,516706,3196.0675716400146
4560,2021-12-01 02:12:05,516710,3188.6250972747803
4561,2021-12-01 03:12:00,516710,3208.8820934295654
4562,2021-12-01 03:12:37,516710,3189.2850399017334
4563,2021-12-01 05:12:29,516710,3206.007242202759
4564,2021-12-01 05:12:40,516710,3219.5980548858643
4565,2021-12-01 06:12:30,516710,3230.50594329834
4566,2021-12-01 07:12:21,516710,3198.6639499664307
4567,2021-12-01 07:12:36,516710,3191.390037536621
4568,2021-12-01 01:12:25,516713,3197.1120834350586
4569,2021-12-01 03:12:08,516713,3503.286838531494
4570,2021-12-01 03:12:23,516713,3234.1768741607666
4571,2021-12-01 03:12:58,516713,3210.399627685547
4572,2021-12-01 06:12:35,516713,3220.970392227173
4573,2021-12-01 07:12:08,516713,3221.989154815674
4574,2021-12-01 07:12:39,516713,3247.4606037139893
4575,2021-12-01 07:12:42,516713,3211.9646072387695
4576,2021-12-01 08:12:05,516713,3205.241918563843
4577,2021-12-01 08:12:17,516713,3233.142375946045
4578,2021-12-01 09:12:10,516713,3214.2555713653564
4579,2021-12-01 09:12:29,516713,3208.873987197876
4580,2021-12-01 09:12:36,516713,3218.5401916503906
4581,2021-12-01 10:12:49,516713,3370.939254760742
4582,2021-12-01 11:12:08,516713,3241.5337562561035
4583,2021-12-01 11:12:16,516713,3211.030960083008
4584,2021-12-01 12:12:41,516713,3220.797300338745
4585,2021-12-01 12:12:53,516713,3197.141408920288
4586,2021-12-02 04:12:56,516713,3202.63671875
4587,2021-12-01 07:12:09,516714,3202.861785888672
4588,2021-12-01 09:12:27,516714,3210.4971408843994
4589,2021-12-01 10:12:00,516714,3290.4281616210938
4590,2021-12-01 10:12:08,516714,3223.7212657928467
4591,2021-12-01 10:12:26,516714,3229.8431396484375
4592,2021-12-01 10:12:47,516714,3221.590995788574
4593,2021-12-02 01:12:02,516714,3240.0689125061035
4594,2021-12-02 01:12:06,516714,3229.7356128692627
4595,2021-12-02 01:12:16,516714,3263.6759281158447
4596,2021-12-02 02:12:00,516714,3181.3511848449707
4597,2021-12-02 02:12:17,516714,3205.077648162842
4598,2021-12-02 01:12:08,516715,3225.0983715057373
4599,2021-12-02 12:12:05,516715,3394.7792053222656
4600,2021-12-02 12:12:18,516715,3256.4334869384766
4601,2021-12-02 01:12:32,516716,3211.590051651001
4602,2021-12-02 02:12:00,516716,3222.0211029052734
4603,2021-12-02 12:12:23,516716,3207.3092460632324
4604,2021-12-02 12:12:54,516716,3249.0131855010986
4605,2021-12-02 02:12:20,516719,3218.656539916992
4606,2021-12-02 02:12:26,516719,3179.3856620788574
4607,2021-12-02 02:12:40,516719,3213.202714920044
4608,2021-12-02 03:12:43,516719,3219.573974609375
4609,2021-12-02 05:12:00,516723,3220.5402851104736
4610,2021-12-02 08:12:16,516725,3215.5325412750244
4611,2021-12-02 08:12:20,516725,3238.3222579956055
4612,2021-12-02 09:12:48,516725,3408.381462097168
4613,2021-12-02 01:12:29,516727,3244.4581985473633
4614,2021-12-02 08:12:07,516727,3325.8705139160156
4615,2021-12-02 09:12:54,516727,3206.892728805542
4616,2021-12-02 10:12:22,516727,3338.977813720703
4617,2021-12-02 11:12:28,516727,3213.7012481689453
4618,2021-12-02 11:12:34,516727,3467.0960903167725
4619,2021-12-02 11:12:46,516727,3192.5199031829834
4620,2021-12-02 11:12:59,516727,3206.3393592834473
4621,2021-12-02 12:12:04,516727,3223.8688468933105
4622,2021-12-02 12:12:39,516727,3207.2818279266357
4623,2021-12-02 01:12:14,516728,3264.094829559326
4624,2021-12-02 01:12:34,516728,3193.6702728271484
4625,2021-12-02 01:12:46,516728,3220.050573348999
4626,2021-12-02 02:12:18,516728,3221.2159633636475
4627,2021-12-02 02:12:22,516728,3228.201389312744
4628,2021-12-02 03:12:31,516728,3209.7339630126953
4629,2021-12-02 11:12:38,516728,3249.3011951446533
4630,2021-12-02 12:12:08,516728,3217.7305221557617
4631,2021-12-02 12:12:19,516728,3190.1979446411133
4632,2021-12-02 12:12:25,516728,3232.614755630493
4633,2021-12-02 12:12:38,516728,3214.0724658966064
4634,2021-12-02 03:12:27,516729,3229.5942306518555
4635,2021-12-02 04:12:14,516729,3260.578393936157
4636,2021-12-02 03:12:20,516731,3244.955539703369
4637,2021-12-02 04:12:22,516731,3224.747657775879
4638,2021-12-02 03:12:10,516732,3221.5347290039062
4639,2021-12-02 05:12:24,516734,3263.3655071258545
4640,2021-12-02 05:12:53,516735,3245.4614639282227
4641,2021-12-02 06:12:50,516736,3235.947608947754
4642,2021-12-02 08:12:07,516737,3275.9315967559814
4643,2021-12-02 08:12:47,516737,3246.7939853668213
4644,2021-12-02 10:12:18,516737,3277.9693603515625
4645,2021-12-02 10:12:45,516737,3285.4769229888916
4646,2021-12-02 08:12:34,516739,3252.6352405548096
4647,2021-12-02 08:12:51,516739,3285.663843154907
4648,2021-12-02 08:12:53,516739,3262.2909545898438
4649,2021-12-02 10:12:59,516739,3251.5363693237305
4650,2021-12-02 11:12:05,516739,3228.7750244140625
4651,2021-12-02 11:12:17,516739,3249.6941089630127
4652,2021-12-03 12:12:48,516739,3285.6318950653076
4653,2021-12-02 11:12:04,516740,3258.198022842407
4654,2021-12-03 01:12:40,516740,3234.455108642578
4655,2021-12-03 02:12:55,516742,3307.5313568115234
4656,2021-12-03 03:12:45,516742,3236.041784286499
4657,2021-12-03 03:12:54,516742,3378.406524658203
4658,2021-12-03 12:12:20,516742,3287.5988483428955
4659,2021-12-03 12:12:23,516742,3238.0759716033936
4660,2021-12-03 01:12:48,516743,3264.6570205688477
4661,2021-12-03 03:12:16,516749,3243.0970668792725
4662,2021-12-03 04:12:35,516749,3276.8898010253906
4663,2021-12-03 05:12:36,516754,3245.640993118286
4664,2021-12-03 05:12:40,516754,3245.6140518188477
4665,2021-12-03 06:12:46,516754,3273.5607624053955
4666,2021-12-03 07:12:48,516754,3272.8965282440186
4667,2021-12-03 06:12:20,516755,3233.6361408233643
4668,2021-12-03 06:12:34,516755,3262.261390686035
4669,2021-12-03 07:12:55,516755,3275.9315967559814
4670,2021-12-03 07:12:06,516756,3247.4544048309326
4671,2021-12-03 07:12:16,516756,3239.2289638519287
4672,2021-12-03 07:12:50,516756,3268.8231468200684
4673,2021-12-03 09:12:02,516760,3241.0407066345215
4674,2021-12-03 11:12:40,516760,3257.882833480835
4675,2021-12-03 12:12:12,516760,3228.8155555725098
4676,2021-12-03 12:12:27,516760,3253.336191177368
4677,2021-12-03 01:12:00,516761,3276.0612964630127
4678,2021-12-03 01:12:11,516761,3246.9253540039062
4679,2021-12-03 01:12:16,516761,3276.0815620422363
4680,2021-12-03 01:12:54,516761,3246.192455291748
4681,2021-12-03 02:12:22,516761,3294.9154376983643
4682,2021-12-03 02:12:33,516761,3231.759786605835
4683,2021-12-03 10:12:16,516761,3233.1252098083496
4684,2021-12-03 11:12:05,516761,3252.120018005371
4685,2021-12-03 12:12:06,516761,3263.3934020996094
4686,2021-12-03 12:12:22,516761,3254.948139190674
4687,2021-12-03 12:12:47,516761,3264.3961906433105
4688,2021-12-03 05:12:02,516763,3217.4665927886963
4689,2021-12-03 05:12:52,516763,3250.5593299865723
4690,2021-12-03 05:12:04,516765,3265.543222427368
4691,2021-12-03 05:12:58,516765,3267.385244369507
4692,2021-12-03 07:12:34,516765,3257.0130825042725
4693,2021-12-03 07:12:41,516769,3212.03351020813
4694,2021-12-03 08:12:35,516769,3251.8670558929443
4695,2021-12-03 11:12:47,516770,3199.3000507354736
4696,2021-12-04 01:12:12,516770,3582.5300216674805
4697,2021-12-04 01:12:46,516770,3161.9765758514404
4698,2021-12-04 01:12:49,516770,3194.202423095703
4699,2021-12-04 12:12:03,516770,3162.1153354644775
4700,2021-12-04 12:12:09,516770,3285.8448028564453
4701,2021-12-04 12:12:15,516771,3276.810646057129
4702,2021-12-04 12:12:36,516771,3269.050359725952
4703,2021-12-04 12:12:47,516772,3269.9949741363525
4704,2021-12-04 01:12:25,516775,3274.054527282715
4705,2021-12-04 02:12:46,516775,3249.4823932647705
4706,2021-12-04 01:12:22,516778,3298.480987548828
4707,2021-12-04 01:12:34,516778,3258.9809894561768
4708,2021-12-04 03:12:16,516778,3260.667562484741
4709,2021-12-04 01:12:42,516779,3263.511896133423
4710,2021-12-04 03:12:29,516779,3687.1137619018555
4711,2021-12-04 02:12:09,516780,3212.6317024230957
4712,2021-12-04 02:12:53,516780,3247.946262359619
4713,2021-12-04 05:12:39,516781,3274.387836456299
4714,2021-12-04 06:12:38,516781,3336.7087841033936
4715,2021-12-04 06:12:40,516781,3243.5920238494873
4716,2021-12-04 06:12:46,516781,3276.4501571655273
4717,2021-12-04 08:12:26,516781,3265.2933597564697
4718,2021-12-05 03:12:46,516791,3249.744176864624
4719,2021-12-05 04:12:53,516791,3332.021474838257
4720,2021-12-05 06:12:42,516791,3348.4489917755127
4721,2021-12-06 04:12:13,516794,3260.1051330566406
4722,2021-12-06 06:12:21,516794,3264.078140258789
4723,2021-12-06 05:12:25,516795,3250.3106594085693
4724,2021-12-06 11:12:51,516795,3284.6357822418213
4725,2021-12-06 05:12:46,516796,3248.5854625701904
4726,2021-12-06 06:12:57,516796,3470.6854820251465
4727,2021-12-06 09:12:08,516796,3105.7329177856445
4728,2021-12-06 09:12:55,516796,3301.729440689087
4729,2021-12-06 10:12:11,516796,3107.163667678833
4730,2021-12-06 03:12:47,516797,3254.0011405944824
4731,2021-12-06 03:12:52,516797,3266.460657119751
4732,2021-12-06 04:12:25,516797,3258.1684589385986
4733,2021-12-06 04:12:45,516797,3267.1797275543213
4734,2021-12-06 04:12:56,516797,3239.0339374542236
4735,2021-12-06 05:12:14,516797,3270.272731781006
4736,2021-12-06 05:12:14,516797,3281.59499168396
4737,2021-12-06 04:12:33,516798,3268.066883087158
4738,2021-12-06 04:12:37,516798,3247.634172439575
4739,2021-12-06 04:12:58,516798,3265.472412109375
4740,2021-12-06 05:12:04,516798,3216.3589000701904
4741,2021-12-06 05:12:33,516798,3246.1612224578857
4742,2021-12-06 05:12:36,516798,3278.996467590332
4743,2021-12-06 05:12:48,516798,3332.005262374878
4744,2021-12-06 06:12:06,516798,3270.7176208496094
4745,2021-12-06 06:12:18,516798,3272.413969039917
4746,2021-12-06 06:12:24,516798,3273.8778591156006
4747,2021-12-06 06:12:44,516798,3316.8444633483887
4748,2021-12-06 06:12:49,516798,3256.122350692749
4749,2021-12-06 06:12:55,516798,3256.185293197632
4750,2021-12-06 07:12:04,516798,3203.524351119995
4751,2021-12-06 07:12:35,516798,3263.7863159179688
4752,2021-12-06 08:12:54,516798,3262.3701095581055
4753,2021-12-06 08:12:57,516800,3247.875690460205
4754,2021-12-06 10:12:10,516800,3300.2748489379883
4755,2021-12-06 10:12:17,516800,3238.76690864563
4756,2021-12-06 10:12:22,516800,3255.561113357544
4757,2021-12-06 10:12:31,516800,3258.8114738464355
4758,2021-12-06 11:12:01,516800,3245.480537414551
4759,2021-12-06 11:12:12,516800,3228.834629058838
4760,2021-12-06 11:12:20,516800,3274.4545936584473
4761,2021-12-06 11:12:24,516800,3261.1026763916016
4762,2021-12-06 11:12:39,516800,3261.103391647339
4763,2021-12-07 12:12:19,516800,3278.0566215515137
4764,2021-12-07 12:12:46,516800,3275.6075859069824
4765,2021-12-07 01:12:07,516804,3186.535358428955
4766,2021-12-07 01:12:49,516805,3228.334903717041
4767,2021-12-07 02:12:42,516805,3225.2895832061768
4768,2021-12-07 02:12:50,516805,3241.4979934692383
4769,2021-12-07 12:12:50,516805,3235.9814643859863
4770,2021-12-07 12:12:50,516805,3220.7210063934326
4771,2021-12-07 02:12:45,516806,3223.813056945801
4772,2021-12-07 03:12:33,516806,3240.478754043579
4773,2021-12-07 06:12:20,516810,3270.909547805786
4774,2021-12-07 07:12:17,516810,3196.3324546813965
4775,2021-12-07 06:12:24,516811,3229.933261871338
4776,2021-12-07 09:12:08,516815,3219.893217086792
4777,2021-12-07 11:12:17,516815,3255.9096813201904
4778,2021-12-07 10:12:58,516818,3257.218599319458
4779,2021-12-07 11:12:03,516818,3223.8903045654297
4780,2021-12-07 11:12:52,516818,3288.3410453796387
4781,2021-12-07 12:12:43,516821,3249.1719722747803
4782,2021-12-07 02:12:42,516823,3222.773551940918
4783,2021-12-07 03:12:54,516823,3224.5733737945557
4784,2021-12-07 03:12:06,516825,3347.1081256866455
4785,2021-12-07 04:12:07,516825,3353.700637817383
4786,2021-12-07 05:12:06,516825,3288.0425453186035
4787,2021-12-07 05:12:32,516825,3202.16965675354
4788,2021-12-07 05:12:37,516825,3278.264045715332
4789,2021-12-07 08:12:07,516825,3266.7508125305176
4790,2021-12-07 08:12:11,516825,3311.2571239471436
4791,2021-12-07 08:12:14,516825,3303.5497665405273
4792,2021-12-07 08:12:25,516825,3381.5412521362305
4793,2021-12-07 08:12:57,516825,3334.059238433838
4794,2021-12-07 09:12:08,516825,3244.6200847625732
4795,2021-12-07 09:12:13,516825,3277.269124984741
4796,2021-12-07 10:12:14,516825,3282.1693420410156
4797,2021-12-07 10:12:21,516825,3345.468521118164
4798,2021-12-07 10:12:23,516825,3262.7644538879395
4799,2021-12-07 10:12:25,516825,3320.847749710083
4800,2021-12-07 10:12:26,516825,3319.4663524627686
4801,2021-12-07 10:12:37,516825,3292.341709136963
4802,2021-12-07 10:12:41,516825,3347.580671310425
4803,2021-12-07 11:12:10,516825,3310.4336261749268
4804,2021-12-07 11:12:11,516825,3286.461114883423
4805,2021-12-07 11:12:52,516825,3346.055269241333
4806,2021-12-08 12:12:40,516825,3299.602746963501
4807,2021-12-07 11:12:01,516826,3323.4009742736816
4808,2021-12-07 11:12:59,516826,3315.5972957611084
4809,2021-12-08 12:12:06,516826,3308.037519454956
4810,2021-12-08 12:12:31,516826,3331.56418800354
4811,2021-12-08 01:12:45,516828,3274.6264934539795
4812,2021-12-08 03:12:51,516828,3281.3150882720947
4813,2021-12-08 05:12:24,516828,3294.53182220459
4814,2021-12-08 05:12:27,516829,3292.9019927978516
4815,2021-12-08 06:12:13,516829,3281.2581062316895
4816,2021-12-08 06:12:42,516830,3271.7111110687256
4817,2021-12-08 07:12:03,516830,3276.794910430908
4818,2021-12-08 07:12:13,516830,3228.73592376709
4819,2021-12-08 07:12:58,516830,3390.7549381256104
4820,2021-12-08 08:12:00,516830,3294.346809387207
4821,2021-12-08 08:12:28,516830,3296.933174133301
4822,2021-12-08 08:12:30,516830,3331.9499492645264
4823,2021-12-08 09:12:04,516830,3550.7233142852783
4824,2021-12-08 09:12:09,516830,3387.5112533569336
4825,2021-12-08 09:12:11,516830,3337.034225463867
4826,2021-12-08 09:12:57,516830,3335.123300552368
4827,2021-12-08 10:12:58,516830,3262.2406482696533
4828,2021-12-08 11:12:57,516830,3363.086462020874
4829,2021-12-08 11:12:59,516830,3260.6444358825684
4830,2021-12-08 09:12:12,516832,3538.524866104126
4831,2021-12-08 10:12:19,516832,3290.400743484497
4832,2021-12-08 11:12:11,516832,3302.9699325561523
4833,2021-12-08 01:12:00,516833,3328.3138275146484
4834,2021-12-08 01:12:26,516833,3253.41534614563
4835,2021-12-08 01:12:54,516833,3273.1451988220215
4836,2021-12-08 02:12:22,516833,3242.389440536499
4837,2021-12-08 02:12:35,516833,3303.391933441162
4838,2021-12-08 12:12:06,516833,3369.8747158050537
4839,2021-12-08 12:12:14,516833,3280.097484588623
4840,2021-12-08 12:12:18,516833,3350.525140762329
4841,2021-12-08 01:12:14,516834,3311.121940612793
4842,2021-12-08 02:12:11,516834,3267.1756744384766
4843,2021-12-08 02:12:11,516834,3323.5421180725098
4844,2021-12-08 03:12:18,516834,3301.2328147888184
4845,2021-12-08 03:12:22,516834,3299.6985912323
4846,2021-12-08 03:12:23,516834,3293.4954166412354
4847,2021-12-08 04:12:02,516834,3284.0232849121094
4848,2021-12-08 04:12:03,516834,3240.504264831543
4849,2021-12-08 02:12:55,516835,3233.248472213745
4850,2021-12-08 04:12:14,516835,3216.7041301727295
4851,2021-12-08 04:12:29,516838,3189.850330352783
4852,2021-12-08 04:12:58,516838,3201.6539573669434
4853,2021-12-08 05:12:13,516838,3217.7157402038574
4854,2021-12-08 05:12:38,516839,3223.508358001709
4855,2021-12-08 06:12:06,516840,3185.664176940918
4856,2021-12-08 06:12:25,516840,3205.9223651885986
4857,2021-12-08 06:12:24,516841,3229.2401790618896
4858,2021-12-08 06:12:28,516841,3198.8062858581543
4859,2021-12-08 08:12:25,516841,3203.947067260742
4860,2021-12-08 08:12:09,516843,3207.153558731079
4861,2021-12-08 10:12:01,516843,3201.8542289733887
4862,2021-12-08 09:12:53,516844,3208.21475982666
4863,2021-12-08 10:12:43,516846,3185.058832168579
4864,2021-12-08 11:12:12,516849,3170.8598136901855
4865,2021-12-08 11:12:23,516849,3158.5488319396973
4866,2021-12-09 01:12:15,516849,3158.555030822754
4867,2021-12-09 12:12:15,516849,3202.712059020996
4868,2021-12-09 01:12:00,516851,3140.354633331299
4869,2021-12-09 02:12:07,516851,3171.983242034912
4870,2021-12-09 01:12:47,516854,3142.575979232788
4871,2021-12-09 03:12:24,516856,3125.7975101470947
4872,2021-12-09 06:12:24,516859,3162.393808364868
4873,2021-12-09 06:12:12,516860,3143.979787826538
4874,2021-12-09 06:12:28,516860,3125.2942085266113
4875,2021-12-09 07:12:16,516860,3143.0301666259766
4876,2021-12-09 06:12:24,516861,3134.1865062713623
4877,2021-12-09 06:12:58,516861,3167.412519454956
4878,2021-12-09 07:12:33,516861,3159.092664718628
4879,2021-12-09 07:12:40,516861,3142.7066326141357
4880,2021-12-09 08:12:10,516861,3119.2164421081543
4881,2021-12-09 08:12:56,516861,3113.304853439331
4882,2021-12-09 01:12:06,516864,3145.1377868652344
4883,2021-12-09 01:12:31,516864,3234.483480453491
4884,2021-12-09 01:12:32,516864,3157.3879718780518
4885,2021-12-09 02:12:03,516864,3361.416816711426
4886,2021-12-09 02:12:17,516864,3142.120361328125
4887,2021-12-09 02:12:41,516864,3145.1539993286133
4888,2021-12-09 03:12:49,516864,3133.6328983306885
4889,2021-12-09 08:12:29,516864,3160.184144973755
4890,2021-12-09 09:12:18,516864,3112.579107284546
4891,2021-12-09 09:12:24,516864,3151.7717838287354
4892,2021-12-09 09:12:29,516864,3147.9358673095703
4893,2021-12-09 11:12:20,516864,3173.809289932251
4894,2021-12-09 11:12:21,516864,3179.7711849212646
4895,2021-12-09 11:12:29,516864,3161.874771118164
4896,2021-12-09 12:12:01,516864,3142.23575592041
4897,2021-12-09 12:12:08,516864,3222.2323417663574
4898,2021-12-09 12:12:31,516864,3150.205135345459
4899,2021-12-09 02:12:24,516865,3146.224021911621
4900,2021-12-09 02:12:45,516865,3173.4626293182373
4901,2021-12-09 03:12:08,516865,3151.6451835632324
4902,2021-12-09 03:12:39,516865,3118.8104152679443
4903,2021-12-09 04:12:23,516865,3109.673261642456
4904,2021-12-09 03:12:18,516866,3124.309778213501
4905,2021-12-09 03:12:20,516867,3119.6389198303223
4906,2021-12-09 03:12:40,516867,3196.9614028930664
4907,2021-12-09 05:12:08,516867,3143.277883529663
4908,2021-12-09 05:12:19,516867,3133.8865756988525
4909,2021-12-09 05:12:24,516867,3121.171474456787
4910,2021-12-09 04:12:23,516869,3137.1445655822754
4911,2021-12-09 05:12:14,516869,3213.4692668914795
4912,2021-12-09 05:12:14,516869,3134.636163711548
4913,2021-12-09 05:12:44,516869,3121.969699859619
4914,2021-12-09 06:12:15,516869,3162.2509956359863
4915,2021-12-09 06:12:30,516869,3120.0337409973145
4916,2021-12-09 06:12:08,516871,3242.9685592651367
4917,2021-12-09 06:12:44,516871,3193.044900894165
4918,2021-12-09 06:12:45,516871,3140.979051589966
4919,2021-12-09 07:12:10,516871,3135.7686519622803
4920,2021-12-09 07:12:16,516871,3159.6269607543945
4921,2021-12-09 07:12:55,516871,3150.505542755127
4922,2021-12-09 06:12:24,516872,3131.0830116271973
4923,2021-12-09 11:12:07,516877,3163.691282272339
4924,2021-12-09 11:12:54,516878,3168.325185775757
4925,2021-12-10 12:12:19,516878,3173.2285022735596
4926,2021-12-10 02:12:05,516880,3155.1778316497803
4927,2021-12-10 01:12:00,516883,3151.648759841919
4928,2021-12-10 05:12:56,516883,3298.9683151245117
4929,2021-12-10 05:12:57,516883,3134.138345718384
4930,2021-12-10 06:12:18,516883,3151.5252590179443
4931,2021-12-10 06:12:32,516883,3133.9821815490723
4932,2021-12-10 06:12:56,516883,3145.683765411377
4933,2021-12-10 08:12:47,516883,3137.9528045654297
4934,2021-12-10 09:12:32,516883,3441.485643386841
4935,2021-12-10 10:12:08,516883,3142.2297954559326
4936,2021-12-10 10:12:27,516883,3128.3481121063232
4937,2021-12-10 10:12:36,516883,3131.5910816192627
4938,2021-12-10 11:12:20,516883,3205.544948577881
4939,2021-12-10 11:12:56,516883,3126.7566680908203
4940,2021-12-10 12:12:05,516883,3441.7922496795654
4941,2021-12-10 01:12:12,516884,3139.2459869384766
4942,2021-12-10 01:12:37,516884,3150.2835750579834
4943,2021-12-10 02:12:03,516884,3165.7752990722656
4944,2021-12-10 11:12:01,516884,3136.7838382720947
4945,2021-12-10 01:12:14,516885,3201.406717300415
4946,2021-12-10 01:12:39,516885,3200.641393661499
4947,2021-12-10 02:12:11,516885,3160.8681678771973
4948,2021-12-10 03:12:09,516885,3156.4242839813232
4949,2021-12-10 02:12:35,516886,3112.1976375579834
4950,2021-12-10 03:12:17,516886,3142.491579055786
4951,2021-12-10 02:12:39,516887,3185.4195594787598
4952,2021-12-10 03:12:32,516887,3149.7302055358887
4953,2021-12-10 04:12:57,516887,3138.1561756134033
4954,2021-12-10 03:12:00,516888,3178.4934997558594
4955,2021-12-10 03:12:28,516888,3148.3309268951416
4956,2021-12-10 05:12:02,516888,3160.679817199707
4957,2021-12-10 06:12:24,516892,3373.905897140503
4958,2021-12-10 06:12:31,516892,3137.8276348114014
4959,2021-12-10 07:12:51,516892,3157.1478843688965
4960,2021-12-10 08:12:06,516892,3244.89688873291
4961,2021-12-10 08:12:24,516892,3175.7514476776123
4962,2021-12-10 08:12:42,516892,3143.4593200683594
4963,2021-12-10 08:12:59,516892,3144.24204826355
4964,2021-12-10 08:12:21,516893,3209.327459335327
4965,2021-12-10 08:12:36,516893,3194.6067810058594
4966,2021-12-10 09:12:55,516893,3146.351099014282
4967,2021-12-10 10:12:40,516893,3190.084934234619
4968,2021-12-10 11:12:40,516893,3157.397747039795
4969,2021-12-10 11:12:58,516893,3239.9203777313232
4970,2021-12-11 12:12:06,516893,3166.9468879699707
4971,2021-12-11 12:12:12,516893,3170.3317165374756
4972,2021-12-11 12:12:19,516893,3137.3960971832275
4973,2021-12-11 12:12:54,516893,3179.2826652526855
4974,2021-12-10 08:12:16,516894,3219.9032306671143
4975,2021-12-10 09:12:56,516894,3224.909782409668
4976,2021-12-10 08:12:18,516895,3155.8940410614014
4977,2021-12-10 08:12:22,516895,3144.8421478271484
4978,2021-12-10 09:12:30,516895,3151.1313915252686
4979,2021-12-10 10:12:26,516895,3164.570093154907
4980,2021-12-10 09:12:01,516896,3176.351547241211
4981,2021-12-10 09:12:59,516896,3164.597988128662
4982,2021-12-10 10:12:14,516896,3157.0394039154053
4983,2021-12-10 10:12:39,516896,3145.4877853393555
4984,2021-12-10 11:12:04,516896,3180.968761444092
4985,2021-12-10 11:12:30,516896,3131.8655014038086
4986,2021-12-10 10:12:45,516897,3166.187047958374
4987,2021-12-10 11:12:09,516897,3144.993543624878
4988,2021-12-10 11:12:35,516898,3150.9549617767334
4989,2021-12-10 11:12:46,516898,3238.14058303833
4990,2021-12-11 12:12:34,516898,3146.3794708251953
4991,2021-12-11 01:12:21,516900,3140.446186065674
4992,2021-12-11 12:12:04,516900,3168.473720550537
4993,2021-12-11 12:12:04,516900,3199.514150619507
4994,2021-12-11 02:12:59,516901,3239.70365524292
4995,2021-12-11 03:12:06,516901,3202.604293823242
4996,2021-12-11 12:12:41,516901,3139.1451358795166
4997,2021-12-11 03:12:29,516902,3233.915090560913
4998,2021-12-11 05:12:20,516902,3133.6772441864014
4999,2021-12-11 11:12:26,516909,3132.911205291748
5000,2021-12-11 12:12:07,516909,3180.7456016540527
5001,2021-12-12 01:12:03,516909,3122.3959922790527
5002,2021-12-12 01:12:31,516909,3153.60951423645
5003,2021-12-12 11:12:07,516909,3157.010793685913
5004,2021-12-12 12:12:27,516909,3144.1919803619385
5005,2021-12-12 04:12:01,516910,3117.5122261047363
5006,2021-12-12 05:12:28,516910,3167.2415733337402
5007,2021-12-12 06:12:04,516910,3149.632692337036
5008,2021-12-12 06:12:15,516910,3236.2616062164307
5009,2021-12-12 05:12:51,516911,3160.045623779297
5010,2021-12-12 06:12:41,516911,3172.027587890625
5011,2021-12-12 01:12:32,516912,3115.006685256958
5012,2021-12-12 02:12:28,516912,3147.081136703491
5013,2021-12-12 02:12:44,516912,3191.279649734497
5014,2021-12-12 12:12:27,516912,3209.1972827911377
5015,2021-12-13 04:12:44,516914,3127.880573272705
5016,2021-12-13 06:12:18,516915,3156.403064727783
5017,2021-12-13 06:12:29,516915,3125.0598430633545
5018,2021-12-13 06:12:37,516915,3151.214361190796
5019,2021-12-13 06:12:50,516915,3452.7156352996826
5020,2021-12-13 07:12:04,516915,3193.572998046875
5021,2021-12-13 07:12:22,516915,3150.5205631256104
5022,2021-12-13 07:12:39,516915,3173.0926036834717
5023,2021-12-13 08:12:19,516915,3158.8046550750732
5024,2021-12-13 08:12:44,516915,3215.7421112060547
5025,2021-12-13 08:12:48,516915,3167.116641998291
5026,2021-12-13 01:12:25,516916,3434.5011711120605
5027,2021-12-13 01:12:54,516916,3194.2899227142334
5028,2021-12-13 01:12:58,516916,3128.7143230438232
5029,2021-12-13 02:12:00,516916,3176.3482093811035
5030,2021-12-13 02:12:01,516916,3194.809913635254
5031,2021-12-13 02:12:13,516916,3120.3887462615967
5032,2021-12-13 02:12:19,516916,3150.956392288208
5033,2021-12-13 08:12:00,516916,3185.5618953704834
5034,2021-12-13 08:12:40,516916,3121.0968494415283
5035,2021-12-13 09:12:18,516916,3144.6964740753174
5036,2021-12-13 09:12:19,516916,3108.5896492004395
5037,2021-12-13 09:12:54,516916,3141.7675018310547
5038,2021-12-13 10:12:03,516916,3160.8409881591797
5039,2021-12-13 10:12:11,516916,3137.796640396118
5040,2021-12-13 10:12:13,516916,3439.9402141571045
5041,2021-12-13 11:12:12,516916,3176.9700050354004
5042,2021-12-13 11:12:39,516916,3115.941286087036
5043,2021-12-13 12:12:21,516916,3131.160259246826
5044,2021-12-13 12:12:40,516916,3134.52410697937
5045,2021-12-13 12:12:57,516916,3132.2479248046875
5046,2021-12-13 02:12:15,516917,3119.6670532226562
5047,2021-12-13 02:12:40,516917,3130.9802532196045
5048,2021-12-13 03:12:03,516917,3175.1482486724854
5049,2021-12-13 03:12:13,516917,3113.4727001190186
5050,2021-12-13 03:12:21,516917,3154.51717376709
5051,2021-12-13 03:12:24,516917,3125.666618347168
5052,2021-12-13 03:12:32,516917,3173.978805541992
5053,2021-12-13 03:12:38,516917,3128.9892196655273
5054,2021-12-13 03:12:57,516917,3113.1045818328857
5055,2021-12-13 04:12:01,516917,3232.2075366973877
5056,2021-12-13 04:12:11,516917,3217.3569202423096
5057,2021-12-13 04:12:20,516917,3166.2819385528564
5058,2021-12-13 04:12:50,516917,3192.8043365478516
5059,2021-12-13 05:12:12,516917,3210.332155227661
5060,2021-12-13 05:12:43,516917,3107.013463973999
5061,2021-12-13 05:12:15,516918,3504.2600631713867
5062,2021-12-13 06:12:50,516918,3175.708770751953
5063,2021-12-13 08:12:38,516921,3169.3994998931885
5064,2021-12-13 09:12:19,516921,3209.188461303711
5065,2021-12-13 08:12:27,516922,3171.9295978546143
5066,2021-12-13 08:12:55,516922,3361.0477447509766
5067,2021-12-13 09:12:28,516922,3190.716028213501
5068,2021-12-13 09:12:30,516922,3165.5893325805664
5069,2021-12-13 09:12:54,516922,3211.791753768921
5070,2021-12-13 10:12:00,516924,3247.591495513916
5071,2021-12-13 10:12:51,516924,3188.338041305542
5072,2021-12-13 11:12:30,516924,3197.8180408477783
5073,2021-12-13 11:12:55,516924,3174.57914352417
5074,2021-12-13 11:12:46,516925,3135.4362964630127
5075,2021-12-14 01:12:52,516925,3103.6624908447266
5076,2021-12-13 11:12:14,516926,3091.2041664123535
5077,2021-12-14 12:12:22,516926,3068.246603012085
5078,2021-12-14 01:12:09,516928,3218.425750732422
5079,2021-12-14 02:12:50,516928,3514.1983032226562
5080,2021-12-14 05:12:22,516936,3229.9511432647705
5081,2021-12-14 05:12:24,516936,3246.6683387756348
5082,2021-12-14 06:12:10,516936,3226.362943649292
5083,2021-12-14 07:12:36,516936,3227.290153503418
5084,2021-12-14 06:12:47,516937,3228.9247512817383
5085,2021-12-14 07:12:28,516937,3248.0664253234863
5086,2021-12-14 01:12:04,516939,3217.8380489349365
5087,2021-12-14 01:12:09,516939,3218.942880630493
5088,2021-12-14 01:12:11,516939,3220.0169563293457
5089,2021-12-14 01:12:23,516939,3276.0159969329834
5090,2021-12-14 02:12:05,516939,3230.555534362793
5091,2021-12-14 02:12:06,516939,3227.4723052978516
5092,2021-12-14 02:12:24,516939,3225.066900253296
5093,2021-12-14 02:12:47,516939,3253.000497817993
5094,2021-12-14 02:12:50,516939,3258.664846420288
5095,2021-12-14 07:12:59,516939,3249.852180480957
5096,2021-12-14 08:12:16,516939,3242.1481609344482
5097,2021-12-14 10:12:21,516939,3221.1692333221436
5098,2021-12-14 10:12:24,516939,3269.1872119903564
5099,2021-12-14 11:12:14,516939,3268.4848308563232
5100,2021-12-14 11:12:14,516939,3246.0885047912598
5101,2021-12-14 12:12:06,516939,3216.655731201172
5102,2021-12-14 12:12:16,516939,3242.2502040863037
5103,2021-12-14 12:12:21,516939,3239.412307739258
5104,2021-12-14 01:12:58,516940,3238.9132976531982
5105,2021-12-14 02:12:49,516940,3271.735429763794
5106,2021-12-14 03:12:06,516941,3295.5543994903564
5107,2021-12-14 03:12:13,516941,3237.743616104126
5108,2021-12-14 03:12:51,516941,3236.057758331299
5109,2021-12-14 04:12:33,516941,3211.1852169036865
5110,2021-12-14 04:12:50,516941,3201.2486457824707
5111,2021-12-14 03:12:04,516942,3228.33514213562
5112,2021-12-14 04:12:06,516942,3212.0251655578613
5113,2021-12-14 04:12:35,516942,3244.0025806427
5114,2021-12-14 04:12:43,516942,3203.4952640533447
5115,2021-12-14 04:12:44,516942,3218.1451320648193
5116,2021-12-14 05:12:06,516942,3233.314037322998
5117,2021-12-14 05:12:11,516942,3429.8973083496094
5118,2021-12-14 05:12:27,516942,3233.696460723877
5119,2021-12-14 05:12:56,516942,3431.781053543091
5120,2021-12-14 06:12:54,516942,3295.9113121032715
5121,2021-12-14 04:12:20,516944,3263.369560241699
5122,2021-12-14 05:12:03,516944,3307.664632797241
5123,2021-12-14 05:12:45,516944,3271.6405391693115
5124,2021-12-14 06:12:26,516944,3272.604465484619
5125,2021-12-14 06:12:16,516945,3230.9176921844482
5126,2021-12-14 07:12:57,516945,3226.839542388916
5127,2021-12-14 06:12:32,516946,3227.0636558532715
5128,2021-12-14 07:12:55,516946,3221.6849327087402
5129,2021-12-14 09:12:30,516949,3226.2563705444336
5130,2021-12-14 10:12:40,516950,3260.1237297058105
5131,2021-12-14 10:12:57,516950,3256.7529678344727
5132,2021-12-14 11:12:00,516950,3225.36039352417
5133,2021-12-15 01:12:32,516950,3202.6636600494385
5134,2021-12-15 01:12:34,516950,3200.944185256958
5135,2021-12-15 12:12:04,516950,3249.246597290039
5136,2021-12-14 11:12:58,516951,3272.5038528442383
5137,2021-12-15 12:12:32,516951,3211.965560913086
5138,2021-12-15 01:12:41,516954,3273.6775875091553
5139,2021-12-15 02:12:45,516954,3377.774238586426
5140,2021-12-15 04:12:01,516955,3222.433567047119
5141,2021-12-15 04:12:34,516955,3214.8807048797607
5142,2021-12-15 05:12:44,516955,3221.782445907593
5143,2021-12-15 05:12:56,516955,3258.3489418029785
5144,2021-12-15 06:12:07,516955,3226.5639305114746
5145,2021-12-15 06:12:13,516955,3218.090295791626
5146,2021-12-15 04:12:36,516956,3207.7903747558594
5147,2021-12-15 05:12:28,516956,3446.6989040374756
5148,2021-12-15 05:12:34,516956,3226.837396621704
5149,2021-12-15 05:12:53,516956,3249.4616508483887
5150,2021-12-15 06:12:38,516956,3284.113883972168
5151,2021-12-15 05:12:45,516957,3254.817008972168
5152,2021-12-15 06:12:54,516957,3225.667715072632
5153,2021-12-15 01:12:54,516959,3206.3663005828857
5154,2021-12-15 01:12:58,516959,3253.779172897339
5155,2021-12-15 02:12:39,516959,3204.899787902832
5156,2021-12-15 02:12:44,516959,3223.097801208496
5157,2021-12-15 10:12:03,516959,3264.4832134246826
5158,2021-12-15 10:12:52,516959,3204.1873931884766
5159,2021-12-15 11:12:08,516959,3167.4060821533203
5160,2021-12-15 11:12:15,516959,3209.7327709198
5161,2021-12-15 11:12:24,516959,3247.683048248291
5162,2021-12-15 11:12:46,516959,3254.028797149658
5163,2021-12-15 11:12:48,516959,3193.596124649048
5164,2021-12-15 12:12:05,516959,3268.5887813568115
5165,2021-12-15 12:12:09,516959,3146.7065811157227
5166,2021-12-15 12:12:10,516959,3167.872428894043
5167,2021-12-15 12:12:33,516959,3190.268039703369
5168,2021-12-15 12:12:38,516959,3240.1270866394043
5169,2021-12-15 12:12:47,516959,3234.483003616333
5170,2021-12-15 12:12:55,516959,3214.3681049346924
5171,2021-12-15 01:12:42,516961,3252.077102661133
5172,2021-12-15 02:12:34,516961,3215.010643005371
5173,2021-12-15 03:12:36,516964,3228.215217590332
5174,2021-12-15 03:12:37,516964,3266.5247917175293
5175,2021-12-15 04:12:18,516964,3275.6123542785645
5176,2021-12-15 04:12:24,516964,3234.205484390259
5177,2021-12-15 05:12:30,516964,3221.724271774292
5178,2021-12-15 05:12:36,516964,3243.5405254364014
5179,2021-12-15 05:12:45,516964,3216.2461280822754
5180,2021-12-15 05:12:50,516964,3262.328863143921
5181,2021-12-15 06:12:22,516964,3266.4947509765625
5182,2021-12-15 07:12:25,516964,3199.6164321899414
5183,2021-12-15 05:12:00,516965,3217.9954051971436
5184,2021-12-15 05:12:20,516965,3237.699508666992
5185,2021-12-15 06:12:25,516965,3238.217353820801
5186,2021-12-15 06:12:45,516965,3388.662338256836
5187,2021-12-15 07:12:02,516967,3172.762632369995
5188,2021-12-15 08:12:50,516967,3188.4806156158447
5189,2021-12-15 08:12:24,516969,3180.556535720825
5190,2021-12-15 08:12:30,516969,3130.0456523895264
5191,2021-12-15 08:12:40,516969,3174.6413707733154
5192,2021-12-15 09:12:11,516969,3161.2865924835205
5193,2021-12-15 08:12:51,516970,3182.910919189453
5194,2021-12-15 09:12:59,516970,3301.5542030334473
5195,2021-12-15 10:12:54,516970,3264.9011611938477
5196,2021-12-15 11:12:48,516970,3196.319818496704
5197,2021-12-16 12:12:23,516970,3198.923349380493
5198,2021-12-15 10:12:27,516972,3169.6157455444336
5199,2021-12-15 11:12:49,516972,3131.915330886841
5200,2021-12-16 02:12:26,516973,3166.2564277648926
5201,2021-12-16 02:12:42,516973,3175.5430698394775
5202,2021-12-16 02:12:49,516973,3284.9483489990234
5203,2021-12-16 12:12:43,516973,3172.6114749908447
5204,2021-12-16 04:12:40,516975,3200.556993484497
5205,2021-12-16 04:12:47,516975,3171.968698501587
5206,2021-12-16 05:12:21,516975,3139.8680210113525
5207,2021-12-16 05:12:32,516975,3135.6332302093506
5208,2021-12-16 05:12:37,516975,3178.5733699798584
5209,2021-12-16 06:12:33,516975,3179.617404937744
5210,2021-12-16 06:12:17,516976,3173.530340194702
5211,2021-12-16 07:12:51,516976,3136.7619037628174
5212,2021-12-16 09:12:47,516976,3148.587942123413
5213,2021-12-16 10:12:36,516976,3152.5111198425293
5214,2021-12-16 01:12:08,516978,3204.9479484558105
5215,2021-12-16 01:12:16,516978,3150.3677368164062
5216,2021-12-16 01:12:27,516978,3147.5605964660645
5217,2021-12-16 01:12:30,516978,3155.5662155151367
5218,2021-12-16 01:12:40,516978,3160.562515258789
5219,2021-12-16 01:12:48,516978,3162.994384765625
5220,2021-12-16 02:12:24,516978,3187.138080596924
5221,2021-12-16 03:12:41,516978,3218.1785106658936
5222,2021-12-16 11:12:13,516978,3162.278652191162
5223,2021-12-16 11:12:30,516978,3171.349287033081
5224,2021-12-16 12:12:15,516978,3184.40580368042
5225,2021-12-16 12:12:33,516978,3308.3932399749756
5226,2021-12-16 12:12:35,516978,3177.65212059021
5227,2021-12-16 12:12:35,516978,3163.003444671631
5228,2021-12-16 12:12:40,516978,3176.571846008301
5229,2021-12-16 12:12:42,516978,3186.0263347625732
5230,2021-12-16 12:12:56,516978,3399.355411529541
5231,2021-12-16 01:12:22,516980,3168.6973571777344
5232,2021-12-16 01:12:34,516980,3178.8463592529297
5233,2021-12-16 01:12:52,516980,3215.263843536377
5234,2021-12-16 02:12:26,516980,3157.1667194366455
5235,2021-12-16 02:12:26,516980,3184.582471847534
5236,2021-12-16 03:12:08,516980,3172.5761890411377
5237,2021-12-16 03:12:20,516980,3190.6542778015137
5238,2021-12-16 04:12:44,516980,3170.6058979034424
5239,2021-12-16 02:12:07,516982,3250.399112701416
5240,2021-12-16 02:12:29,516982,3157.7584743499756
5241,2021-12-16 03:12:07,516982,3198.2905864715576
5242,2021-12-16 03:12:43,516982,3170.766592025757
5243,2021-12-16 02:12:21,516983,3278.8710594177246
5244,2021-12-16 03:12:34,516983,3191.8466091156006
5245,2021-12-16 03:12:32,516984,3255.7966709136963
5246,2021-12-16 04:12:05,516985,3227.7019023895264
5247,2021-12-16 04:12:17,516985,3211.5955352783203
5248,2021-12-16 05:12:12,516986,3179.6905994415283
5249,2021-12-16 05:12:56,516987,3195.0881481170654
5250,2021-12-16 05:12:59,516987,3184.0689182281494
5251,2021-12-16 06:12:10,516987,3244.267463684082
5252,2021-12-16 06:12:44,516987,3164.555072784424
5253,2021-12-16 06:12:57,516987,3172.2490787506104
5254,2021-12-16 07:12:22,516987,3263.955593109131
5255,2021-12-16 09:12:34,516994,3208.3661556243896
5256,2021-12-16 10:12:23,516994,3153.273105621338
5257,2021-12-16 10:12:51,516996,3176.591157913208
5258,2021-12-16 10:12:58,516996,3196.6564655303955
5259,2021-12-16 11:12:24,516996,3234.376907348633
5260,2021-12-17 01:12:33,516998,3136.3883018493652
5261,2021-12-17 12:12:01,516998,3147.3939418792725
5262,2021-12-17 01:12:50,517000,3175.9932041168213
5263,2021-12-17 10:12:11,517000,3193.3326721191406
5264,2021-12-17 10:12:20,517000,3139.1026973724365
5265,2021-12-17 10:12:31,517000,3152.022123336792
5266,2021-12-17 04:12:10,517001,3157.1195125579834
5267,2021-12-17 04:12:11,517001,3153.367757797241
5268,2021-12-17 04:12:23,517001,3164.2541885375977
5269,2021-12-17 05:12:01,517001,3156.749486923218
5270,2021-12-17 05:12:26,517001,3143.3730125427246
5271,2021-12-17 05:12:41,517001,3146.836519241333
5272,2021-12-17 06:12:07,517001,3175.5330562591553
5273,2021-12-17 06:12:35,517001,3280.956268310547
5274,2021-12-17 07:12:56,517001,3135.5879306793213
5275,2021-12-17 08:12:11,517001,3183.124303817749
5276,2021-12-17 08:12:41,517001,3307.8389167785645
5277,2021-12-17 09:12:16,517001,3171.32830619812
5278,2021-12-17 09:12:22,517001,3152.1706581115723
5279,2021-12-17 09:12:50,517001,3156.526565551758
5280,2021-12-17 09:12:59,517001,3154.0675163269043
5281,2021-12-17 10:12:35,517001,3170.926332473755
5282,2021-12-17 10:12:46,517001,3201.793909072876
5283,2021-12-17 10:12:48,517001,3233.2653999328613
5284,2021-12-17 10:12:54,517001,3157.5961112976074
5285,2021-12-17 10:12:54,517001,3285.835027694702
5286,2021-12-17 10:12:56,517001,3167.180061340332
5287,2021-12-17 11:12:05,517001,3137.2389793395996
5288,2021-12-17 11:12:19,517001,3150.6130695343018
5289,2021-12-17 11:12:40,517001,3180.0496578216553
5290,2021-12-17 11:12:59,517001,3114.7425174713135
5291,2021-12-20 02:12:03,517001,3164.032459259033
5292,2021-12-20 02:12:12,517001,3148.822546005249
5293,2021-12-20 02:12:19,517001,3151.9291400909424
5294,2021-12-20 02:12:22,517001,3302.290201187134
5295,2021-12-17 11:12:27,517002,3157.5021743774414
5296,2021-12-17 12:12:13,517002,3155.299425125122
5297,2021-12-17 01:12:33,517003,3194.7717666625977
5298,2021-12-17 11:12:47,517003,3160.62068939209
5299,2021-12-17 01:12:22,517004,3154.148817062378
5300,2021-12-17 01:12:36,517004,3145.4718112945557
5301,2021-12-17 12:12:16,517004,3143.2909965515137
5302,2021-12-17 12:12:48,517004,3147.645950317383
5303,2021-12-17 01:12:06,517005,3171.5667247772217
5304,2021-12-17 01:12:07,517005,3149.752616882324
5305,2021-12-17 01:12:33,517005,3186.554193496704
5306,2021-12-17 02:12:10,517005,3189.0616416931152
5307,2021-12-17 02:12:44,517005,3168.3435440063477
5308,2021-12-17 12:12:54,517005,3154.3478965759277
5309,2021-12-17 02:12:18,517008,3163.194417953491
5310,2021-12-17 02:12:37,517008,3160.9201431274414
5311,2021-12-17 03:12:20,517008,3145.977735519409
5312,2021-12-17 04:12:00,517008,3190.152168273926
5313,2021-12-17 03:12:56,517009,3173.908233642578
5314,2021-12-17 04:12:26,517009,3172.222137451172
5315,2021-12-17 05:12:04,517011,3138.3705139160156
5316,2021-12-17 06:12:18,517011,3128.034830093384
5317,2021-12-17 06:12:49,517012,3294.379949569702
5318,2021-12-17 07:12:50,517012,3310.2681636810303
5319,2021-12-17 08:12:01,517012,3225.5606651306152
5320,2021-12-17 07:12:16,517013,3254.3742656707764
5321,2021-12-17 09:12:32,517013,3325.556993484497
5322,2021-12-17 07:12:01,517014,3263.617515563965
5323,2021-12-17 10:12:21,517014,3250.124931335449
5324,2021-12-17 11:12:47,517016,3196.0599422454834
5325,2021-12-18 12:12:35,517016,3187.347173690796
5326,2021-12-17 11:12:16,517017,3198.5960006713867
5327,2021-12-18 01:12:22,517017,3211.2133502960205
5328,2021-12-18 01:12:25,517017,3196.913480758667
5329,2021-12-18 01:12:44,517017,3359.199047088623
5330,2021-12-18 02:12:09,517017,3186.5198612213135
5331,2021-12-18 03:12:28,517017,3233.4659099578857
5332,2021-12-18 03:12:46,517017,3230.320930480957
5333,2021-12-18 12:12:01,517017,3199.2411613464355
5334,2021-12-18 12:12:21,517017,3248.2821941375732
5335,2021-12-18 12:12:58,517017,3185.7476234436035
5336,2021-12-18 01:12:27,517019,3217.658758163452
5337,2021-12-18 02:12:12,517019,3191.612482070923
5338,2021-12-18 02:12:24,517019,3433.7217807769775
5339,2021-12-18 02:12:34,517019,3186.6185665130615
5340,2021-12-18 03:12:00,517019,3224.4622707366943
5341,2021-12-18 03:12:44,517019,3198.428153991699
5342,2021-12-18 04:12:01,517019,3208.0013751983643
5343,2021-12-18 05:12:11,517019,3193.010091781616
5344,2021-12-18 05:12:59,517019,3229.8927307128906
5345,2021-12-18 06:12:26,517023,3183.9444637298584
5346,2021-12-18 07:12:57,517023,3356.5104007720947
5347,2021-12-18 02:12:25,517025,3234.161138534546
5348,2021-12-18 03:12:41,517025,3198.5881328582764
5349,2021-12-18 04:12:02,517025,3141.690492630005
5350,2021-12-18 04:12:06,517025,3154.90984916687
5351,2021-12-18 06:12:04,517025,3176.254987716675
5352,2021-12-18 06:12:59,517025,3501.9943714141846
5353,2021-12-18 07:12:08,517025,3193.7475204467773
5354,2021-12-19 01:12:34,517025,3199.9709606170654
5355,2021-12-19 02:12:06,517025,3165.6241416931152
5356,2021-12-19 04:12:36,517025,3200.9050846099854
5357,2021-12-19 05:12:10,517025,3299.6230125427246
5358,2021-12-19 06:12:30,517025,3201.9033432006836
5359,2021-12-19 06:12:51,517025,3231.049060821533
5360,2021-12-19 04:12:20,517031,3205.8353424072266
5361,2021-12-19 05:12:39,517031,3399.5888233184814
5362,2021-12-20 04:12:19,517031,3184.7925186157227
5363,2021-12-20 04:12:59,517031,3217.992067337036
5364,2021-12-20 05:12:29,517031,3278.4042358398438
5365,2021-12-20 05:12:42,517031,3231.4000129699707
5366,2021-12-20 05:12:45,517031,3274.3172645568848
5367,2021-12-20 06:12:34,517031,3283.940553665161
5368,2021-12-20 06:12:46,517031,3230.578899383545
5369,2021-12-20 06:12:53,517031,3197.000503540039
5370,2021-12-20 07:12:25,517031,3218.708276748657
5371,2021-12-20 08:12:23,517031,3212.055206298828
5372,2021-12-20 09:12:53,517031,3190.4780864715576
5373,2021-12-20 02:12:00,517033,3547.9061603546143
5374,2021-12-20 02:12:07,517033,3238.459825515747
5375,2021-12-20 02:12:30,517033,3242.8083419799805
5376,2021-12-20 02:12:45,517033,3248.7893104553223
5377,2021-12-20 10:12:36,517033,3213.291645050049
5378,2021-12-20 10:12:58,517033,3228.4438610076904
5379,2021-12-20 11:12:28,517033,3168.469190597534
5380,2021-12-20 11:12:59,517033,3202.256441116333
5381,2021-12-20 12:12:36,517033,3248.0528354644775
5382,2021-12-20 12:12:42,517033,3236.386775970459
5383,2021-12-20 12:12:56,517033,3225.240468978882
5384,2021-12-20 12:12:57,517033,3212.5532627105713
5385,2021-12-20 01:12:28,517034,3222.548246383667
5386,2021-12-20 01:12:33,517034,3183.560848236084
5387,2021-12-20 02:12:29,517034,3279.8562049865723
5388,2021-12-20 02:12:33,517034,3164.5867824554443
5389,2021-12-20 02:12:37,517034,3185.7962608337402
5390,2021-12-20 02:12:54,517034,3236.1207008361816
5391,2021-12-20 12:12:29,517034,3352.8876304626465
5392,2021-12-20 12:12:50,517034,3210.8511924743652
5393,2021-12-20 06:12:37,517035,3247.0853328704834
5394,2021-12-20 01:12:01,517036,3250.3607273101807
5395,2021-12-20 01:12:05,517036,3222.8784561157227
5396,2021-12-20 01:12:56,517036,3220.536470413208
5397,2021-12-20 02:12:10,517036,3252.912759780884
5398,2021-12-20 02:12:30,517036,3191.5571689605713
5399,2021-12-20 02:12:42,517036,3230.468988418579
5400,2021-12-20 02:12:45,517036,3194.7736740112305
5401,2021-12-20 03:12:01,517036,3219.8164463043213
5402,2021-12-20 03:12:21,517036,3248.702049255371
5403,2021-12-20 03:12:52,517036,3210.1523876190186
5404,2021-12-20 03:12:53,517036,3203.083038330078
5405,2021-12-20 03:12:55,517036,3208.604097366333
5406,2021-12-20 04:12:35,517036,3229.706048965454
5407,2021-12-20 04:12:39,517036,3221.484422683716
5408,2021-12-20 04:12:39,517036,3182.85870552063
5409,2021-12-20 04:12:54,517037,3231.2114238739014
5410,2021-12-20 06:12:08,517037,3200.6523609161377
5411,2021-12-20 04:12:25,517038,3271.9333171844482
5412,2021-12-20 05:12:29,517038,3214.1032218933105
5413,2021-12-20 06:12:08,517038,3355.3740978240967
5414,2021-12-20 06:12:18,517038,3240.454912185669
5415,2021-12-20 07:12:19,517038,3222.1121788024902
5416,2021-12-20 07:12:22,517038,3229.752779006958
5417,2021-12-20 07:12:40,517038,3192.1515464782715
5418,2021-12-20 08:12:36,517038,3227.285146713257
5419,2021-12-20 08:12:51,517038,3207.9122066497803
5420,2021-12-20 06:12:10,517040,3212.1009826660156
5421,2021-12-20 07:12:11,517040,3215.0440216064453
5422,2021-12-20 08:12:15,517040,3257.622480392456
5423,2021-12-20 07:12:21,517041,3237.2660636901855
5424,2021-12-20 07:12:48,517041,3277.933359146118
5425,2021-12-20 08:12:39,517041,3233.4914207458496
5426,2021-12-20 08:12:50,517041,3245.307683944702
5427,2021-12-20 08:12:02,517042,3167.8683757781982
5428,2021-12-20 09:12:40,517042,3207.5605392456055
5429,2021-12-21 05:12:22,517042,3210.8309268951416
5430,2021-12-21 01:12:13,517043,3161.0872745513916
5431,2021-12-21 02:12:07,517043,3151.263952255249
5432,2021-12-21 03:12:33,517043,3182.347297668457
5433,2021-12-21 04:12:14,517043,3184.6323013305664
5434,2021-12-21 04:12:46,517043,3163.161277770996
5435,2021-12-21 05:12:03,517043,3187.2951984405518
5436,2021-12-21 05:12:38,517043,3152.040958404541
5437,2021-12-21 06:12:12,517043,3188.08650970459
5438,2021-12-21 07:12:15,517043,3180.601119995117
5439,2021-12-21 07:12:57,517043,3180.8061599731445
5440,2021-12-21 08:12:04,517043,3189.763307571411
5441,2021-12-21 12:12:59,517043,3206.179141998291
5442,2021-12-21 01:12:57,517046,3211.2784385681152
5443,2021-12-21 09:12:18,517046,3203.0060291290283
5444,2021-12-21 10:12:18,517046,3183.5782527923584
5445,2021-12-21 10:12:40,517046,3251.699447631836
5446,2021-12-21 12:12:46,517046,3232.931137084961
5447,2021-12-21 01:12:21,517049,3153.324842453003
5448,2021-12-21 12:12:38,517049,3176.569700241089
5449,2021-12-21 12:12:56,517049,3179.2526245117188
5450,2021-12-21 01:12:30,517051,3294.7423458099365
5451,2021-12-21 02:12:35,517051,3173.9306449890137
5452,2021-12-21 03:12:01,517051,3175.9819984436035
5453,2021-12-21 03:12:51,517051,3144.86026763916
5454,2021-12-21 04:12:09,517051,3326.5819549560547
5455,2021-12-21 05:12:01,517051,3183.398485183716
5456,2021-12-21 05:12:04,517051,3160.844326019287
5457,2021-12-21 05:12:17,517051,3140.6657695770264
5458,2021-12-21 05:12:20,517051,3147.510766983032
5459,2021-12-21 02:12:07,517052,3233.368158340454
5460,2021-12-21 03:12:03,517052,3196.910619735718
5461,2021-12-21 03:12:21,517052,3183.013916015625
5462,2021-12-21 03:12:25,517052,3180.2220344543457
5463,2021-12-21 03:12:35,517052,3162.7349853515625
5464,2021-12-21 03:12:19,517053,3139.655351638794
5465,2021-12-21 03:12:33,517053,3140.3565406799316
5466,2021-12-21 03:12:40,517053,3125.473737716675
5467,2021-12-21 04:12:14,517053,3165.820598602295
5468,2021-12-21 04:12:19,517053,3160.266876220703
5469,2021-12-21 04:12:22,517053,3197.93438911438
5470,2021-12-21 04:12:40,517053,3215.247631072998
5471,2021-12-21 05:12:16,517053,3267.293691635132
5472,2021-12-21 05:12:33,517053,3169.349193572998
5473,2021-12-21 05:12:21,517056,3157.989501953125
5474,2021-12-21 05:12:32,517056,3211.8868827819824
5475,2021-12-21 06:12:38,517056,3201.145648956299
5476,2021-12-21 05:12:19,517058,3128.9384365081787
5477,2021-12-21 05:12:08,517061,3161.865711212158
5478,2021-12-21 05:12:56,517061,3153.3825397491455
5479,2021-12-21 06:12:06,517061,3182.4893951416016
5480,2021-12-21 06:12:20,517061,3431.379795074463
5481,2021-12-21 06:12:25,517061,3130.0785541534424
5482,2021-12-21 07:12:39,517061,3173.2826232910156
5483,2021-12-21 07:12:40,517061,3187.1232986450195
5484,2021-12-21 07:12:55,517061,3154.4179916381836
5485,2021-12-21 08:12:16,517061,3171.4558601379395
5486,2021-12-21 08:12:21,517061,3153.2156467437744
5487,2021-12-21 08:12:42,517063,3314.6817684173584
5488,2021-12-21 10:12:34,517063,3165.8289432525635
5489,2021-12-21 09:12:50,517064,3241.333246231079
5490,2021-12-21 09:12:24,517065,3149.5509147644043
5491,2021-12-21 09:12:41,517065,3151.296377182007
5492,2021-12-21 10:12:44,517065,3124.77707862854
5493,2021-12-21 10:12:40,517066,3129.0485858917236
5494,2021-12-21 10:12:43,517069,3139.708995819092
5495,2021-12-22 01:12:00,517069,3194.720983505249
5496,2021-12-21 10:12:09,517070,3122.255563735962
5497,2021-12-22 01:12:20,517070,3297.2471714019775
5498,2021-12-22 04:12:59,517074,3173.661470413208
5499,2021-12-22 06:12:08,517075,3175.536870956421
5500,2021-12-22 06:12:08,517075,3161.5264415740967
5501,2021-12-22 07:12:33,517075,3159.339189529419
5502,2021-12-22 06:12:40,517076,3190.746784210205
5503,2021-12-22 06:12:47,517076,3162.729263305664
5504,2021-12-22 07:12:29,517076,3148.347854614258
5505,2021-12-22 08:12:10,517076,3321.580171585083
5506,2021-12-22 08:12:57,517076,3173.7306118011475
5507,2021-12-22 09:12:38,517076,3143.1806087493896
5508,2021-12-22 11:12:43,517076,3164.036512374878
5509,2021-12-22 12:12:03,517076,3136.446237564087
5510,2021-12-22 11:12:16,517077,3157.550096511841
5511,2021-12-22 05:12:19,517085,3169.8076725006104
5512,2021-12-22 05:12:35,517085,3245.374917984009
5513,2021-12-22 06:12:10,517086,3176.706552505493
5514,2021-12-22 06:12:32,517086,3197.3447799682617
5515,2021-12-22 07:12:12,517086,3177.723169326782
5516,2021-12-22 07:12:29,517086,3198.812961578369
5517,2021-12-22 07:12:10,517087,3183.5639476776123
5518,2021-12-22 07:12:27,517087,3189.2545223236084
5519,2021-12-22 07:12:41,517087,3177.196979522705
5520,2021-12-22 08:12:02,517087,3205.9712409973145
5521,2021-12-22 08:12:33,517087,3196.5630054473877
5522,2021-12-22 09:12:23,517087,3207.5483798980713
5523,2021-12-22 09:12:48,517087,3178.99751663208
5524,2021-12-22 08:12:20,517089,3177.6957511901855
5525,2021-12-22 08:12:39,517089,3191.777467727661
5526,2021-12-22 09:12:18,517089,3204.437732696533
5527,2021-12-22 09:12:23,517089,3206.5627574920654
5528,2021-12-22 09:12:38,517089,3213.345766067505
5529,2021-12-22 09:12:58,517089,3194.197654724121
5530,2021-12-22 10:12:01,517089,3212.8279209136963
5531,2021-12-22 10:12:15,517089,3219.4550037384033
5532,2021-12-22 10:12:37,517089,3210.3397846221924
5533,2021-12-22 10:12:42,517089,3217.660427093506
5534,2021-12-22 10:12:51,517089,3331.170082092285
5535,2021-12-22 10:12:58,517089,3184.447765350342
5536,2021-12-22 11:12:09,517089,3183.796167373657
5537,2021-12-22 11:12:19,517089,3169.602870941162
5538,2021-12-22 11:12:22,517089,3173.3055114746094
5539,2021-12-22 11:12:41,517089,3189.516067504883
5540,2021-12-22 11:12:58,517089,3215.5463695526123
5541,2021-12-23 12:12:27,517089,3221.8925952911377
5542,2021-12-23 12:12:36,517089,3211.1639976501465
5543,2021-12-22 11:12:56,517090,3183.0062866210938
5544,2021-12-23 01:12:50,517090,3176.2259006500244
5545,2021-12-23 02:12:15,517093,3194.200038909912
5546,2021-12-23 03:12:11,517093,3205.601215362549
5547,2021-12-23 03:12:35,517093,3220.8292484283447
5548,2021-12-23 04:12:54,517093,3177.5386333465576
5549,2021-12-23 05:12:17,517093,3271.834373474121
5550,2021-12-23 05:12:59,517093,3194.817543029785
5551,2021-12-23 04:12:16,517095,3199.796438217163
5552,2021-12-23 05:12:06,517095,3213.7887477874756
5553,2021-12-23 05:12:07,517099,3191.334009170532
5554,2021-12-23 06:12:19,517099,3195.486545562744
5555,2021-12-23 06:12:32,517099,3195.996046066284
5556,2021-12-23 06:12:44,517099,3178.4722805023193
5557,2021-12-23 07:12:10,517099,3200.645685195923
5558,2021-12-23 07:12:29,517099,3147.1526622772217
5559,2021-12-23 08:12:38,517099,3195.8045959472656
5560,2021-12-23 08:12:40,517099,3202.307939529419
5561,2021-12-23 08:12:26,517100,3185.828685760498
5562,2021-12-23 10:12:29,517100,3280.064582824707
5563,2021-12-23 10:12:30,517100,3216.2861824035645
5564,2021-12-23 10:12:46,517100,3171.576976776123
5565,2021-12-23 09:12:03,517101,3185.1954460144043
5566,2021-12-23 10:12:56,517101,3182.335615158081
5567,2021-12-23 09:12:54,517102,3188.441753387451
5568,2021-12-23 10:12:24,517102,3155.9338569641113
5569,2021-12-23 10:12:46,517103,3186.5885257720947
5570,2021-12-23 11:12:22,517103,3164.846181869507
5571,2021-12-23 11:12:26,517103,3191.3328170776367
5572,2021-12-23 11:12:17,517104,3211.2903594970703
5573,2021-12-23 11:12:26,517104,3162.245988845825
5574,2021-12-23 12:12:59,517104,3175.553560256958
5575,2021-12-23 11:12:11,517105,3213.4523391723633
5576,2021-12-23 01:12:05,517106,3188.4825229644775
5577,2021-12-23 01:12:07,517106,3187.150716781616
5578,2021-12-23 01:12:32,517106,3207.273244857788
5579,2021-12-23 02:12:45,517106,3186.631202697754
5580,2021-12-23 02:12:53,517106,3208.3802223205566
5581,2021-12-23 12:12:39,517106,3171.830892562866
5582,2021-12-23 03:12:32,517108,3167.7725315093994
5583,2021-12-23 04:12:22,517108,3171.405076980591
5584,2021-12-23 04:12:16,517111,3188.540458679199
5585,2021-12-23 05:12:47,517111,3318.4285163879395
5586,2021-12-23 04:12:00,517112,3201.169490814209
5587,2021-12-23 05:12:25,517112,3254.786252975464
5588,2021-12-23 05:12:56,517112,3127.9959678649902
5589,2021-12-23 06:12:36,517112,3189.250707626343
5590,2021-12-23 05:12:49,517113,3163.095235824585
5591,2021-12-23 06:12:23,517113,3271.300792694092
5592,2021-12-23 07:12:08,517113,3176.4092445373535
5593,2021-12-23 07:12:50,517113,3169.7559356689453
5594,2021-12-23 05:12:02,517114,3177.0901679992676
5595,2021-12-23 06:12:06,517114,3152.4322032928467
5596,2021-12-23 08:12:44,517117,3182.614326477051
5597,2021-12-23 09:12:16,517117,3153.944969177246
5598,2021-12-23 09:12:18,517117,3208.2784175872803
5599,2021-12-23 09:12:20,517117,3166.1717891693115
5600,2021-12-23 10:12:01,517119,3148.164749145508
5601,2021-12-23 10:12:09,517119,3150.1388549804688
5602,2021-12-23 10:12:45,517119,3150.3477096557617
5603,2021-12-23 11:12:47,517119,3144.6452140808105
5604,2021-12-23 11:12:47,517119,3204.874038696289
5605,2021-12-24 12:12:05,517119,3166.229486465454
5606,2021-12-24 12:12:06,517119,3140.6936645507812
5607,2021-12-24 12:12:06,517119,3130.798816680908
5608,2021-12-24 12:12:21,517119,3148.5331058502197
5609,2021-12-24 12:12:43,517119,3166.837453842163
5610,2021-12-24 01:12:29,517122,3183.4096908569336
5611,2021-12-24 03:12:05,517122,3181.0550689697266
5612,2021-12-24 03:12:06,517122,3184.2145919799805
5613,2021-12-24 04:12:26,517122,3148.030996322632
5614,2021-12-24 04:12:58,517122,3339.0393257141113
5615,2021-12-24 05:12:36,517122,3165.492534637451
5616,2021-12-24 03:12:38,517123,3123.3201026916504
5617,2021-12-24 03:12:55,517123,3173.6690998077393
5618,2021-12-24 04:12:21,517123,3153.585195541382
5619,2021-12-24 04:12:52,517123,3127.430200576782
5620,2021-12-24 04:12:54,517123,3184.589147567749
5621,2021-12-24 04:12:58,517123,3178.7872314453125
5622,2021-12-24 05:12:17,517123,3155.402660369873
5623,2021-12-24 05:12:26,517123,3159.1079235076904
5624,2021-12-24 05:12:26,517123,3191.661596298218
5625,2021-12-24 06:12:07,517123,3146.217107772827
5626,2021-12-24 06:12:09,517123,3149.345874786377
5627,2021-12-24 06:12:31,517123,3135.692596435547
5628,2021-12-24 07:12:04,517123,3156.1107635498047
5629,2021-12-24 08:12:23,517126,3170.1197624206543
5630,2021-12-24 10:12:19,517127,3133.2948207855225
5631,2021-12-24 11:12:01,517127,3160.59947013855
5632,2021-12-24 10:12:20,517128,3155.5960178375244
5633,2021-12-24 11:12:58,517131,3146.444797515869
5634,2021-12-24 12:12:19,517133,3306.0479164123535
5635,2021-12-24 07:12:23,517134,3141.507387161255
5636,2021-12-24 07:12:43,517134,3153.0520915985107
5637,2021-12-24 11:12:59,517134,3150.148391723633
5638,2021-12-25 10:12:25,517134,3167.823553085327
5639,2021-12-25 11:12:17,517134,3148.7908363342285
5640,2021-12-26 01:12:49,517134,3199.5980739593506
5641,2021-12-26 04:12:17,517134,3203.7353515625
5642,2021-12-26 05:12:00,517134,3305.9160709381104
5643,2021-12-26 12:12:39,517134,3472.425699234009
5644,2021-12-27 04:12:42,517135,3404.780149459839
5645,2021-12-27 05:12:10,517135,3142.2877311706543
5646,2021-12-27 08:12:24,517137,3128.3297538757324
5647,2021-12-27 09:12:02,517137,3187.8063678741455
5648,2021-12-27 09:12:06,517137,3269.082546234131
5649,2021-12-27 09:12:47,517137,3153.1331539154053
5650,2021-12-27 10:12:13,517137,3169.241189956665
5651,2021-12-27 11:12:54,517137,3158.9343547821045
5652,2021-12-27 01:12:03,517138,3139.4124031066895
5653,2021-12-27 01:12:10,517138,3174.0427017211914
5654,2021-12-27 01:12:12,517138,3138.869047164917
5655,2021-12-27 01:12:44,517138,3164.4322872161865
5656,2021-12-27 01:12:58,517138,3171.722888946533
5657,2021-12-27 02:12:06,517138,3171.4906692504883
5658,2021-12-27 02:12:21,517138,3166.203498840332
5659,2021-12-27 02:12:34,517138,3147.0987796783447
5660,2021-12-27 02:12:37,517138,3318.345546722412
5661,2021-12-27 02:12:39,517138,3099.776268005371
5662,2021-12-27 02:12:57,517138,3147.226572036743
5663,2021-12-27 02:12:59,517138,3126.235008239746
5664,2021-12-27 03:12:04,517138,3076.0297775268555
5665,2021-12-27 03:12:36,517138,3160.1157188415527
5666,2021-12-27 03:12:55,517138,3344.1319465637207
5667,2021-12-27 03:12:57,517138,3243.5050010681152
5668,2021-12-27 03:12:58,517138,3173.4414100646973
5669,2021-12-27 04:12:07,517138,3150.1221656799316
5670,2021-12-27 04:12:50,517138,3187.8020763397217
5671,2021-12-27 04:12:59,517138,3131.563663482666
5672,2021-12-27 05:12:27,517138,3134.9122524261475
5673,2021-12-27 06:12:51,517138,3193.862199783325
5674,2021-12-27 10:12:01,517138,3171.8833446502686
5675,2021-12-27 11:12:36,517138,3158.975124359131
5676,2021-12-27 11:12:46,517138,3184.492349624634
5677,2021-12-27 11:12:59,517138,3155.815601348877
5678,2021-12-27 12:12:18,517138,3169.987201690674
5679,2021-12-27 12:12:49,517138,3171.0591316223145
5680,2021-12-27 04:12:03,517140,3141.6356563568115
5681,2021-12-27 05:12:56,517140,3134.3140602111816
5682,2021-12-27 06:12:12,517140,3119.4303035736084
5683,2021-12-27 06:12:40,517140,3123.35467338562
5684,2021-12-27 07:12:00,517144,3168.724536895752
5685,2021-12-27 07:12:35,517144,3170.593738555908
5686,2021-12-27 08:12:02,517144,3135.038137435913
5687,2021-12-27 08:12:29,517144,3161.5772247314453
5688,2021-12-27 08:12:38,517144,3169.628858566284
5689,2021-12-27 08:12:46,517144,3119.032859802246
5690,2021-12-27 07:12:57,517145,3194.7531700134277
5691,2021-12-27 09:12:14,517145,3165.367364883423
5692,2021-12-27 11:12:52,517148,3166.201114654541
5693,2021-12-28 01:12:43,517148,3133.469343185425
5694,2021-12-28 04:12:51,517149,3148.383855819702
5695,2021-12-28 06:12:02,517149,3157.8502655029297
5696,2021-12-28 06:12:23,517149,3188.373804092407
5697,2021-12-28 06:12:44,517149,3166.66841506958
5698,2021-12-28 07:12:29,517149,3153.092622756958
5699,2021-12-28 08:12:10,517149,3149.824380874634
5700,2021-12-28 08:12:17,517149,3163.5868549346924
5701,2021-12-28 09:12:16,517149,3167.207717895508
5702,2021-12-28 09:12:20,517149,3264.268159866333
5703,2021-12-28 08:12:04,517150,3155.409097671509
5704,2021-12-28 08:12:29,517150,3165.5490398406982
5705,2021-12-28 09:12:34,517150,3169.1930294036865
5706,2021-12-28 10:12:06,517150,3161.2415313720703
5707,2021-12-28 10:12:54,517150,3157.463550567627
5708,2021-12-28 10:12:56,517150,3141.5603160858154
5709,2021-12-28 11:12:07,517150,3155.405044555664
5710,2021-12-28 12:12:15,517150,3168.476104736328
5711,2021-12-28 12:12:19,517150,3145.233392715454
5712,2021-12-28 01:12:40,517151,3138.093948364258
5713,2021-12-28 02:12:07,517151,3153.7108421325684
5714,2021-12-28 02:12:38,517151,3146.6965675354004
5715,2021-12-28 12:12:01,517151,3159.58571434021
5716,2021-12-28 12:12:51,517151,3177.0071983337402
5717,2021-12-28 02:12:34,517152,3161.5207195281982
5718,2021-12-28 02:12:50,517152,3183.994770050049
5719,2021-12-28 03:12:21,517152,3152.756452560425
5720,2021-12-28 03:12:35,517152,3124.12428855896
5721,2021-12-28 05:12:19,517152,3170.0832843780518
5722,2021-12-28 05:12:24,517152,3200.404644012451
5723,2021-12-28 05:12:47,517152,3182.911157608032
5724,2021-12-28 03:12:53,517153,3151.6547203063965
5725,2021-12-28 03:12:56,517153,3166.738510131836
5726,2021-12-28 04:12:05,517153,3352.4956703186035
5727,2021-12-28 05:12:04,517153,3179.1629791259766
5728,2021-12-28 05:12:20,517153,3176.541805267334
5729,2021-12-28 05:12:26,517153,3162.9676818847656
5730,2021-12-28 05:12:32,517153,3128.9823055267334
5731,2021-12-28 08:12:20,517153,3143.5744762420654
5732,2021-12-28 09:12:50,517153,3139.6093368530273
5733,2021-12-28 09:12:58,517153,3176.345109939575
5734,2021-12-28 08:12:55,517155,3152.1761417388916
5735,2021-12-28 09:12:02,517155,3156.683921813965
5736,2021-12-28 09:12:44,517155,3144.0680027008057
5737,2021-12-28 10:12:52,517155,3156.6145420074463
5738,2021-12-28 11:12:06,517157,3366.1093711853027
5739,2021-12-29 05:12:17,517158,3133.575677871704
5740,2021-12-29 05:12:22,517158,3160.4397296905518
5741,2021-12-29 05:12:42,517158,3146.653175354004
5742,2021-12-29 06:12:47,517158,3128.072500228882
5743,2021-12-29 06:12:53,517158,3129.8623085021973
5744,2021-12-29 06:12:43,517160,3164.900541305542
5745,2021-12-29 06:12:56,517160,3189.5556449890137
5746,2021-12-29 07:12:57,517160,3152.296781539917
5747,2021-12-29 08:12:15,517160,3171.222448348999
5748,2021-12-29 09:12:24,517160,3139.8098468780518
5749,2021-12-29 10:12:29,517160,3164.886474609375
5750,2021-12-29 12:12:28,517163,3188.222646713257
5751,2021-12-29 01:12:00,517164,3174.3266582489014
5752,2021-12-29 01:12:13,517164,3158.4157943725586
5753,2021-12-29 01:12:33,517164,3183.389186859131
5754,2021-12-29 02:12:03,517164,3142.3840522766113
5755,2021-12-29 12:12:46,517164,3185.960292816162
5756,2021-12-29 05:12:21,517165,3186.9237422943115
5757,2021-12-29 08:12:58,517166,3176.704168319702
5758,2021-12-29 09:12:15,517166,3182.957172393799
5759,2021-12-29 10:12:24,517166,3177.919864654541
5760,2021-12-30 01:12:26,517167,3171.239137649536
5761,2021-12-30 01:12:53,517167,3153.482437133789
5762,2021-12-30 02:12:31,517167,3148.8397121429443
5763,2021-12-30 02:12:39,517167,3145.214080810547
5764,2021-12-30 04:12:16,517167,3251.3999938964844
5765,2021-12-30 05:12:02,517167,3194.021224975586
5766,2021-12-30 05:12:13,517167,3177.499532699585
5767,2021-12-30 06:12:10,517167,3149.0790843963623
5768,2021-12-30 07:12:20,517167,3132.8213214874268
5769,2021-12-30 08:12:35,517167,3214.9786949157715
5770,2021-12-30 08:12:35,517167,3143.6965465545654
5771,2021-12-30 10:12:59,517167,3163.3145809173584
5772,2021-12-30 12:12:02,517167,3162.9202365875244
5773,2021-12-30 02:12:13,517170,3173.163652420044
5774,2021-12-30 02:12:36,517170,3173.475980758667
5775,2021-12-30 03:12:26,517170,3532.536506652832
5776,2021-12-30 03:12:32,517170,3177.5527000427246
5777,2021-12-30 03:12:40,517170,3445.488452911377
5778,2021-12-30 04:12:53,517170,3174.5595932006836
5779,2021-12-30 05:12:36,517170,3158.940553665161
5780,2021-12-30 05:12:37,517170,3156.895875930786
5781,2021-12-30 07:12:16,517170,3156.323194503784
5782,2021-12-30 11:12:56,517172,3190.816640853882
5783,2021-12-31 03:12:14,517172,3156.6290855407715
5784,2021-12-31 06:12:09,517172,3167.2956943511963
5785,2021-12-31 06:12:26,517174,3155.1718711853027
5786,2021-12-31 06:12:58,517175,3166.285514831543
5787,2021-12-31 07:12:56,517175,3163.8731956481934
5788,2021-12-31 10:12:19,517178,3115.722179412842
5789,2021-12-31 04:12:46,517180,3202.648162841797
5790,2021-12-31 05:12:15,517180,3167.130947113037
5791,2021-12-31 08:12:32,517180,3130.646228790283
5792,2022-01-01 05:01:38,517180,3172.0330715179443
5793,2022-01-01 06:01:27,517180,3141.6807174682617
5794,2022-01-01 09:01:33,517180,3158.9949131011963
5795,2022-01-01 11:01:38,517180,3137.5961303710938
5796,2022-01-01 12:01:54,517180,3164.175510406494
5797,2022-01-02 05:01:15,517180,3204.9105167388916
5798,2022-01-02 05:01:18,517180,3116.851806640625
5799,2022-01-03 04:01:35,517180,3141.1125659942627
5800,2022-01-03 05:01:44,517180,3355.4584980010986
5801,2022-01-03 06:01:43,517180,3233.842134475708
5802,2022-01-03 07:01:12,517180,3167.7215099334717
5803,2022-01-03 08:01:33,517180,3127.426862716675
5804,2022-01-03 09:01:13,517180,3148.294687271118
5805,2022-01-03 09:01:25,517180,3143.0506706237793
5806,2022-01-03 10:01:10,517180,3147.1824645996094
5807,2022-01-03 10:01:46,517180,3120.8062171936035
5808,2022-01-03 10:01:56,517180,3151.216506958008
5809,2022-01-03 11:01:08,517180,3138.334274291992
5810,2022-01-03 11:01:12,517180,3325.084447860718
5811,2022-01-03 11:01:31,517180,3145.1830863952637
5812,2022-01-03 11:01:41,517180,3169.49462890625
5813,2022-01-03 01:01:06,517182,3137.3114585876465
5814,2022-01-03 01:01:48,517182,3173.5332012176514
5815,2022-01-03 02:01:58,517182,3194.6330070495605
5816,2022-01-03 02:01:33,517183,3135.9424591064453
5817,2022-01-03 02:01:49,517184,3164.867401123047
5818,2022-01-03 02:01:52,517184,3187.760591506958
5819,2022-01-03 03:01:13,517184,3215.8420085906982
5820,2022-01-03 03:01:08,517185,3157.806634902954
5821,2022-01-04 01:01:59,517196,3127.0289421081543
5822,2022-01-04 03:01:52,517196,3104.431390762329
5823,2022-01-04 05:01:12,517196,3124.2423057556152
5824,2022-01-04 05:01:44,517196,3108.2329750061035
5825,2022-01-04 06:01:01,517196,3183.826446533203
5826,2022-01-04 06:01:20,517196,3120.856285095215
5827,2022-01-04 06:01:42,517196,3107.15389251709
5828,2022-01-04 06:01:48,517196,3140.0394439697266
5829,2022-01-04 07:01:12,517196,3103.0921936035156
5830,2022-01-04 07:01:17,517196,3168.1535243988037
5831,2022-01-04 08:01:30,517196,3128.368377685547
5832,2022-01-04 08:01:37,517196,3114.2208576202393
5833,2022-01-04 08:01:44,517196,3120.5999851226807
5834,2022-01-04 10:01:45,517196,3105.6742668151855
5835,2022-01-04 10:01:47,517196,3132.6637268066406
5836,2022-01-04 10:01:53,517196,3118.2920932769775
5837,2022-01-04 11:01:43,517196,3279.5403003692627
5838,2022-01-04 11:01:50,517196,3148.862361907959
5839,2022-01-04 12:01:15,517196,3131.8445205688477
5840,2022-01-04 12:01:30,517196,3107.741594314575
5841,2022-01-04 12:01:32,517196,3412.1081829071045
5842,2022-01-04 12:01:35,517196,3093.5192108154297
5843,2022-01-04 12:01:54,517196,3132.0183277130127
5844,2022-01-04 01:01:16,517197,3118.1366443634033
5845,2022-01-04 02:01:03,517197,3137.347936630249
5846,2022-01-04 02:01:16,517197,3122.7622032165527
5847,2022-01-04 02:01:21,517197,3216.5794372558594
5848,2022-01-04 02:01:43,517197,3122.3626136779785
5849,2022-01-04 02:01:47,517197,3082.610845565796
5850,2022-01-04 03:01:48,517197,3135.7626914978027
5851,2022-01-04 03:01:57,517197,3098.229169845581
5852,2022-01-04 04:01:36,517197,3155.7486057281494
5853,2022-01-04 12:01:00,517197,3105.4110527038574
5854,2022-01-04 12:01:42,517197,3114.1505241394043
5855,2022-01-04 04:01:08,517198,3145.437240600586
5856,2022-01-04 04:01:50,517198,3121.716022491455
5857,2022-01-04 05:01:32,517198,3160.5544090270996
5858,2022-01-04 04:01:39,517199,3149.0681171417236
5859,2022-01-04 06:01:57,517199,3170.1743602752686
5860,2022-01-04 05:01:49,517200,3133.065700531006
5861,2022-01-04 06:01:05,517200,3133.934497833252
5862,2022-01-04 05:01:08,517201,3136.969804763794
5863,2022-01-04 06:01:54,517201,3127.396821975708
5864,2022-01-04 07:01:20,517203,3143.3637142181396
5865,2022-01-04 07:01:37,517203,3150.566816329956
5866,2022-01-04 08:01:10,517204,3127.0453929901123
5867,2022-01-04 08:01:22,517206,3147.2880840301514
5868,2022-01-04 10:01:29,517208,3132.310390472412
5869,2022-01-05 12:01:14,517208,3113.762617111206
5870,2022-01-04 11:01:27,517209,3121.291160583496
5871,2022-01-05 12:01:28,517209,3137.512445449829
5872,2022-01-05 12:01:11,517210,3133.4149837493896
5873,2022-01-05 12:01:22,517212,3166.3308143615723
5874,2022-01-05 06:01:04,517217,3133.699893951416
5875,2022-01-05 06:01:13,517217,3167.297840118408
5876,2022-01-05 06:01:46,517217,3147.5725173950195
5877,2022-01-05 07:01:03,517217,3137.338876724243
5878,2022-01-05 07:01:17,517217,3149.963855743408
5879,2022-01-05 08:01:35,517217,3118.065118789673
5880,2022-01-05 08:01:55,517217,3276.075839996338
5881,2022-01-05 09:01:39,517217,3201.551914215088
5882,2022-01-05 01:01:37,517218,3265.17391204834
5883,2022-01-05 01:01:41,517218,3164.5233631134033
5884,2022-01-05 08:01:26,517218,3147.329807281494
5885,2022-01-05 08:01:45,517218,3144.550323486328
5886,2022-01-05 10:01:27,517218,3152.696371078491
5887,2022-01-05 11:01:02,517218,3181.8180084228516
5888,2022-01-05 11:01:14,517218,3125.2965927124023
5889,2022-01-05 11:01:20,517218,3200.5202770233154
5890,2022-01-05 11:01:21,517218,3134.4661712646484
5891,2022-01-05 11:01:26,517218,3148.6830711364746
5892,2022-01-05 11:01:36,517218,3153.0404090881348
5893,2022-01-05 12:01:01,517218,3160.70556640625
5894,2022-01-05 12:01:12,517218,3152.3163318634033
5895,2022-01-05 12:01:59,517218,3197.4213123321533
5896,2022-01-05 01:01:19,517221,3163.452386856079
5897,2022-01-05 02:01:58,517221,3153.702735900879
5898,2022-01-05 01:01:17,517222,3130.664825439453
5899,2022-01-05 01:01:47,517222,3153.137683868408
5900,2022-01-05 02:01:06,517222,3159.022331237793
5901,2022-01-05 02:01:07,517222,3145.6353664398193
5902,2022-01-05 01:01:48,517223,3162.822484970093
5903,2022-01-05 02:01:27,517223,3228.4064292907715
5904,2022-01-05 02:01:35,517223,3125.5626678466797
5905,2022-01-05 03:01:43,517227,3186.6514682769775
5906,2022-01-05 05:01:11,517228,3165.407657623291
5907,2022-01-05 05:01:11,517229,3180.4654598236084
5908,2022-01-05 05:01:23,517229,3169.6255207061768
5909,2022-01-05 05:01:30,517229,3155.5192470550537
5910,2022-01-05 06:01:25,517229,3141.815185546875
5911,2022-01-05 07:01:10,517231,3163.1386280059814
5912,2022-01-05 07:01:22,517231,3134.8917484283447
5913,2022-01-05 07:01:57,517231,3155.4112434387207
5914,2022-01-05 08:01:33,517231,3165.198564529419
5915,2022-01-06 12:01:53,517237,3175.757884979248
5916,2022-01-06 02:01:57,517239,3201.3957500457764
5917,2022-01-06 03:01:14,517239,3159.029006958008
5918,2022-01-06 03:01:28,517239,3165.658473968506
5919,2022-01-06 05:01:07,517239,3203.1612396240234
5920,2022-01-06 05:01:32,517240,3146.632671356201
5921,2022-01-06 06:01:53,517240,3357.6927185058594
5922,2022-01-06 06:01:54,517240,3182.3513507843018
5923,2022-01-06 07:01:05,517240,3199.7148990631104
5924,2022-01-06 07:01:38,517240,3136.4033222198486
5925,2022-01-06 08:01:42,517240,3146.9154357910156
5926,2022-01-06 09:01:58,517240,3161.1952781677246
5927,2022-01-06 10:01:03,517240,3176.8314838409424
5928,2022-01-06 10:01:06,517240,3157.3684215545654
5929,2022-01-06 10:01:17,517240,3156.7628383636475
5930,2022-01-06 11:01:55,517240,3280.0769805908203
5931,2022-01-06 12:01:27,517240,3181.7522048950195
5932,2022-01-06 12:01:51,517240,3167.3901081085205
5933,2022-01-06 01:01:29,517242,3131.2131881713867
5934,2022-01-06 11:01:34,517242,3160.9742641448975
5935,2022-01-06 11:01:53,517242,3143.094301223755
5936,2022-01-06 11:01:57,517242,3189.6896362304688
5937,2022-01-06 12:01:18,517242,3167.344093322754
5938,2022-01-06 01:01:20,517246,3180.4656982421875
5939,2022-01-06 02:01:00,517246,3187.3977184295654
5940,2022-01-06 02:01:16,517246,3129.459857940674
5941,2022-01-06 02:01:19,517246,3172.435522079468
5942,2022-01-06 03:01:31,517246,3239.5076751708984
5943,2022-01-06 03:01:47,517247,3165.8382415771484
5944,2022-01-07 01:01:01,517253,3177.6580810546875
5945,2022-01-07 01:01:14,517253,3129.149913787842
5946,2022-01-07 05:01:35,517253,3153.5608768463135
5947,2022-01-07 05:01:57,517253,3184.1535568237305
5948,2022-01-07 06:01:34,517253,3207.98921585083
5949,2022-01-07 06:01:50,517253,3157.496213912964
5950,2022-01-07 07:01:03,517253,3163.694381713867
5951,2022-01-07 10:01:52,517253,3199.570894241333
5952,2022-01-07 12:01:14,517253,3153.607130050659
5953,2022-01-07 12:01:39,517253,3158.6358547210693
5954,2022-01-07 12:01:58,517253,3144.5202827453613
5955,2022-01-07 01:01:09,517254,3155.2720069885254
5956,2022-01-07 01:01:38,517254,3178.454875946045
5957,2022-01-07 01:01:54,517254,3175.45223236084
5958,2022-01-07 02:01:08,517254,3187.8559589385986
5959,2022-01-07 02:01:37,517254,3171.8320846557617
5960,2022-01-07 12:01:07,517254,3163.2652282714844
5961,2022-01-07 12:01:38,517254,3180.9146404266357
5962,2022-01-07 04:01:55,517258,3139.0135288238525
5963,2022-01-07 05:01:24,517258,3126.3110637664795
5964,2022-01-07 05:01:30,517261,3102.1642684936523
5965,2022-01-07 07:01:31,517262,3130.9115886688232
5966,2022-01-07 08:01:40,517262,3130.268096923828
5967,2022-01-07 07:01:58,517263,3126.9266605377197
5968,2022-01-07 09:01:52,517265,3193.394660949707
5969,2022-01-08 01:01:58,517266,3120.788812637329
5970,2022-01-08 12:01:51,517266,3116.609573364258
5971,2022-01-08 05:01:36,517267,3138.237237930298
5972,2022-01-08 06:01:07,517267,3111.043930053711
5973,2022-01-08 06:01:36,517267,3130.424737930298
5974,2022-01-08 07:01:47,517267,3109.35640335083
5975,2022-01-10 01:01:03,517268,3135.6379985809326
5976,2022-01-10 02:01:08,517268,3105.966329574585
5977,2022-01-10 02:01:18,517268,3114.2711639404297
5978,2022-01-10 05:01:05,517268,3104.093551635742
5979,2022-01-10 05:01:24,517268,3165.9839153289795
5980,2022-01-10 05:01:30,517268,3137.770175933838
5981,2022-01-10 12:01:31,517268,3142.9107189178467
5982,2022-01-10 06:01:37,517269,3107.5196266174316
5983,2022-01-10 06:01:48,517269,3139.807939529419
5984,2022-01-10 07:01:09,517269,3080.5280208587646
5985,2022-01-10 07:01:31,517269,3109.670639038086
5986,2022-01-10 07:01:42,517269,3149.2674350738525
5987,2022-01-10 09:01:15,517269,3120.1345920562744
5988,2022-01-10 10:01:31,517270,3112.586259841919
5989,2022-01-10 01:01:00,517272,3097.4020957946777
5990,2022-01-10 01:01:43,517272,3133.289098739624
5991,2022-01-10 01:01:47,517272,3122.860908508301
5992,2022-01-10 11:01:06,517272,3175.4348278045654
5993,2022-01-10 12:01:18,517272,3188.6038780212402
5994,2022-01-10 12:01:18,517272,3136.8274688720703
5995,2022-01-10 01:01:12,517273,3149.5702266693115
5996,2022-01-10 01:01:14,517273,3111.4859580993652
5997,2022-01-10 01:01:56,517273,3126.060724258423
5998,2022-01-10 01:01:59,517273,3190.735340118408
5999,2022-01-10 12:01:21,517273,3107.60235786438
6000,2022-01-10 12:01:50,517273,3127.243995666504
6001,2022-01-10 12:01:55,517273,3234.0502738952637
6002,2022-01-10 01:01:22,517274,3117.628335952759
6003,2022-01-10 02:01:06,517274,3131.8976879119873
6004,2022-01-10 02:01:13,517274,3179.525375366211
6005,2022-01-10 02:01:22,517274,3182.8877925872803
6006,2022-01-10 02:01:45,517274,3111.504077911377
6007,2022-01-10 03:01:13,517274,3139.0984058380127
6008,2022-01-10 03:01:34,517274,3126.899242401123
6009,2022-01-10 03:01:19,517275,3114.4230365753174
6010,2022-01-10 04:01:12,517275,3204.1642665863037
6011,2022-01-10 04:01:35,517275,3217.1332836151123
6012,2022-01-10 05:01:12,517275,3155.552625656128
6013,2022-01-10 05:01:26,517275,3157.240867614746
6014,2022-01-10 06:01:05,517275,3126.4286041259766
6015,2022-01-10 06:01:08,517275,3168.5595512390137
6016,2022-01-10 07:01:46,517275,3125.4446506500244
6017,2022-01-10 07:01:50,517275,3169.501781463623
6018,2022-01-10 07:01:39,517278,3124.4850158691406
6019,2022-01-10 08:01:26,517278,3125.2589225769043
6020,2022-01-10 10:01:57,517284,3110.2325916290283
6021,2022-01-10 11:01:04,517284,3174.887180328369
6022,2022-01-10 11:01:31,517284,3118.185043334961
6023,2022-01-11 12:01:19,517284,3142.049789428711
6024,2022-01-11 01:01:28,517287,3183.7050914764404
6025,2022-01-11 02:01:16,517287,3150.3970623016357
6026,2022-01-11 02:01:47,517287,3163.959264755249
6027,2022-01-11 02:01:49,517287,3399.4081020355225
6028,2022-01-11 03:01:52,517287,3158.463716506958
6029,2022-01-11 01:01:27,517288,3173.1557846069336
6030,2022-01-11 01:01:29,517288,3213.40012550354
6031,2022-01-11 02:01:38,517288,3160.537004470825
6032,2022-01-11 02:01:39,517288,3140.8350467681885
6033,2022-01-11 02:01:42,517288,3135.894775390625
6034,2022-01-11 03:01:59,517288,3168.180465698242
6035,2022-01-11 05:01:41,517288,3148.8752365112305
6036,2022-01-11 05:01:53,517288,3192.2593116760254
6037,2022-01-11 06:01:03,517288,3145.396947860718
6038,2022-01-11 06:01:10,517288,3155.709981918335
6039,2022-01-11 06:01:17,517288,3223.4089374542236
6040,2022-01-11 06:01:32,517288,3243.7212467193604
6041,2022-01-11 06:01:37,517288,3169.8338985443115
6042,2022-01-11 06:01:56,517288,3178.99751663208
6043,2022-01-11 07:01:12,517288,3157.9182147979736
6044,2022-01-11 07:01:41,517288,3171.8645095825195
6045,2022-01-11 08:01:20,517288,3270.2956199645996
6046,2022-01-11 09:01:25,517288,3163.851737976074
6047,2022-01-11 09:01:43,517288,3191.7145252227783
6048,2022-01-11 10:01:13,517288,3197.5433826446533
6049,2022-01-11 10:01:44,517288,3162.5988483428955
6050,2022-01-11 11:01:06,517288,3174.2966175079346
6051,2022-01-11 11:01:40,517288,3172.825574874878
6052,2022-01-11 11:01:42,517288,3188.279628753662
6053,2022-01-11 12:01:58,517288,3410.1104736328125
6054,2022-01-11 01:01:04,517289,3154.256582260132
6055,2022-01-11 01:01:04,517289,3181.041479110718
6056,2022-01-11 01:01:06,517289,3226.9937992095947
6057,2022-01-11 11:01:22,517289,3163.853883743286
6058,2022-01-11 12:01:52,517289,3147.6664543151855
6059,2022-01-11 02:01:11,517290,3145.026445388794
6060,2022-01-11 02:01:40,517290,3160.1905822753906
6061,2022-01-11 03:01:31,517290,3229.203462600708
6062,2022-01-11 03:01:33,517290,3200.355291366577
6063,2022-01-11 03:01:41,517290,3133.7149143218994
6064,2022-01-11 03:01:54,517290,3178.793430328369
6065,2022-01-11 04:01:00,517290,3172.7230548858643
6066,2022-01-11 04:01:04,517290,3158.2207679748535
6067,2022-01-11 04:01:49,517290,3143.6984539031982
6068,2022-01-11 04:01:58,517290,3166.287899017334
6069,2022-01-11 04:01:20,517291,3198.899269104004
6070,2022-01-11 04:01:25,517291,3151.5567302703857
6071,2022-01-11 07:01:09,517291,3202.8098106384277
6072,2022-01-11 05:01:24,517293,3167.6337718963623
6073,2022-01-11 08:01:17,517293,3163.7680530548096
6074,2022-01-11 09:01:14,517293,3143.7625885009766
6075,2022-01-11 09:01:15,517293,3180.337429046631
6076,2022-01-11 09:01:21,517293,3149.7299671173096
6077,2022-01-11 09:01:59,517293,3148.794651031494
6078,2022-01-11 10:01:07,517293,3178.8012981414795
6079,2022-01-11 10:01:10,517293,3182.234287261963
6080,2022-01-11 10:01:11,517293,3175.497055053711
6081,2022-01-11 11:01:26,517293,3202.310800552368
6082,2022-01-11 10:01:13,517294,3166.264295578003
6083,2022-01-11 10:01:21,517294,3145.841598510742
6084,2022-01-11 11:01:08,517294,3146.7037200927734
6085,2022-01-11 11:01:11,517294,3260.038137435913
6086,2022-01-12 01:01:28,517302,3174.407482147217
6087,2022-01-12 04:01:39,517306,3181.4332008361816
6088,2022-01-12 05:01:48,517306,3181.29825592041
6089,2022-01-12 06:01:01,517306,3186.582565307617
6090,2022-01-12 06:01:26,517306,3183.358907699585
6091,2022-01-12 06:01:58,517306,3175.274610519409
6092,2022-01-12 07:01:30,517306,3183.091163635254
6093,2022-01-12 07:01:45,517306,3198.3964443206787
6094,2022-01-12 07:01:50,517306,3285.2959632873535
6095,2022-01-12 08:01:09,517306,3178.4722805023193
6096,2022-01-12 08:01:27,517306,3155.56001663208
6097,2022-01-12 08:01:30,517306,3154.2859077453613
6098,2022-01-12 08:01:38,517306,3223.4368324279785
6099,2022-01-12 08:01:49,517306,3183.4323406219482
6100,2022-01-12 08:01:56,517306,3164.435386657715
6101,2022-01-12 09:01:09,517306,3178.2686710357666
6102,2022-01-12 09:01:16,517306,3190.284252166748
6103,2022-01-12 09:01:32,517306,3217.4949645996094
6104,2022-01-12 09:01:51,517306,3186.1751079559326
6105,2022-01-12 10:01:06,517306,3267.65775680542
6106,2022-01-12 10:01:36,517306,3160.290002822876
6107,2022-01-12 11:01:02,517306,3200.4058361053467
6108,2022-01-12 11:01:12,517306,3184.24391746521
6109,2022-01-12 11:01:13,517306,3204.028606414795
6110,2022-01-12 11:01:15,517306,3186.0945224761963
6111,2022-01-12 11:01:50,517306,3180.4254055023193
6112,2022-01-12 12:01:46,517306,3151.9670486450195
6113,2022-01-12 12:01:48,517306,3148.6053466796875
6114,2022-01-12 12:01:11,517307,3203.418254852295
6115,2022-01-12 01:01:38,517308,3209.04278755188
6116,2022-01-12 01:01:43,517308,3280.4617881774902
6117,2022-01-12 01:01:45,517308,3130.321264266968
6118,2022-01-12 01:01:46,517308,3188.9777183532715
6119,2022-01-12 02:01:47,517308,3169.279098510742
6120,2022-01-12 01:01:43,517309,3170.078992843628
6121,2022-01-12 01:01:58,517309,3165.9531593322754
6122,2022-01-12 02:01:20,517309,3188.748836517334
6123,2022-01-12 02:01:47,517309,3163.257598876953
6124,2022-01-12 02:01:55,517309,3170.1836585998535
6125,2022-01-12 03:01:44,517309,3178.290843963623
6126,2022-01-12 03:01:56,517309,3211.2951278686523
6127,2022-01-12 02:01:24,517312,3180.8385848999023
6128,2022-01-12 03:01:46,517312,3160.9208583831787
6129,2022-01-12 04:01:36,517315,3176.1670112609863
6130,2022-01-12 05:01:20,517315,3189.8677349090576
6131,2022-01-12 04:01:12,517316,3137.5601291656494
6132,2022-01-12 04:01:30,517316,3204.5412063598633
6133,2022-01-12 05:01:12,517316,3157.4947834014893
6134,2022-01-12 05:01:53,517316,3182.4958324432373
6135,2022-01-12 06:01:46,517316,3167.9534912109375
6136,2022-01-12 06:01:59,517316,3487.3123168945312
6137,2022-01-12 04:01:09,517318,3169.7888374328613
6138,2022-01-12 05:01:47,517318,3171.2167263031006
6139,2022-01-12 06:01:20,517318,3168.684244155884
6140,2022-01-12 05:01:07,517320,3173.5713481903076
6141,2022-01-12 05:01:07,517320,3191.5934085845947
6142,2022-01-12 05:01:35,517320,3181.8039417266846
6143,2022-01-12 06:01:21,517320,3224.978446960449
6144,2022-01-12 06:01:22,517323,3191.7409896850586
6145,2022-01-12 07:01:30,517323,3182.828187942505
6146,2022-01-12 08:01:01,517329,3181.5249919891357
6147,2022-01-12 08:01:51,517329,3154.3781757354736
6148,2022-01-12 09:01:32,517329,3158.4103107452393
6149,2022-01-12 10:01:19,517329,3168.1206226348877
6150,2022-01-13 01:01:21,517332,3147.4409103393555
6151,2022-01-13 12:01:49,517332,3191.7436122894287
6152,2022-01-13 01:01:17,517336,3137.223482131958
6153,2022-01-13 12:01:28,517336,3153.7926197052
6154,2022-01-13 02:01:39,517337,3157.633066177368
6155,2022-01-13 12:01:38,517337,3198.0695724487305
6156,2022-01-13 05:01:26,517342,3173.0659008026123
6157,2022-01-13 05:01:35,517342,3185.3883266448975
6158,2022-01-13 05:01:12,517343,3205.8534622192383
6159,2022-01-13 05:01:49,517343,3157.785654067993
6160,2022-01-13 05:01:54,517343,3143.0447101593018
6161,2022-01-13 06:01:14,517343,3180.248022079468
6162,2022-01-13 06:01:29,517343,3153.144598007202
6163,2022-01-13 06:01:29,517343,3164.5312309265137
6164,2022-01-13 06:01:37,517343,3180.2306175231934
6165,2022-01-13 06:01:37,517343,3153.026819229126
6166,2022-01-13 07:01:15,517343,3162.2321605682373
6167,2022-01-13 07:01:30,517343,3140.76828956604
6168,2022-01-13 07:01:52,517343,3171.0433959960938
6169,2022-01-13 07:01:54,517343,3193.958282470703
6170,2022-01-13 07:01:55,517343,3191.8954849243164
6171,2022-01-13 09:01:12,517344,3151.905059814453
6172,2022-01-13 09:01:35,517344,3153.7208557128906
6173,2022-01-13 10:01:15,517344,3139.6000385284424
6174,2022-01-13 10:01:49,517344,3137.20965385437
6175,2022-01-13 11:01:22,517344,3160.083770751953
6176,2022-01-13 11:01:31,517344,3162.1456146240234
6177,2022-01-13 11:01:32,517344,3151.930570602417
6178,2022-01-13 12:01:52,517344,3175.3463745117188
6179,2022-01-13 01:01:23,517345,3139.1148567199707
6180,2022-01-13 01:01:39,517345,3143.648147583008
6181,2022-01-13 01:01:47,517345,3151.3047218322754
6182,2022-01-13 12:01:08,517345,3145.756483078003
6183,2022-01-13 12:01:26,517345,3158.027172088623
6184,2022-01-13 12:01:49,517345,3191.5524005889893
6185,2022-01-13 01:01:02,517347,3147.3703384399414
6186,2022-01-13 01:01:36,517347,3291.7237281799316
6187,2022-01-13 02:01:25,517347,3165.93074798584
6188,2022-01-13 02:01:30,517347,3177.908420562744
6189,2022-01-13 03:01:27,517349,3171.267032623291
6190,2022-01-13 04:01:15,517349,3133.4168910980225
6191,2022-01-13 03:01:42,517350,3185.0903034210205
6192,2022-01-13 04:01:09,517350,3144.179582595825
6193,2022-01-13 05:01:05,517351,3145.022392272949
6194,2022-01-13 07:01:14,517351,3170.8736419677734
6195,2022-01-13 05:01:00,517352,3158.381462097168
6196,2022-01-13 05:01:29,517352,3187.52121925354
6197,2022-01-13 08:01:35,517352,3155.484437942505
6198,2022-01-13 08:01:40,517352,3169.7521209716797
6199,2022-01-13 06:01:03,517354,3158.144235610962
6200,2022-01-13 08:01:13,517354,3154.5464992523193
6201,2022-01-13 06:01:42,517355,3211.300849914551
6202,2022-01-13 08:01:41,517355,3170.274496078491
6203,2022-01-13 09:01:20,517359,3174.9205589294434
6204,2022-01-13 10:01:34,517359,3172.3990440368652
6205,2022-01-13 10:01:22,517360,3143.2602405548096
6206,2022-01-13 11:01:10,517360,3264.341354370117
6207,2022-01-13 11:01:30,517360,3165.6148433685303
6208,2022-01-13 11:01:57,517360,3194.94366645813
6209,2022-01-14 12:01:25,517360,3170.3922748565674
6210,2022-01-14 12:01:55,517360,3187.9255771636963
6211,2022-01-14 01:01:11,517362,3164.5143032073975
6212,2022-01-14 01:01:18,517362,3131.448984146118
6213,2022-01-14 01:01:24,517362,3155.775785446167
6214,2022-01-14 01:01:29,517362,3161.2250804901123
6215,2022-01-14 02:01:00,517362,3181.9822788238525
6216,2022-01-14 02:01:14,517362,3174.0715503692627
6217,2022-01-14 02:01:15,517362,3395.0181007385254
6218,2022-01-14 02:01:41,517362,3173.253059387207
6219,2022-01-14 02:01:58,517362,3192.504405975342
6220,2022-01-14 03:01:03,517362,3170.339345932007
6221,2022-01-14 04:01:07,517362,3207.200765609741
6222,2022-01-14 04:01:08,517362,3146.6286182403564
6223,2022-01-14 05:01:08,517362,3168.635606765747
6224,2022-01-14 05:01:16,517362,3166.5735244750977
6225,2022-01-14 05:01:20,517362,3143.551826477051
6226,2022-01-14 05:01:28,517362,3152.7068614959717
6227,2022-01-14 05:01:28,517362,3250.0863075256348
6228,2022-01-14 05:01:51,517362,3152.413845062256
6229,2022-01-14 06:01:03,517362,3282.6554775238037
6230,2022-01-14 06:01:03,517362,3165.1690006256104
6231,2022-01-14 06:01:13,517362,3207.472324371338
6232,2022-01-14 06:01:30,517362,3148.935317993164
6233,2022-01-14 06:01:42,517362,3160.1269245147705
6234,2022-01-14 06:01:52,517362,3147.5229263305664
6235,2022-01-14 08:01:10,517362,3153.7959575653076
6236,2022-01-14 08:01:46,517362,3158.763647079468
6237,2022-01-14 09:01:27,517362,3148.4382152557373
6238,2022-01-14 09:01:52,517362,3188.5337829589844
6239,2022-01-14 10:01:52,517362,3276.968479156494
6240,2022-01-14 10:01:56,517362,3160.775899887085
6241,2022-01-14 11:01:29,517362,3152.773380279541
6242,2022-01-14 11:01:32,517362,3155.2467346191406
6243,2022-01-14 11:01:37,517362,3212.6221656799316
6244,2022-01-14 11:01:42,517362,3148.408889770508
6245,2022-01-14 11:01:57,517362,3140.551805496216
6246,2022-01-14 12:01:08,517362,3147.660970687866
6247,2022-01-14 12:01:11,517362,3151.9572734832764
6248,2022-01-14 05:01:42,517364,3182.3811531066895
6249,2022-01-14 05:01:56,517364,3195.3125
6250,2022-01-14 06:01:11,517364,3237.114667892456
6251,2022-01-14 06:01:39,517364,3175.645351409912
6252,2022-01-14 07:01:21,517364,3177.1488189697266
6253,2022-01-14 07:01:33,517364,3204.458236694336
6254,2022-01-14 08:01:23,517364,3158.7400436401367
6255,2022-01-14 08:01:25,517364,3189.326524734497
6256,2022-01-14 08:01:59,517364,3166.9864654541016
6257,2022-01-14 09:01:34,517364,3188.746690750122
6258,2022-01-14 10:01:10,517364,3339.148998260498
6259,2022-01-14 10:01:16,517364,3140.9478187561035
6260,2022-01-14 07:01:11,517365,3162.8122329711914
6261,2022-01-14 08:01:33,517365,3145.2114582061768
6262,2022-01-14 08:01:47,517365,3156.5465927124023
6263,2022-01-14 10:01:19,517365,3157.9878330230713
6264,2022-01-15 12:01:18,517365,3190.765142440796
6265,2022-01-14 09:01:47,517367,3149.1918563842773
6266,2022-01-14 10:01:22,517367,3131.803274154663
6267,2022-01-14 11:01:33,517367,3224.562883377075
6268,2022-01-14 11:01:57,517367,3127.3510456085205
6269,2022-01-15 12:01:30,517367,3190.2952194213867
6270,2022-01-14 08:01:24,517368,3138.2579803466797
6271,2022-01-14 10:01:49,517368,3161.8196964263916
6272,2022-01-14 11:01:26,517368,3153.1002521514893
6273,2022-01-15 01:01:14,517368,3169.5868968963623
6274,2022-01-15 01:01:16,517368,3132.964611053467
6275,2022-01-15 01:01:40,517368,3169.539451599121
6276,2022-01-15 01:01:49,517368,3193.258285522461
6277,2022-01-15 02:01:05,517368,3125.018358230591
6278,2022-01-15 02:01:21,517368,3151.191473007202
6279,2022-01-15 02:01:34,517368,3141.8426036834717
6280,2022-01-15 02:01:35,517368,3171.2613105773926
6281,2022-01-15 03:01:12,517368,3151.362419128418
6282,2022-01-15 03:01:16,517368,3148.730993270874
6283,2022-01-15 03:01:51,517368,3156.1896800994873
6284,2022-01-15 04:01:01,517368,3323.7719535827637
6285,2022-01-15 04:01:09,517368,3203.2265663146973
6286,2022-01-15 12:01:33,517368,3144.7501182556152
6287,2022-01-15 04:01:57,517369,3418.614625930786
6288,2022-01-15 05:01:25,517369,3171.1270809173584
6289,2022-01-15 06:01:41,517370,3218.3616161346436
6290,2022-01-15 07:01:31,517370,3174.591064453125
6291,2022-01-15 08:01:28,517370,3167.5729751586914
6292,2022-01-15 08:01:33,517370,3173.593521118164
6293,2022-01-15 01:01:19,517372,3158.6544513702393
6294,2022-01-15 04:01:04,517372,3161.33975982666
6295,2022-01-15 04:01:05,517372,3184.600353240967
6296,2022-01-15 05:01:08,517372,3187.514305114746
6297,2022-01-15 05:01:16,517372,3150.71702003479
6298,2022-01-15 07:01:29,517373,3180.5269718170166
6299,2022-01-15 08:01:10,517373,3158.8399410247803
6300,2022-01-15 10:01:14,517373,3193.43900680542
6301,2022-01-15 10:01:18,517373,3178.0381202697754
6302,2022-01-15 11:01:17,517373,3187.3888969421387
6303,2022-01-16 01:01:12,517373,3150.007724761963
6304,2022-01-16 04:01:52,517374,3161.6125106811523
6305,2022-01-16 05:01:26,517374,3145.219564437866
6306,2022-01-16 10:01:42,517375,3179.490327835083
6307,2022-01-17 01:01:46,517375,3519.51003074646
6308,2022-01-17 02:01:40,517375,3170.9582805633545
6309,2022-01-17 04:01:38,517375,3176.457643508911
6310,2022-01-17 05:01:36,517375,3161.050319671631
6311,2022-01-17 05:01:49,517375,3177.9112815856934
6312,2022-01-17 05:01:50,517375,3190.826416015625
6313,2022-01-17 06:01:01,517375,3163.4984016418457
6314,2022-01-17 06:01:07,517375,3161.2939834594727
6315,2022-01-17 06:01:44,517375,3158.7600708007812
6316,2022-01-17 06:01:55,517375,3170.0687408447266
6317,2022-01-17 05:01:54,517376,3151.6506671905518
6318,2022-01-17 06:01:50,517376,3168.459177017212
6319,2022-01-17 06:01:02,517377,3172.4016666412354
6320,2022-01-17 06:01:35,517377,3157.615900039673
6321,2022-01-17 07:01:33,517377,3207.953929901123
6322,2022-01-17 07:01:50,517377,3174.788236618042
6323,2022-01-17 01:01:41,517379,3181.1447143554688
6324,2022-01-17 02:01:34,517379,3166.8636798858643
6325,2022-01-17 10:01:09,517379,3183.260679244995
6326,2022-01-17 11:01:01,517379,3158.6368083953857
6327,2022-01-17 11:01:51,517379,3169.797420501709
6328,2022-01-17 11:01:58,517379,3282.179355621338
6329,2022-01-17 01:01:29,517380,3174.4675636291504
6330,2022-01-17 02:01:25,517380,3175.920009613037
6331,2022-01-17 12:01:18,517380,3195.117950439453
6332,2022-01-17 12:01:51,517380,3309.0789318084717
6333,2022-01-17 02:01:57,517384,3167.517900466919
6334,2022-01-17 02:01:50,517385,3185.2946281433105
6335,2022-01-17 03:01:32,517387,3145.1010704040527
6336,2022-01-17 04:01:38,517387,3180.8769702911377
6337,2022-01-17 04:01:46,517389,3125.190496444702
6338,2022-01-17 04:01:50,517389,3147.0282077789307
6339,2022-01-17 05:01:27,517389,3188.831567764282
6340,2022-01-17 05:01:29,517389,3217.207908630371
6341,2022-01-17 05:01:52,517389,3148.253917694092
6342,2022-01-17 06:01:27,517389,3184.7801208496094
6343,2022-01-17 06:01:45,517389,3409.1711044311523
6344,2022-01-17 07:01:20,517389,3167.1924591064453
6345,2022-01-17 07:01:40,517389,3216.4478302001953
6346,2022-01-17 07:01:56,517389,3222.5234508514404
6347,2022-01-17 07:01:59,517389,3162.3377799987793
6348,2022-01-17 08:01:54,517389,3160.62593460083
6349,2022-01-17 09:01:00,517389,3223.4926223754883
6350,2022-01-17 09:01:15,517389,3143.033504486084
6351,2022-01-17 09:01:55,517389,3156.65864944458
6352,2022-01-17 09:01:56,517389,3173.37703704834
6353,2022-01-17 10:01:03,517389,3136.4307403564453
6354,2022-01-17 10:01:28,517389,3211.836814880371
6355,2022-01-17 10:01:34,517389,3120.4888820648193
6356,2022-01-20 05:01:17,517389,3153.4860134124756
6357,2022-01-20 06:01:27,517389,3164.2239093780518
6358,2022-01-20 06:01:32,517389,3180.412530899048
6359,2022-01-20 06:01:57,517389,3174.6015548706055
6360,2022-01-20 07:01:19,517389,3212.2750282287598
6361,2022-01-20 08:01:09,517389,3228.7957668304443
6362,2022-01-20 08:01:13,517389,3206.2692642211914
6363,2022-01-20 08:01:15,517389,3153.891086578369
6364,2022-01-20 09:01:11,517389,3156.4457416534424
6365,2022-01-20 09:01:32,517389,3177.67596244812
6366,2022-01-20 10:01:49,517389,3176.1622428894043
6367,2022-01-20 10:01:50,517389,3165.7495498657227
6368,2022-01-20 11:01:14,517389,3164.75510597229
6369,2022-01-21 01:01:14,517389,3223.0687141418457
6370,2022-01-21 01:01:36,517389,3186.422824859619
6371,2022-01-21 01:01:57,517389,3152.0133018493652
6372,2022-01-21 02:01:53,517389,3172.7850437164307
6373,2022-01-21 03:01:07,517389,3189.1894340515137
6374,2022-01-21 03:01:07,517389,3188.729763031006
6375,2022-01-21 04:01:14,517389,3167.7417755126953
6376,2022-01-21 04:01:45,517389,3173.919439315796
6377,2022-01-21 05:01:13,517389,3175.908088684082
6378,2022-01-21 05:01:20,517389,3190.5555725097656
6379,2022-01-21 06:01:05,517389,3189.2447471618652
6380,2022-01-21 06:01:10,517389,3181.9798946380615
6381,2022-01-21 07:01:15,517389,3210.1550102233887
6382,2022-01-21 07:01:29,517389,3295.175790786743
6383,2022-01-21 07:01:40,517389,3183.445453643799
6384,2022-01-21 08:01:05,517389,3180.2878379821777
6385,2022-01-21 09:01:12,517389,3290.1611328125
6386,2022-01-21 09:01:58,517389,3165.738821029663
6387,2022-01-21 10:01:15,517389,3221.7843532562256
6388,2022-01-21 10:01:29,517389,3158.761978149414
6389,2022-01-21 10:01:52,517389,3183.7122440338135
6390,2022-01-21 11:01:22,517389,3171.1642742156982
6391,2022-01-21 11:01:23,517389,3165.8360958099365
6392,2022-01-21 12:01:02,517389,3187.0391368865967
6393,2022-01-21 12:01:09,517389,3194.8907375335693
6394,2022-01-21 12:01:10,517389,3195.5955028533936
6395,2022-01-21 12:01:11,517389,3187.516212463379
6396,2022-01-21 12:01:55,517389,3157.1054458618164
6397,2022-01-17 09:01:29,517391,3124.08185005188
6398,2022-01-17 10:01:05,517391,3128.2331943511963
6399,2022-01-17 10:01:10,517391,3168.2350635528564
6400,2022-01-17 10:01:54,517391,3193.0267810821533
6401,2022-01-17 11:01:47,517391,3136.411666870117
6402,2022-01-17 11:01:52,517391,3174.0517616271973
6403,2022-01-17 10:01:49,517392,3142.0178413391113
6404,2022-01-18 01:01:23,517395,3166.332721710205
6405,2022-01-18 01:01:27,517395,3151.620864868164
6406,2022-01-18 02:01:06,517395,3158.5164070129395
6407,2022-01-18 02:01:26,517395,3162.968158721924
6408,2022-01-18 02:01:42,517395,3152.1148681640625
6409,2022-01-18 03:01:53,517395,3170.0119972229004
6410,2022-01-18 01:01:40,517398,3159.2864990234375
6411,2022-01-18 03:01:58,517399,3166.1758422851562
6412,2022-01-18 04:01:37,517399,3154.277563095093
6413,2022-01-18 05:01:26,517400,3198.5480785369873
6414,2022-01-18 06:01:12,517400,3334.8846435546875
6415,2022-01-18 05:01:33,517401,3165.811538696289
6416,2022-01-18 06:01:34,517401,3146.6891765594482
6417,2022-01-18 07:01:29,517401,3165.041923522949
6418,2022-01-18 07:01:32,517402,3190.12713432312
6419,2022-01-18 08:01:59,517402,3183.366060256958
6420,2022-01-18 07:01:09,517403,3205.5811882019043
6421,2022-01-18 07:01:47,517403,3297.2640991210938
6422,2022-01-18 08:01:09,517403,3159.756660461426
6423,2022-01-18 08:01:46,517403,3187.626361846924
6424,2022-01-18 07:01:32,517404,3166.0234928131104
6425,2022-01-18 07:01:36,517404,3175.0075817108154
6426,2022-01-18 08:01:39,517404,3171.635866165161
6427,2022-01-18 09:01:07,517408,3224.5538234710693
6428,2022-01-18 10:01:25,517408,3210.3543281555176
6429,2022-01-18 10:01:08,517410,3207.152843475342
6430,2022-01-18 10:01:58,517410,3202.1143436431885
6431,2022-01-18 11:01:41,517410,3185.434103012085
6432,2022-01-18 12:01:30,517410,3178.8156032562256
6433,2022-01-18 01:01:37,517411,3218.463659286499
6434,2022-01-18 04:01:14,517411,3189.85652923584
6435,2022-01-18 04:01:25,517411,3175.724744796753
6436,2022-01-18 12:01:00,517411,3171.705722808838
6437,2022-01-18 12:01:22,517411,3167.600631713867
6438,2022-01-18 01:01:14,517412,3178.9305210113525
6439,2022-01-18 05:01:07,517413,3219.9008464813232
6440,2022-01-18 06:01:51,517413,3220.1030254364014
6441,2022-01-18 05:01:22,517414,3161.9553565979004
6442,2022-01-18 05:01:48,517414,3170.529842376709
6443,2022-01-18 06:01:36,517414,3163.9227867126465
6444,2022-01-18 07:01:54,517414,3168.9867973327637
6445,2022-01-18 05:01:42,517416,3177.222728729248
6446,2022-01-18 08:01:13,517416,3173.1388568878174
6447,2022-01-18 08:01:36,517416,3166.8365001678467
6448,2022-01-18 09:01:41,517416,3152.1923542022705
6449,2022-01-18 10:01:41,517416,3123.013496398926
6450,2022-01-18 10:01:52,517416,3152.5943279266357
6451,2022-01-18 05:01:02,517417,3161.9350910186768
6452,2022-01-18 08:01:27,517417,3203.723669052124
6453,2022-01-18 08:01:34,517417,3180.9239387512207
6454,2022-01-18 10:01:13,517417,3169.492244720459
6455,2022-01-18 10:01:05,517418,3175.811290740967
6456,2022-01-18 10:01:08,517418,3229.978322982788
6457,2022-01-18 11:01:21,517418,3146.737575531006
6458,2022-01-18 11:01:28,517418,3177.0336627960205
6459,2022-01-19 12:01:06,517418,3152.409791946411
6460,2022-01-19 12:01:52,517418,3147.8896141052246
6461,2022-01-18 11:01:12,517421,3162.96648979187
6462,2022-01-19 01:01:39,517421,3147.573709487915
6463,2022-01-19 01:01:47,517421,3147.5915908813477
6464,2022-01-19 01:01:51,517421,3237.0314598083496
6465,2022-01-19 01:01:54,517421,3327.348232269287
6466,2022-01-19 02:01:55,517421,3169.786214828491
6467,2022-01-19 03:01:11,517421,3144.927501678467
6468,2022-01-19 03:01:41,517421,3156.8939685821533
6469,2022-01-19 09:01:42,517421,3152.789354324341
6470,2022-01-19 09:01:48,517421,3137.7182006835938
6471,2022-01-19 09:01:51,517421,3169.299364089966
6472,2022-01-19 09:01:55,517421,3162.9979610443115
6473,2022-01-19 12:01:34,517421,3204.4894695281982
6474,2022-01-19 12:01:45,517421,3157.6404571533203
6475,2022-01-19 01:01:15,517422,3163.057804107666
6476,2022-01-19 02:01:21,517422,3153.611660003662
6477,2022-01-19 02:01:50,517422,3189.2828941345215
6478,2022-01-19 03:01:09,517422,3317.221164703369
6479,2022-01-19 03:01:29,517422,3137.4027729034424
6480,2022-01-19 03:01:45,517422,3178.7476539611816
6481,2022-01-19 03:01:48,517422,3172.3721027374268
6482,2022-01-19 12:01:10,517422,3141.263246536255
6483,2022-01-19 01:01:57,517423,3201.2147903442383
6484,2022-01-19 02:01:00,517423,3177.1979331970215
6485,2022-01-19 02:01:20,517423,3155.1554203033447
6486,2022-01-19 03:01:05,517423,3190.215826034546
6487,2022-01-19 03:01:12,517423,3138.1423473358154
6488,2022-01-19 03:01:28,517423,3136.9621753692627
6489,2022-01-19 03:01:29,517423,3184.978723526001
6490,2022-01-19 03:01:56,517423,3158.0493450164795
6491,2022-01-19 04:01:14,517423,3151.904821395874
6492,2022-01-19 04:01:24,517423,3278.165340423584
6493,2022-01-19 04:01:33,517423,3179.3265342712402
6494,2022-01-19 04:01:39,517423,3176.020622253418
6495,2022-01-19 04:01:42,517423,3140.4337882995605
6496,2022-01-19 04:01:49,517423,3321.4094638824463
6497,2022-01-19 05:01:23,517423,3479.862928390503
6498,2022-01-19 05:01:29,517423,3156.1906337738037
6499,2022-01-19 05:01:44,517423,3162.4910831451416
6500,2022-01-19 05:01:56,517423,3144.5043087005615
6501,2022-01-19 03:01:50,517426,3140.0394439697266
6502,2022-01-19 04:01:06,517426,3157.8242778778076
6503,2022-01-19 04:01:27,517426,3180.1300048828125
6504,2022-01-19 04:01:51,517426,3200.4644870758057
6505,2022-01-19 05:01:01,517426,3158.712863922119
6506,2022-01-19 05:01:08,517426,3214.9815559387207
6507,2022-01-19 05:01:18,517426,3207.564115524292
6508,2022-01-19 05:01:19,517426,3172.1322536468506
6509,2022-01-19 05:01:23,517426,3170.369863510132
6510,2022-01-19 05:01:31,517426,3200.032949447632
6511,2022-01-19 05:01:33,517426,3191.254138946533
6512,2022-01-19 05:01:48,517426,3146.777629852295
6513,2022-01-19 05:01:17,517427,3151.70955657959
6514,2022-01-19 05:01:33,517427,3167.1435832977295
6515,2022-01-19 05:01:33,517427,3172.844171524048
6516,2022-01-19 05:01:46,517427,3180.687427520752
6517,2022-01-19 05:01:49,517427,3398.0209827423096
6518,2022-01-19 06:01:19,517427,3156.3162803649902
6519,2022-01-19 06:01:19,517427,3173.0782985687256
6520,2022-01-19 06:01:25,517427,3184.7169399261475
6521,2022-01-19 06:01:27,517427,3192.3561096191406
6522,2022-01-19 06:01:27,517427,3154.467821121216
6523,2022-01-19 06:01:44,517427,3179.553508758545
6524,2022-01-19 06:01:47,517427,3175.1275062561035
6525,2022-01-19 06:01:59,517427,3162.5471115112305
6526,2022-01-19 07:01:04,517427,3152.488946914673
6527,2022-01-19 07:01:07,517427,3144.702672958374
6528,2022-01-19 07:01:20,517427,3152.371883392334
6529,2022-01-19 07:01:21,517427,3163.7959480285645
6530,2022-01-19 07:01:22,517427,3193.9451694488525
6531,2022-01-19 07:01:24,517427,3158.2305431365967
6532,2022-01-19 07:01:31,517427,3179.572105407715
6533,2022-01-19 07:01:32,517427,3155.19380569458
6534,2022-01-19 07:01:39,517427,3162.4016761779785
6535,2022-01-19 08:01:07,517427,3174.3409633636475
6536,2022-01-19 08:01:16,517427,3158.003807067871
6537,2022-01-19 08:01:26,517427,3171.710729598999
6538,2022-01-19 08:01:33,517427,3253.5970211029053
6539,2022-01-19 08:01:41,517427,3168.224573135376
6540,2022-01-19 08:01:45,517427,3184.100866317749
6541,2022-01-19 06:01:02,517428,3164.3683910369873
6542,2022-01-19 06:01:41,517428,3146.7533111572266
6543,2022-01-19 07:01:22,517428,3148.085117340088
6544,2022-01-19 07:01:49,517428,3147.5327014923096
6545,2022-01-19 08:01:09,517428,3137.3958587646484
6546,2022-01-19 08:01:22,517428,3164.090633392334
6547,2022-01-19 09:01:10,517428,3145.063638687134
6548,2022-01-19 09:01:21,517428,3136.1703872680664
6549,2022-01-19 09:01:33,517428,3104.252815246582
6550,2022-01-19 09:01:46,517428,3177.3812770843506
6551,2022-01-19 07:01:48,517429,3177.8204441070557
6552,2022-01-19 08:01:44,517429,3158.860206604004
6553,2022-01-19 09:01:20,517429,3145.8303928375244
6554,2022-01-19 09:01:53,517429,3228.0726432800293
6555,2022-01-19 07:01:51,517430,3175.703763961792
6556,2022-01-19 08:01:48,517430,3142.937421798706
6557,2022-01-19 09:01:53,517430,3160.5777740478516
6558,2022-01-19 09:01:34,517431,3120.164394378662
6559,2022-01-19 10:01:21,517431,3162.18638420105
6560,2022-01-19 10:01:30,517431,3128.7012100219727
6561,2022-01-19 10:01:46,517431,3148.8776206970215
6562,2022-01-19 10:01:55,517431,3157.1884155273438
6563,2022-01-19 12:01:33,517431,3134.5081329345703
6564,2022-01-19 12:01:42,517431,3131.387233734131
6565,2022-01-19 12:01:50,517431,3151.925563812256
6566,2022-01-19 01:01:13,517432,3174.4344234466553
6567,2022-01-19 01:01:26,517432,3157.8755378723145
6568,2022-01-19 01:01:42,517432,3127.046823501587
6569,2022-01-19 01:01:44,517432,3162.86563873291
6570,2022-01-19 01:01:53,517432,3145.956516265869
6571,2022-01-19 02:01:00,517432,3196.3417530059814
6572,2022-01-19 12:01:23,517432,3136.244058609009
6573,2022-01-19 02:01:21,517433,3149.989604949951
6574,2022-01-19 02:01:07,517437,3140.321969985962
6575,2022-01-19 03:01:38,517437,3213.2568359375
6576,2022-01-19 03:01:48,517437,3136.700391769409
6577,2022-01-19 03:01:55,517438,3134.8419189453125
6578,2022-01-19 03:01:57,517438,3125.24676322937
6579,2022-01-19 04:01:49,517439,3199.697256088257
6580,2022-01-19 04:01:02,517441,3147.285223007202
6581,2022-01-19 05:01:00,517442,3178.11918258667
6582,2022-01-19 05:01:09,517442,3181.912899017334
6583,2022-01-19 05:01:10,517442,3175.9393215179443
6584,2022-01-19 06:01:39,517442,3186.116933822632
6585,2022-01-19 07:01:18,517446,3192.664623260498
6586,2022-01-19 08:01:15,517449,3148.2386589050293
6587,2022-01-19 08:01:08,517451,3286.69810295105
6588,2022-01-19 10:01:02,517451,3115.464210510254
6589,2022-01-19 11:01:38,517458,3126.5368461608887
6590,2022-01-20 12:01:13,517458,3119.8012828826904
6591,2022-01-20 01:01:12,517462,3108.6907386779785
6592,2022-01-20 02:01:40,517462,3144.1986560821533
6593,2022-01-20 04:01:58,517467,3112.6036643981934
6594,2022-01-20 04:01:09,517468,3202.7392387390137
6595,2022-01-20 06:01:05,517468,3142.225742340088
6596,2022-01-20 05:01:22,517469,3374.177932739258
6597,2022-01-20 05:01:29,517469,3128.5228729248047
6598,2022-01-20 06:01:03,517469,3167.689323425293
6599,2022-01-20 06:01:30,517469,3145.6825733184814
6600,2022-01-20 01:01:01,517470,3158.8845252990723
6601,2022-01-20 01:01:41,517470,3161.323308944702
6602,2022-01-20 01:01:55,517470,3140.130043029785
6603,2022-01-20 02:01:44,517470,3141.812562942505
6604,2022-01-20 04:01:55,517470,3204.967260360718
6605,2022-01-20 06:01:03,517470,3145.8072662353516
6606,2022-01-20 06:01:22,517470,3155.442476272583
6607,2022-01-20 06:01:39,517470,3130.206823348999
6608,2022-01-20 07:01:09,517470,3237.0595932006836
6609,2022-01-20 07:01:30,517470,3165.714979171753
6610,2022-01-20 07:01:33,517470,3130.624771118164
6611,2022-01-20 08:01:35,517470,3185.882091522217
6612,2022-01-20 11:01:22,517470,3168.638229370117
6613,2022-01-20 11:01:44,517470,3144.6518898010254
6614,2022-01-20 12:01:02,517470,3154.240369796753
6615,2022-01-20 12:01:34,517470,3221.428394317627
6616,2022-01-20 12:01:41,517470,3158.518075942993
6617,2022-01-20 12:01:49,517470,3163.323163986206
6618,2022-01-20 02:01:00,517471,3138.1046772003174
6619,2022-01-20 02:01:05,517471,3151.125431060791
6620,2022-01-20 02:01:51,517471,3142.2526836395264
6621,2022-01-20 03:01:30,517471,3145.9357738494873
6622,2022-01-20 03:01:59,517471,3171.966791152954
6623,2022-01-20 03:01:57,517472,3121.3912963867188
6624,2022-01-20 03:01:33,517473,3234.902858734131
6625,2022-01-20 03:01:50,517473,3178.325891494751
6626,2022-01-20 04:01:18,517474,3143.3169841766357
6627,2022-01-20 04:01:38,517474,3168.4679985046387
6628,2022-01-20 05:01:09,517476,3176.2192249298096
6629,2022-01-20 05:01:35,517476,3178.337812423706
6630,2022-01-20 05:01:40,517476,3202.5816440582275
6631,2022-01-20 07:01:25,517476,3133.6865425109863
6632,2022-01-20 06:01:33,517478,3201.341152191162
6633,2022-01-20 06:01:18,517479,3195.206642150879
6634,2022-01-20 08:01:32,517480,3155.5233001708984
6635,2022-01-20 08:01:13,517482,3156.402826309204
6636,2022-01-21 11:01:02,517482,3160.5405807495117
6637,2022-01-21 11:01:26,517482,3139.8632526397705
6638,2022-01-21 11:01:34,517482,3159.3148708343506
6639,2022-01-20 09:01:03,517483,3148.3099460601807
6640,2022-01-20 09:01:28,517483,3161.7722511291504
6641,2022-01-20 10:01:36,517484,3214.7815227508545
6642,2022-01-20 09:01:38,517485,3136.5184783935547
6643,2022-01-20 11:01:22,517489,3194.2338943481445
6644,2022-01-20 11:01:12,517491,3081.5019607543945
6645,2022-01-21 01:01:59,517494,3169.9085235595703
6646,2022-01-21 01:01:48,517498,3156.3661098480225
6647,2022-01-21 01:01:54,517500,3155.2774906158447
6648,2022-01-21 02:01:36,517500,3163.0914211273193
6649,2022-01-21 03:01:18,517500,3261.0299587249756
6650,2022-01-21 05:01:08,517500,3148.583173751831
6651,2022-01-21 06:01:36,517500,3167.163133621216
6652,2022-01-21 07:01:19,517500,3164.8812294006348
6653,2022-01-21 07:01:25,517500,3201.5700340270996
6654,2022-01-21 07:01:44,517500,3136.7337703704834
6655,2022-01-21 07:01:50,517500,3146.287441253662
6656,2022-01-21 08:01:26,517500,3149.6989727020264
6657,2022-01-21 08:01:42,517500,3120.9893226623535
6658,2022-01-21 09:01:23,517500,3097.675085067749
6659,2022-01-21 09:01:41,517500,3112.983226776123
6660,2022-01-21 10:01:10,517500,3154.764413833618
6661,2022-01-21 10:01:37,517500,3137.219190597534
6662,2022-01-21 11:01:41,517500,3125.8914470672607
6663,2022-01-21 11:01:43,517500,3163.8686656951904
6664,2022-01-21 12:01:17,517500,3142.2388553619385
6665,2022-01-21 12:01:51,517500,3113.7402057647705
6666,2022-01-21 02:01:35,517501,3167.2115325927734
6667,2022-01-21 12:01:00,517501,3150.026321411133
6668,2022-01-21 12:01:26,517501,3111.302137374878
6669,2022-01-21 01:01:37,517502,3226.8128395080566
6670,2022-01-21 02:01:10,517502,3130.6872367858887
6671,2022-01-21 02:01:46,517502,3145.9531784057617
6672,2022-01-21 02:01:53,517502,3118.424654006958
6673,2022-01-21 02:01:57,517502,3156.8171977996826
6674,2022-01-21 03:01:05,517502,3128.1979084014893
6675,2022-01-21 04:01:34,517502,3172.618627548218
6676,2022-01-21 04:01:56,517502,3152.219772338867
6677,2022-01-21 03:01:59,517503,3138.6044025421143
6678,2022-01-21 03:01:35,517504,3177.34956741333
6679,2022-01-21 04:01:39,517504,3143.6634063720703
6680,2022-01-21 04:01:45,517504,3223.3853340148926
6681,2022-01-21 04:01:55,517504,3164.0007495880127
6682,2022-01-21 05:01:53,517504,3125.4653930664062
6683,2022-01-21 04:01:51,517505,3184.6446990966797
6684,2022-01-21 05:01:59,517505,3184.8886013031006
6685,2022-01-21 05:01:31,517506,3137.1240615844727
6686,2022-01-21 06:01:38,517506,3136.9149684906006
6687,2022-01-21 05:01:29,517507,3227.4718284606934
6688,2022-01-21 06:01:32,517508,3173.102617263794
6689,2022-01-21 06:01:02,517510,3175.706148147583
6690,2022-01-21 06:01:23,517510,3176.9461631774902
6691,2022-01-21 07:01:31,517511,3151.047945022583
6692,2022-01-21 07:01:56,517515,3092.6859378814697
6693,2022-01-21 08:01:26,517515,3126.8680095672607
6694,2022-01-21 08:01:01,517517,3126.6257762908936
6695,2022-01-21 08:01:55,517517,3147.4156379699707
6696,2022-01-21 10:01:20,517520,3116.5878772735596
6697,2022-01-21 11:01:31,517520,3140.9645080566406
6698,2022-01-21 11:01:25,517521,3332.332134246826
6699,2022-01-21 11:01:38,517521,3152.963161468506
6700,2022-01-22 01:01:05,517526,3137.2663974761963
6701,2022-01-22 12:01:52,517526,3138.8111114501953
6702,2022-01-22 03:01:56,517535,3187.7267360687256
6703,2022-01-22 04:01:26,517535,3192.5432682037354
6704,2022-01-22 06:01:30,517535,3142.5271034240723
6705,2022-01-22 07:01:38,517535,3139.8026943206787
6706,2022-01-22 07:01:51,517535,3153.8426876068115
6707,2022-01-22 08:01:31,517535,3144.056558609009
6708,2022-01-22 09:01:17,517535,3141.131639480591
6709,2022-01-22 10:01:26,517535,3159.780502319336
6710,2022-01-22 08:01:30,517538,3174.516439437866
6711,2022-01-22 09:01:27,517538,3203.16743850708
6712,2022-01-23 04:01:56,517539,3121.4985847473145
6713,2022-01-23 05:01:43,517539,3222.651958465576
6714,2022-01-23 08:01:30,517539,3161.407947540283
6715,2022-01-23 01:01:34,517540,3189.7599697113037
6716,2022-01-23 01:01:39,517540,3123.1930255889893
6717,2022-01-23 02:01:13,517540,3185.1086616516113
6718,2022-01-23 03:01:58,517540,3138.7414932250977
6719,2022-01-23 04:01:02,517541,3155.9700965881348
6720,2022-01-23 08:01:01,517543,3123.717784881592
6721,2022-01-23 09:01:38,517543,3175.8759021759033
6722,2022-01-23 10:01:00,517543,3169.4884300231934
6723,2022-01-23 10:01:10,517543,3325.2453804016113
6724,2022-01-23 10:01:33,517543,3153.942346572876
6725,2022-01-24 01:01:16,517543,3149.700880050659
6726,2022-01-24 01:01:44,517543,3190.5572414398193
6727,2022-01-24 12:01:03,517543,3155.5089950561523
6728,2022-01-24 12:01:05,517543,3195.2335834503174
6729,2022-01-24 12:01:23,517543,3169.2278385162354
6730,2022-01-24 04:01:07,517547,3161.7345809936523
6731,2022-01-24 05:01:38,517547,3173.621654510498
6732,2022-01-24 06:01:16,517547,3395.0281143188477
6733,2022-01-24 05:01:43,517548,3156.264305114746
6734,2022-01-24 06:01:55,517548,3152.7750492095947
6735,2022-01-24 07:01:23,517548,3144.50740814209
6736,2022-01-24 07:01:51,517548,3152.517318725586
6737,2022-01-24 06:01:32,517549,3173.5739707946777
6738,2022-01-24 06:01:40,517549,3187.997817993164
6739,2022-01-24 07:01:56,517549,3143.481492996216
6740,2022-01-24 08:01:25,517549,3177.957534790039
6741,2022-01-24 09:01:40,517550,3200.6285190582275
6742,2022-01-24 10:01:09,517550,3189.5594596862793
6743,2022-01-24 10:01:02,517551,3157.952308654785
6744,2022-01-24 10:01:28,517551,3137.589454650879
6745,2022-01-24 12:01:51,517551,3208.0321311950684
6746,2022-01-24 01:01:25,517552,3169.509172439575
6747,2022-01-24 11:01:38,517552,3167.2518253326416
6748,2022-01-24 11:01:47,517552,3154.6683311462402
6749,2022-01-24 11:01:59,517552,3173.68221282959
6750,2022-01-24 12:01:43,517552,3132.936477661133
6751,2022-01-24 12:01:57,517552,3138.9105319976807
6752,2022-01-24 12:01:12,517553,3125.427007675171
6753,2022-01-24 02:01:58,517554,3184.3910217285156
6754,2022-01-24 01:01:04,517555,3165.0850772857666
6755,2022-01-24 01:01:44,517555,3144.2251205444336
6756,2022-01-24 02:01:30,517555,3196.100950241089
6757,2022-01-24 02:01:36,517555,3143.918514251709
6758,2022-01-24 03:01:02,517555,3451.9636631011963
6759,2022-01-24 03:01:28,517555,3184.638261795044
6760,2022-01-24 03:01:54,517555,3164.8263931274414
6761,2022-01-24 07:01:10,517555,3148.897171020508
6762,2022-01-24 07:01:15,517555,3177.497625350952
6763,2022-01-25 01:01:56,517555,3151.0257720947266
6764,2022-01-25 02:01:43,517555,3170.7944869995117
6765,2022-01-24 03:01:21,517556,3190.8175945281982
6766,2022-01-24 03:01:25,517556,3136.378288269043
6767,2022-01-24 03:01:29,517556,3132.1465969085693
6768,2022-01-24 03:01:41,517556,3151.8120765686035
6769,2022-01-24 03:01:57,517556,3145.9503173828125
6770,2022-01-24 04:01:03,517556,3153.5637378692627
6771,2022-01-24 04:01:25,517556,3281.3894748687744
6772,2022-01-24 04:01:36,517556,3181.8504333496094
6773,2022-01-24 04:01:41,517556,3172.511577606201
6774,2022-01-24 04:01:46,517556,3147.822618484497
6775,2022-01-24 04:01:54,517556,3135.143995285034
6776,2022-01-24 05:01:50,517556,3038.680076599121
6777,2022-01-24 07:01:07,517556,3079.702615737915
6778,2022-01-24 07:01:11,517556,3144.5717811584473
6779,2022-01-24 07:01:31,517556,3039.731025695801
6780,2022-01-25 12:01:00,517556,3115.9393787384033
6781,2022-01-25 12:01:26,517556,3162.5330448150635
6782,2022-01-25 12:01:27,517556,3156.572103500366
6783,2022-01-25 12:01:49,517556,3161.146879196167
6784,2022-01-24 04:01:48,517559,3130.537271499634
6785,2022-01-24 05:01:09,517559,3189.8880004882812
6786,2022-01-24 06:01:59,517559,3155.4665565490723
6787,2022-01-24 06:01:29,517561,3148.0040550231934
6788,2022-01-24 07:01:25,517561,3092.5076007843018
6789,2022-01-24 08:01:54,517561,3152.2319316864014
6790,2022-01-24 07:01:39,517562,3192.1870708465576
6791,2022-01-24 09:01:50,517562,3194.748640060425
6792,2022-01-24 08:01:35,517563,3186.8648529052734
6793,2022-01-24 09:01:05,517564,3148.2315063476562
6794,2022-01-24 09:01:17,517564,3102.013111114502
6795,2022-01-24 09:01:41,517564,3182.863235473633
6796,2022-01-24 10:01:43,517564,3160.3381633758545
6797,2022-01-24 10:01:59,517564,3143.810272216797
6798,2022-01-25 01:01:24,517568,3158.7910652160645
6799,2022-01-25 01:01:30,517568,3120.197296142578
6800,2022-01-25 01:01:42,517568,3123.6343383789062
6801,2022-01-25 02:01:54,517568,3200.984001159668
6802,2022-01-25 03:01:06,517568,3133.0502033233643
6803,2022-01-25 04:01:15,517568,3306.1366081237793
6804,2022-01-25 04:01:24,517568,3111.0126972198486
6805,2022-01-25 05:01:19,517568,3119.389295578003
6806,2022-01-25 05:01:25,517568,3161.284923553467
6807,2022-01-25 05:01:36,517568,3178.959846496582
6808,2022-01-25 05:01:07,517573,3208.695888519287
6809,2022-01-25 06:01:03,517573,3039.118766784668
6810,2022-01-25 06:01:41,517573,3259.5012187957764
6811,2022-01-25 06:01:46,517573,3034.109354019165
6812,2022-01-25 01:01:31,517574,3261.202573776245
6813,2022-01-25 01:01:46,517574,2998.913049697876
6814,2022-01-25 07:01:05,517574,3044.96169090271
6815,2022-01-25 07:01:42,517574,3073.2181072235107
6816,2022-01-25 07:01:52,517574,3079.7555446624756
6817,2022-01-25 08:01:17,517574,3024.522304534912
6818,2022-01-25 08:01:36,517574,3064.2592906951904
6819,2022-01-25 08:01:53,517574,3034.9833965301514
6820,2022-01-25 09:01:17,517574,3046.600818634033
6821,2022-01-25 09:01:46,517574,3038.896322250366
6822,2022-01-25 10:01:09,517574,3052.7305603027344
6823,2022-01-25 11:01:58,517574,3032.487630844116
6824,2022-01-25 11:01:35,517575,3081.637382507324
6825,2022-01-25 01:01:36,517577,3060.697555541992
6826,2022-01-25 12:01:41,517577,3077.436685562134
6827,2022-01-25 01:01:03,517578,3053.54642868042
6828,2022-01-25 02:01:22,517578,3030.6453704833984
6829,2022-01-25 02:01:45,517578,3048.705816268921
6830,2022-01-25 02:01:56,517578,3071.1255073547363
6831,2022-01-25 03:01:02,517578,3086.5015983581543
6832,2022-01-25 03:01:23,517578,3055.9701919555664
6833,2022-01-25 02:01:58,517580,3069.7662830352783
6834,2022-01-25 03:01:23,517580,3077.4753093719482
6835,2022-01-25 03:01:28,517580,3389.765977859497
6836,2022-01-25 03:01:34,517580,3056.464672088623
6837,2022-01-25 03:01:48,517580,3073.3704566955566
6838,2022-01-25 04:01:01,517580,3061.2943172454834
6839,2022-01-25 04:01:01,517580,3058.563470840454
6840,2022-01-25 04:01:10,517580,3044.1207885742188
6841,2022-01-25 04:01:27,517580,3117.995262145996
6842,2022-01-25 04:01:38,517580,3065.9756660461426
6843,2022-01-25 04:01:48,517580,3068.6867237091064
6844,2022-01-25 04:01:50,517580,3062.156915664673
6845,2022-01-25 05:01:07,517580,3054.1844367980957
6846,2022-01-25 05:01:11,517580,3044.142961502075
6847,2022-01-25 05:01:18,517580,3070.00470161438
6848,2022-01-25 05:01:22,517580,3067.004919052124
6849,2022-01-25 05:01:42,517580,3050.713300704956
6850,2022-01-25 05:01:44,517580,3064.854145050049
6851,2022-01-25 05:01:59,517580,3066.71404838562
6852,2022-01-25 06:01:00,517580,3402.8751850128174
6853,2022-01-25 06:01:08,517580,3062.7260208129883
6854,2022-01-25 06:01:54,517580,3076.6196250915527
6855,2022-01-25 06:01:58,517580,3078.0789852142334
6856,2022-01-25 07:01:12,517580,3061.882972717285
6857,2022-01-25 07:01:16,517580,3044.7521209716797
6858,2022-01-25 07:01:19,517580,3079.0064334869385
6859,2022-01-25 07:01:24,517580,3049.5266914367676
6860,2022-01-25 06:01:07,517582,3066.455841064453
6861,2022-01-25 07:01:12,517582,3075.0625133514404
6862,2022-01-25 07:01:30,517582,3115.6322956085205
6863,2022-01-25 07:01:33,517582,3075.530767440796
6864,2022-01-25 07:01:41,517582,3058.3486557006836
6865,2022-01-25 08:01:10,517582,3080.6353092193604
6866,2022-01-25 08:01:11,517582,3080.784797668457
6867,2022-01-25 08:01:13,517582,3062.725305557251
6868,2022-01-25 08:01:19,517582,3073.5838413238525
6869,2022-01-25 08:01:26,517582,3056.704521179199
6870,2022-01-25 09:01:03,517582,3058.2799911499023
6871,2022-01-25 09:01:27,517582,3085.893392562866
6872,2022-01-25 09:01:56,517582,3027.669668197632
6873,2022-01-25 10:01:00,517582,3069.3492889404297
6874,2022-01-25 10:01:13,517582,3063.491106033325
6875,2022-01-26 08:01:00,517582,3067.027807235718
6876,2022-01-26 08:01:09,517582,3036.135196685791
6877,2022-01-26 08:01:49,517582,3042.6862239837646
6878,2022-01-26 08:01:58,517582,3077.3417949676514
6879,2022-01-25 08:01:23,517583,3056.995391845703
6880,2022-01-25 08:01:26,517583,3049.0527153015137
6881,2022-01-25 09:01:16,517583,3051.9680976867676
6882,2022-01-25 09:01:21,517583,3078.789472579956
6883,2022-01-25 09:01:43,517583,3125.223159790039
6884,2022-01-25 09:01:53,517583,3036.6873741149902
6885,2022-01-25 09:01:56,517583,3081.1455249786377
6886,2022-01-25 10:01:10,517583,3192.0313835144043
6887,2022-01-25 10:01:45,517583,3089.9155139923096
6888,2022-01-25 10:01:45,517583,3061.962366104126
6889,2022-01-25 10:01:54,517584,3047.938108444214
6890,2022-01-25 11:01:36,517584,3064.1088485717773
6891,2022-01-25 10:01:11,517586,3077.0606994628906
6892,2022-01-25 11:01:07,517586,3120.7587718963623
6893,2022-01-26 02:01:51,517586,3045.4249382019043
6894,2022-01-26 02:01:56,517586,3057.159423828125
6895,2022-01-26 12:01:14,517586,3044.0051555633545
6896,2022-01-26 12:01:40,517586,3066.0476684570312
6897,2022-01-25 11:01:16,517588,3053.908586502075
6898,2022-01-25 11:01:33,517588,3076.7464637756348
6899,2022-01-26 01:01:37,517588,3161.8642807006836
6900,2022-01-26 02:01:26,517596,3081.843376159668
6901,2022-01-26 02:01:27,517597,3103.9984226226807
6902,2022-01-26 06:01:13,517600,3165.2867794036865
6903,2022-01-26 06:01:44,517600,3086.8003368377686
6904,2022-01-26 08:01:06,517600,3099.421977996826
6905,2022-01-26 08:01:37,517600,3093.963623046875
6906,2022-01-26 09:01:55,517600,3102.8196811676025
6907,2022-01-26 10:01:02,517600,3350.3036499023438
6908,2022-01-26 10:01:03,517601,3088.860034942627
6909,2022-01-26 10:01:00,517602,3090.613842010498
6910,2022-01-26 10:01:19,517602,3078.2532691955566
6911,2022-01-26 11:01:07,517602,3394.451141357422
6912,2022-01-26 11:01:15,517602,3159.7139835357666
6913,2022-01-26 11:01:29,517602,3212.306499481201
6914,2022-01-26 11:01:52,517602,3100.865364074707
6915,2022-01-26 11:01:52,517602,3087.634801864624
6916,2022-01-26 11:01:02,517603,3116.657018661499
6917,2022-01-26 11:01:54,517603,3086.4295959472656
6918,2022-01-26 12:01:32,517604,3148.7090587615967
6919,2022-01-26 01:01:07,517606,3109.8556518554688
6920,2022-01-26 01:01:42,517606,3128.0784606933594
6921,2022-01-26 12:01:13,517606,3108.574390411377
6922,2022-01-26 12:01:24,517606,3379.9593448638916
6923,2022-01-26 12:01:56,517606,3209.169387817383
6924,2022-01-26 03:01:02,517607,3082.871198654175
6925,2022-01-26 03:01:30,517607,3094.0041542053223
6926,2022-01-26 07:01:36,517607,3108.8850498199463
6927,2022-01-26 03:01:01,517608,3140.8677101135254
6928,2022-01-26 03:01:58,517608,3132.111072540283
6929,2022-01-26 03:01:37,517610,3119.48561668396
6930,2022-01-26 04:01:56,517611,3072.138547897339
6931,2022-01-26 08:01:21,517619,3044.0707206726074
6932,2022-01-26 08:01:51,517619,3047.886848449707
6933,2022-01-26 08:01:48,517620,3066.1911964416504
6934,2022-01-26 09:01:59,517620,3072.92103767395
6935,2022-01-27 03:01:01,517627,3093.9855575561523
6936,2022-01-27 01:01:14,517628,3085.0071907043457
6937,2022-01-27 01:01:15,517628,3081.2442302703857
6938,2022-01-27 01:01:19,517628,3063.051700592041
6939,2022-01-27 01:01:19,517628,3074.52654838562
6940,2022-01-27 01:01:37,517628,3070.45578956604
6941,2022-01-27 01:01:39,517628,3043.394088745117
6942,2022-01-27 01:01:40,517628,3055.8059215545654
6943,2022-01-27 01:01:42,517628,3054.077625274658
6944,2022-01-27 01:01:43,517628,3063.502550125122
6945,2022-01-27 01:01:46,517628,3063.0388259887695
6946,2022-01-27 02:01:04,517628,3103.9559841156006
6947,2022-01-27 02:01:43,517628,3084.5940113067627
6948,2022-01-27 03:01:11,517628,3106.3976287841797
6949,2022-01-27 05:01:04,517628,3122.5056648254395
6950,2022-01-27 05:01:20,517628,3075.035333633423
6951,2022-01-27 05:01:30,517628,3079.5106887817383
6952,2022-01-27 06:01:18,517628,3098.384380340576
6953,2022-01-27 07:01:09,517628,3071.063995361328
6954,2022-01-27 07:01:37,517628,3081.3775062561035
6955,2022-01-27 07:01:51,517628,3069.291353225708
6956,2022-01-27 08:01:00,517628,3105.1816940307617
6957,2022-01-27 10:01:17,517628,3114.4509315490723
6958,2022-01-27 11:01:14,517628,3044.0664291381836
6959,2022-01-27 11:01:34,517628,3074.254035949707
6960,2022-01-27 11:01:48,517628,3051.243305206299
6961,2022-01-27 11:01:57,517628,3109.3361377716064
6962,2022-01-27 12:01:55,517628,3095.914602279663
6963,2022-01-27 02:01:05,517629,3101.15122795105
6964,2022-01-27 02:01:33,517629,3061.4802837371826
6965,2022-01-27 02:01:37,517629,3073.9316940307617
6966,2022-01-27 03:01:45,517629,3098.1197357177734
6967,2022-01-27 06:01:16,517629,3063.420295715332
6968,2022-01-27 06:01:33,517630,3062.927722930908
6969,2022-01-27 06:01:48,517630,3078.774929046631
6970,2022-01-27 06:01:57,517631,3098.663568496704
6971,2022-01-27 07:01:01,517633,3073.070526123047
6972,2022-01-27 07:01:10,517633,3067.920207977295
6973,2022-01-27 07:01:57,517633,3045.478343963623
6974,2022-01-27 08:01:35,517635,3173.236846923828
6975,2022-01-27 11:01:12,517635,3085.4949951171875
6976,2022-01-27 11:01:39,517635,3042.78826713562
6977,2022-01-27 11:01:52,517635,3109.382152557373
6978,2022-01-28 01:01:03,517635,3085.4928493499756
6979,2022-01-28 12:01:39,517635,3287.773609161377
6980,2022-01-28 12:01:40,517636,3082.303524017334
6981,2022-01-30 09:01:56,517636,3106.043815612793
6982,2022-01-28 01:01:17,517637,3092.4971103668213
6983,2022-01-28 02:01:42,517637,3092.180013656616
6984,2022-01-28 01:01:23,517640,3074.9101638793945
6985,2022-01-28 02:01:10,517642,3073.603868484497
6986,2022-01-28 02:01:57,517643,3190.3023719787598
6987,2022-01-28 02:01:36,517644,3086.2295627593994
6988,2022-01-28 02:01:20,517645,3110.180139541626
6989,2022-01-28 03:01:11,517646,3065.7944679260254
6990,2022-01-28 04:01:50,517647,3055.0217628479004
6991,2022-01-28 07:01:25,517649,3059.0133666992188
6992,2022-01-28 08:01:30,517649,3060.2946281433105
6993,2022-01-28 09:01:13,517649,3080.2135467529297
6994,2022-01-28 08:01:14,517650,3088.1412029266357
6995,2022-01-28 09:01:30,517651,3126.8393993377686
6996,2022-01-28 10:01:18,517651,3154.186248779297
6997,2022-01-28 10:01:18,517651,3126.3833045959473
6998,2022-01-28 10:01:47,517651,3096.616506576538
6999,2022-01-28 11:01:03,517651,3077.8844356536865
7000,2022-01-28 11:01:13,517651,3074.3305683135986
7001,2022-01-28 12:01:13,517651,3101.8226146698
7002,2022-01-28 01:01:37,517652,3086.439609527588
7003,2022-01-28 11:01:33,517652,3090.817451477051
7004,2022-01-28 11:01:59,517652,3088.0486965179443
7005,2022-01-28 12:01:13,517652,3106.994390487671
7006,2022-01-28 12:01:25,517652,3115.6563758850098
7007,2022-01-28 12:01:33,517652,3116.307020187378
7008,2022-01-28 12:01:55,517652,3091.249704360962
7009,2022-01-28 12:01:58,517652,3063.2152557373047
7010,2022-01-28 03:01:50,517653,3078.1593322753906
7011,2022-01-28 04:01:32,517653,3077.756643295288
7012,2022-01-28 01:01:38,517654,3095.533609390259
7013,2022-01-28 02:01:09,517654,3119.190216064453
7014,2022-01-28 03:01:27,517654,3088.076591491699
7015,2022-01-28 02:01:20,517656,3110.5332374572754
7016,2022-01-28 04:01:18,517656,3095.6246852874756
7017,2022-01-28 05:01:04,517661,3079.6267986297607
7018,2022-01-28 06:01:40,517663,3122.675657272339
7019,2022-01-28 06:01:54,517663,3093.380928039551
7020,2022-01-28 08:01:45,517663,3088.860273361206
7021,2022-01-28 07:01:24,517664,3110.8479499816895
7022,2022-01-28 08:01:07,517664,3126.7592906951904
7023,2022-01-28 07:01:10,517665,3110.623598098755
7024,2022-01-28 07:01:10,517665,3050.755262374878
7025,2022-01-28 08:01:03,517665,3291.6531562805176
7026,2022-01-28 08:01:51,517665,3056.0696125030518
7027,2022-01-28 09:01:12,517665,3124.925136566162
7028,2022-01-28 09:01:39,517665,3095.4504013061523
7029,2022-01-28 10:01:07,517665,3147.341012954712
7030,2022-01-28 10:01:41,517665,3093.5795307159424
7031,2022-01-28 10:01:03,517667,3070.2154636383057
7032,2022-01-28 10:01:19,517668,3111.239433288574
7033,2022-01-28 11:01:11,517668,3103.755235671997
7034,2022-01-29 12:01:36,517668,3103.7683486938477
7035,2022-01-29 12:01:40,517668,3092.8702354431152
7036,2022-01-31 05:01:03,517668,3085.8733654022217
7037,2022-01-31 05:01:05,517668,3105.3249835968018
7038,2022-01-31 05:01:07,517668,3111.966133117676
7039,2022-01-31 05:01:11,517668,3097.4409580230713
7040,2022-01-28 10:01:09,517669,3099.6880531311035
7041,2022-01-28 10:01:13,517669,3106.5526008605957
7042,2022-01-29 12:01:45,517669,3106.3547134399414
7043,2022-01-28 11:01:29,517670,3132.260322570801
7044,2022-01-29 01:01:05,517670,3088.1993770599365
7045,2022-01-29 01:01:33,517670,3044.2869663238525
7046,2022-01-29 01:01:51,517670,3093.881607055664
7047,2022-01-29 01:01:45,517673,3055.4356575012207
7048,2022-01-29 01:01:55,517673,3062.9711151123047
7049,2022-01-29 03:01:50,517673,3177.476167678833
7050,2022-01-29 08:01:40,517676,3081.4123153686523
7051,2022-01-29 02:01:26,517677,3070.9826946258545
7052,2022-01-29 02:01:46,517677,3055.485963821411
7053,2022-01-29 02:01:50,517677,3052.527666091919
7054,2022-01-30 01:01:00,517678,3056.579113006592
7055,2022-01-30 02:01:43,517678,3070.488214492798
7056,2022-01-30 04:01:13,517678,3074.636459350586
7057,2022-01-30 04:01:54,517678,3152.4477005004883
7058,2022-01-30 12:01:27,517678,3076.4901638031006
7059,2022-01-30 01:01:57,517679,3046.8854904174805
7060,2022-01-30 12:01:49,517679,3066.951036453247
7061,2022-01-30 05:01:15,517680,3069.2741870880127
7062,2022-01-31 11:01:00,517686,3091.886043548584
7063,2022-01-31 12:01:06,517686,3093.312978744507
7064,2022-01-31 11:01:52,517687,3085.9389305114746
7065,2022-01-31 11:01:54,517687,3082.2646617889404
7066,2022-01-31 01:01:00,517688,3061.627149581909
7067,2022-01-31 01:01:52,517688,3070.5649852752686
7068,2022-01-31 02:01:00,517688,3067.8372383117676
7069,2022-01-31 02:01:01,517688,3061.2072944641113
7070,2022-01-31 05:01:25,517688,3093.8663482666016
7071,2022-01-31 12:01:39,517688,3118.2425022125244
7072,2022-01-31 01:01:10,517689,3064.8412704467773
7073,2022-01-31 01:01:38,517689,3059.049367904663
7074,2022-01-31 02:01:17,517689,3066.3793087005615
7075,2022-01-31 02:01:57,517689,3055.7804107666016
7076,2022-01-31 03:01:53,517689,3084.876775741577
7077,2022-01-31 05:01:19,517689,3109.144449234009
7078,2022-01-31 02:01:52,517690,3112.9884719848633
7079,2022-01-31 03:01:13,517690,3122.225761413574
7080,2022-01-31 05:01:26,517690,3112.6811504364014
7081,2022-01-31 05:01:29,517690,3061.5475177764893
7082,2022-01-31 05:01:44,517690,3071.969747543335
7083,2022-01-31 05:01:44,517690,3072.169065475464
7084,2022-01-31 05:01:47,517690,3074.9967098236084
7085,2022-01-31 05:01:22,517691,3076.4689445495605
7086,2022-01-31 07:01:09,517691,3137.5937461853027
7087,2022-01-31 07:01:38,517691,3093.850612640381
7088,2022-01-31 07:01:41,517691,3098.085880279541
7089,2022-01-31 08:01:42,517691,3090.268611907959
7090,2022-01-31 07:01:47,517692,3062.673568725586
7091,2022-01-31 08:01:01,517692,3081.752300262451
7092,2022-01-31 09:01:25,517693,3054.9967288970947
7093,2022-01-31 09:01:41,517693,3061.717987060547
7094,2022-01-31 09:01:47,517693,3087.714433670044
7095,2022-01-31 09:01:54,517693,3092.510461807251
7096,2022-01-31 10:01:32,517693,3062.9045963287354
7097,2022-01-31 10:01:34,517693,3075.88529586792
7098,2022-01-31 11:01:05,517693,3101.6452312469482
7099,2022-01-31 11:01:16,517693,3109.8012924194336
7100,2022-01-31 11:01:29,517693,3070.14536857605
7101,2022-02-02 05:02:01,517693,3092.7305221557617
7102,2022-02-02 05:02:01,517693,3115.377426147461
7103,2022-02-02 05:02:44,517693,3118.5925006866455
7104,2022-02-02 06:02:57,517693,3095.39794921875
7105,2022-01-31 10:01:59,517695,3073.1656551361084
7106,2022-02-01 01:02:33,517704,3047.42431640625
7107,2022-02-01 05:02:03,517704,3069.148540496826
7108,2022-02-01 06:02:44,517704,3192.3062801361084
7109,2022-02-01 07:02:08,517704,3062.107801437378
7110,2022-02-01 07:02:22,517704,3051.255226135254
7111,2022-02-01 08:02:17,517704,3122.5669384002686
7112,2022-02-01 08:02:24,517704,3057.027578353882
7113,2022-02-01 10:02:08,517704,3043.1394577026367
7114,2022-02-01 11:02:13,517704,3044.931650161743
7115,2022-02-01 11:02:34,517704,3040.832757949829
7116,2022-02-01 11:02:56,517704,3129.83775138855
7117,2022-02-01 12:02:17,517704,3057.0266246795654
7118,2022-02-01 12:02:47,517704,3070.3704357147217
7119,2022-02-01 12:02:47,517704,3026.0980129241943
7120,2022-02-01 01:02:38,517705,3036.8707180023193
7121,2022-02-01 12:02:52,517705,3066.3418769836426
7122,2022-02-01 02:02:15,517706,3100.05521774292
7123,2022-02-01 03:02:52,517706,3121.8552589416504
7124,2022-02-01 02:02:50,517707,3222.4438190460205
7125,2022-02-01 04:02:33,517709,3157.165288925171
7126,2022-02-01 05:02:36,517709,3089.496374130249
7127,2022-02-01 04:02:40,517710,3282.9878330230713
7128,2022-02-01 05:02:26,517710,3121.0126876831055
7129,2022-02-01 07:02:58,517714,3104.555606842041
7130,2022-02-01 08:02:23,517714,3109.8380088806152
7131,2022-02-01 09:02:23,517714,3106.278896331787
7132,2022-02-01 08:02:17,517715,3109.8742485046387
7133,2022-02-01 09:02:06,517715,3100.034713745117
7134,2022-02-01 08:02:04,517716,3119.0786361694336
7135,2022-02-01 08:02:08,517716,3112.6441955566406
7136,2022-02-01 09:02:09,517719,3132.593870162964
7137,2022-02-01 10:02:30,517719,3113.9869689941406
7138,2022-02-01 10:02:52,517720,3101.6366481781006
7139,2022-02-01 11:02:23,517720,3109.4112396240234
7140,2022-02-01 10:02:39,517721,3132.5488090515137
7141,2022-02-01 11:02:57,517721,3120.7685470581055
7142,2022-02-02 01:02:03,517721,3102.609634399414
7143,2022-02-02 12:02:33,517721,3115.013599395752
7144,2022-02-02 02:02:34,517722,3218.2962894439697
7145,2022-02-02 01:02:26,517723,3141.7317390441895
7146,2022-02-02 01:02:32,517723,3100.5008220672607
7147,2022-02-02 01:02:37,517723,3139.2312049865723
7148,2022-02-02 02:02:51,517723,3146.9624042510986
7149,2022-02-02 03:02:22,517723,3138.9782428741455
7150,2022-02-02 04:02:57,517723,3131.9026947021484
7151,2022-02-02 06:02:18,517723,3136.0762119293213
7152,2022-02-02 10:02:06,517723,3154.5276641845703
7153,2022-02-02 10:02:14,517723,3132.148027420044
7154,2022-02-02 10:02:48,517723,3101.973295211792
7155,2022-02-02 11:02:07,517723,3121.422290802002
7156,2022-02-02 11:02:17,517723,3181.588649749756
7157,2022-02-02 11:02:55,517723,3132.6770782470703
7158,2022-02-02 12:02:49,517723,3209.7275257110596
7159,2022-02-02 12:02:17,517724,3111.4954948425293
7160,2022-02-02 01:02:44,517725,3097.8753566741943
7161,2022-02-02 03:02:06,517730,3132.7548027038574
7162,2022-02-02 03:02:52,517730,3115.6673431396484
7163,2022-02-02 04:02:26,517730,3096.785306930542
7164,2022-02-02 05:02:05,517731,3130.202054977417
7165,2022-02-02 06:02:02,517731,3105.8945655822754
7166,2022-02-02 06:02:06,517731,3129.453182220459
7167,2022-02-02 06:02:25,517731,3064.7318363189697
7168,2022-02-02 06:02:46,517731,3103.57666015625
7169,2022-02-02 07:02:52,517731,3111.279010772705
7170,2022-02-02 07:02:53,517731,3070.669412612915
7171,2022-02-02 08:02:18,517731,3055.494546890259
7172,2022-02-02 08:02:51,517731,3094.5217609405518
7173,2022-02-02 08:02:51,517731,3123.6965656280518
7174,2022-02-02 05:02:07,517732,3113.8687133789062
7175,2022-02-02 06:02:49,517732,3097.9979038238525
7176,2022-02-02 07:02:06,517732,3094.7813987731934
7177,2022-02-02 08:02:17,517732,3111.164331436157
7178,2022-02-02 09:02:06,517732,3129.2028427124023
7179,2022-02-02 09:02:52,517732,3142.7526473999023
7180,2022-02-02 11:02:02,517732,3076.120376586914
7181,2022-02-02 11:02:45,517732,3122.568368911743
7182,2022-02-02 11:02:45,517732,3121.928930282593
7183,2022-02-02 11:02:57,517732,3118.703603744507
7184,2022-02-02 07:02:36,517733,3113.5478019714355
7185,2022-02-02 08:02:03,517736,3061.652421951294
7186,2022-02-02 08:02:25,517736,3129.6277046203613
7187,2022-02-02 09:02:15,517736,3164.5753383636475
7188,2022-02-02 10:02:17,517738,3079.7832012176514
7189,2022-02-02 10:02:49,517738,3131.5295696258545
7190,2022-02-02 11:02:00,517738,3058.2287311553955
7191,2022-02-02 11:02:01,517738,3093.4886932373047
7192,2022-02-02 11:02:08,517738,3118.741035461426
7193,2022-02-02 11:02:43,517738,3122.281074523926
7194,2022-02-02 11:02:58,517738,3081.003189086914
7195,2022-02-03 02:02:29,517742,3070.0316429138184
7196,2022-02-03 03:02:36,517742,3035.5064868927
7197,2022-02-03 01:02:33,517749,3062.0830059051514
7198,2022-02-03 01:02:51,517749,3226.8617153167725
7199,2022-02-03 01:02:56,517749,3110.8314990997314
7200,2022-02-03 02:02:02,517749,3128.873825073242
7201,2022-02-03 02:02:44,517749,3079.660654067993
7202,2022-02-03 08:02:26,517749,3174.764633178711
7203,2022-02-03 08:02:57,517749,3097.491502761841
7204,2022-02-03 09:02:34,517749,3083.6503505706787
7205,2022-02-03 09:02:47,517749,3107.4700355529785
7206,2022-02-03 10:02:10,517749,3083.96577835083
7207,2022-02-03 10:02:20,517749,3125.5431175231934
7208,2022-02-03 10:02:29,517749,3081.313371658325
7209,2022-02-03 10:02:53,517749,3083.5323333740234
7210,2022-02-03 11:02:01,517749,3101.1085510253906
7211,2022-02-03 11:02:07,517749,3080.08074760437
7212,2022-02-03 11:02:19,517749,3098.2847213745117
7213,2022-02-03 12:02:13,517749,3088.8867378234863
7214,2022-02-03 12:02:31,517749,3079.0984630584717
7215,2022-02-03 12:02:39,517749,3092.9741859436035
7216,2022-02-03 01:02:35,517750,3093.1286811828613
7217,2022-02-03 02:02:39,517750,3116.2543296813965
7218,2022-02-03 03:02:44,517750,3114.170789718628
7219,2022-02-03 12:02:20,517750,3160.3615283966064
7220,2022-02-03 02:02:19,517751,3043.166160583496
7221,2022-02-03 03:02:21,517751,3058.5286617279053
7222,2022-02-03 02:02:23,517752,3129.453659057617
7223,2022-02-03 02:02:45,517752,3133.354663848877
7224,2022-02-03 03:02:42,517752,3112.839698791504
7225,2022-02-03 03:02:47,517752,3058.072090148926
7226,2022-02-03 04:02:04,517752,3128.345727920532
7227,2022-02-03 04:02:33,517752,3140.6404972076416
7228,2022-02-03 04:02:47,517752,3089.9741649627686
7229,2022-02-03 03:02:55,517753,3109.7216606140137
7230,2022-02-03 04:02:04,517754,3031.919240951538
7231,2022-02-03 05:02:42,517754,3073.5275745391846
7232,2022-02-03 04:02:18,517755,3103.039503097534
7233,2022-02-03 04:02:23,517755,3158.438205718994
7234,2022-02-03 05:02:34,517755,3034.381866455078
7235,2022-02-03 06:02:27,517755,3058.180809020996
7236,2022-02-03 05:02:07,517756,3056.352376937866
7237,2022-02-03 05:02:21,517756,3040.6062602996826
7238,2022-02-03 05:02:34,517756,3109.8060607910156
7239,2022-02-03 06:02:24,517756,3071.805953979492
7240,2022-02-03 06:02:38,517756,3043.9116954803467
7241,2022-02-03 06:02:38,517756,3116.673707962036
7242,2022-02-03 08:02:42,517760,3070.565938949585
7243,2022-02-03 09:02:39,517760,3328.834295272827
7244,2022-02-03 08:02:42,517761,3117.0756816864014
7245,2022-02-03 09:02:37,517761,3013.6654376983643
7246,2022-02-03 09:02:03,517763,3041.8217182159424
7247,2022-02-03 09:02:30,517763,3089.1213417053223
7248,2022-02-03 10:02:25,517763,3048.90775680542
7249,2022-02-03 10:02:51,517763,3038.400888442993
7250,2022-02-03 10:02:57,517763,3091.4976596832275
7251,2022-02-03 11:02:55,517763,3075.9758949279785
7252,2022-02-03 10:02:26,517765,3039.881467819214
7253,2022-02-04 12:02:58,517765,3032.134532928467
7254,2022-02-04 03:02:23,517768,3122.8203773498535
7255,2022-02-04 04:02:53,517768,3046.673059463501
7256,2022-02-04 04:02:04,517770,3042.379140853882
7257,2022-02-04 04:02:43,517770,3127.7618408203125
7258,2022-02-04 05:02:50,517770,3041.1763191223145
7259,2022-02-04 05:02:10,517771,3080.920696258545
7260,2022-02-04 07:02:53,517771,3060.5409145355225
7261,2022-02-04 08:02:23,517771,3105.5901050567627
7262,2022-02-04 09:02:56,517771,3078.96089553833
7263,2022-02-04 10:02:51,517772,3052.7501106262207
7264,2022-02-04 10:02:18,517773,3041.3565635681152
7265,2022-02-04 11:02:26,517773,3077.6710510253906
7266,2022-02-04 11:02:43,517773,3031.555652618408
7267,2022-02-04 11:02:45,517773,3036.456823348999
7268,2022-02-04 12:02:17,517773,3045.227289199829
7269,2022-02-04 12:02:17,517773,3061.213254928589
7270,2022-02-04 01:02:26,517774,3047.980785369873
7271,2022-02-04 01:02:50,517774,3107.816219329834
7272,2022-02-04 11:02:32,517774,3234.179973602295
7273,2022-02-04 12:02:00,517774,3033.2984924316406
7274,2022-02-04 12:02:13,517774,3016.444683074951
7275,2022-02-04 12:02:18,517774,3051.278591156006
7276,2022-02-04 12:02:59,517774,3004.3294429779053
7277,2022-02-04 01:02:03,517776,3042.107105255127
7278,2022-02-04 02:02:01,517776,3017.671823501587
7279,2022-02-04 02:02:25,517777,3051.171064376831
7280,2022-02-04 02:02:39,517777,3057.985544204712
7281,2022-02-04 01:02:20,517778,3057.2783946990967
7282,2022-02-04 02:02:36,517778,3160.961151123047
7283,2022-02-04 02:02:36,517779,3066.9384002685547
7284,2022-02-04 03:02:15,517779,3076.3185024261475
7285,2022-02-04 03:02:21,517782,3079.0855884552
7286,2022-02-04 04:02:42,517782,3040.8265590667725
7287,2022-02-04 04:02:10,517783,3030.221939086914
7288,2022-02-04 05:02:38,517783,3020.1306343078613
7289,2022-02-04 06:02:14,517786,3026.536226272583
7290,2022-02-04 06:02:30,517787,3074.115753173828
7291,2022-02-04 07:02:08,517787,3042.625665664673
7292,2022-02-04 07:02:24,517787,3038.5265350341797
7293,2022-02-04 08:02:09,517787,3058.896780014038
7294,2022-02-04 07:02:33,517788,3018.6009407043457
7295,2022-02-04 08:02:01,517788,3032.5334072113037
7296,2022-02-04 08:02:11,517789,3042.613983154297
7297,2022-02-04 08:02:25,517789,3022.360324859619
7298,2022-02-04 08:02:40,517789,3032.8493118286133
7299,2022-02-04 08:02:46,517789,3062.4217987060547
7300,2022-02-04 09:02:07,517789,3113.6696338653564
7301,2022-02-04 09:02:52,517789,3011.241674423218
7302,2022-02-04 10:02:37,517789,3053.149938583374
7303,2022-02-04 10:02:37,517789,3018.340826034546
7304,2022-02-04 09:02:11,517790,3074.418544769287
7305,2022-02-04 09:02:45,517790,3016.8354511260986
7306,2022-02-05 12:02:15,517792,3062.6323223114014
7307,2022-02-05 02:02:25,517795,3053.4708499908447
7308,2022-02-05 12:02:21,517795,3058.0713748931885
7309,2022-02-05 04:02:43,517799,3037.5239849090576
7310,2022-02-05 05:02:21,517800,3047.520399093628
7311,2022-02-05 06:02:30,517800,3007.4596405029297
7312,2022-02-05 09:02:29,517800,3031.8448543548584
7313,2022-02-05 10:02:57,517800,3066.3182735443115
7314,2022-02-06 02:02:33,517801,3039.33048248291
7315,2022-02-06 07:02:33,517801,3038.555145263672
7316,2022-02-06 08:02:46,517801,3056.4472675323486
7317,2022-02-06 09:02:41,517801,3048.128366470337
7318,2022-02-06 10:02:24,517801,3017.5857543945312
7319,2022-02-07 05:02:28,517801,3022.5634574890137
7320,2022-02-07 05:02:40,517801,3010.172128677368
7321,2022-02-07 06:02:17,517801,3113.562822341919
7322,2022-02-07 06:02:42,517801,3016.174077987671
7323,2022-02-07 06:02:47,517801,3051.532506942749
7324,2022-02-07 06:02:13,517802,3165.163040161133
7325,2022-02-07 06:02:41,517802,3006.0458183288574
7326,2022-02-07 08:02:53,517802,3025.1755714416504
7327,2022-02-07 08:02:59,517802,3034.5828533172607
7328,2022-02-07 09:02:06,517802,3231.6641807556152
7329,2022-02-07 09:02:37,517802,3048.8247871398926
7330,2022-02-07 10:02:00,517802,3095.479726791382
7331,2022-02-07 10:02:39,517802,3020.199775695801
7332,2022-02-07 10:02:44,517802,3100.3642082214355
7333,2022-02-07 10:02:48,517802,3049.1228103637695
7334,2022-02-07 10:02:51,517802,3045.0010299682617
7335,2022-02-07 11:02:39,517802,3050.4252910614014
7336,2022-02-07 11:02:42,517802,3055.438995361328
7337,2022-02-07 01:02:29,517803,3007.7998638153076
7338,2022-02-07 01:02:31,517803,3053.744077682495
7339,2022-02-07 12:02:48,517803,3149.207353591919
7340,2022-02-07 12:02:59,517803,3047.2943782806396
7341,2022-02-07 01:02:00,517804,3041.208267211914
7342,2022-02-07 01:02:08,517804,3060.0430965423584
7343,2022-02-07 01:02:20,517804,3111.924648284912
7344,2022-02-07 01:02:47,517804,3070.3506469726562
7345,2022-02-07 02:02:01,517804,3180.565357208252
7346,2022-02-07 02:02:35,517804,3059.2050552368164
7347,2022-02-07 03:02:00,517804,3183.377504348755
7348,2022-02-07 03:02:03,517804,3059.3981742858887
7349,2022-02-07 03:02:45,517804,3136.4388465881348
7350,2022-02-07 02:02:03,517805,3028.079032897949
7351,2022-02-07 02:02:31,517805,3064.558744430542
7352,2022-02-07 02:02:37,517805,3063.0674362182617
7353,2022-02-07 03:02:25,517805,3039.9279594421387
7354,2022-02-07 03:02:25,517805,3173.9413738250732
7355,2022-02-07 03:02:35,517805,3041.5871143341064
7356,2022-02-07 04:02:14,517805,3029.886484146118
7357,2022-02-08 07:02:12,517805,3053.896427154541
7358,2022-02-08 09:02:32,517805,3028.294801712036
7359,2022-02-07 03:02:30,517806,3071.722984313965
7360,2022-02-07 03:02:31,517806,3049.7710704803467
7361,2022-02-07 04:02:38,517806,3060.7638359069824
7362,2022-02-07 05:02:29,517806,3074.2313861846924
7363,2022-02-07 05:02:59,517806,3028.167486190796
7364,2022-02-07 06:02:35,517806,3042.459726333618
7365,2022-02-07 06:02:47,517806,3054.1133880615234
7366,2022-02-07 07:02:04,517806,3080.4765224456787
7367,2022-02-07 07:02:25,517806,3050.2564907073975
7368,2022-02-07 07:02:36,517806,3057.4052333831787
7369,2022-02-07 08:02:02,517806,3031.47554397583
7370,2022-02-07 08:02:55,517806,3071.8541145324707
7371,2022-02-07 08:02:55,517806,3008.502960205078
7372,2022-02-07 08:02:34,517807,3076.2903690338135
7373,2022-02-07 09:02:11,517807,3068.3040618896484
7374,2022-02-07 08:02:29,517809,3083.7602615356445
7375,2022-02-07 09:02:55,517810,3052.947759628296
7376,2022-02-07 10:02:52,517811,3004.749536514282
7377,2022-02-07 11:02:40,517811,3170.8524227142334
7378,2022-02-07 10:02:45,517812,3045.0282096862793
7379,2022-02-07 11:02:40,517812,3041.317939758301
7380,2022-02-07 11:02:01,517815,3042.994976043701
7381,2022-02-08 12:02:36,517815,3063.451051712036
7382,2022-02-07 11:02:24,517816,3039.867877960205
7383,2022-02-08 01:02:22,517820,3066.6539669036865
7384,2022-02-08 02:02:44,517820,3076.5678882598877
7385,2022-02-08 03:02:22,517822,3067.199945449829
7386,2022-02-08 04:02:14,517822,3075.5465030670166
7387,2022-02-08 04:02:26,517823,3167.929172515869
7388,2022-02-08 05:02:00,517824,3079.393148422241
7389,2022-02-08 05:02:11,517824,3069.788932800293
7390,2022-02-08 06:02:47,517824,3125.657081604004
7391,2022-02-08 06:02:21,517825,3080.366373062134
7392,2022-02-08 06:02:29,517825,3072.826385498047
7393,2022-02-08 08:02:36,517825,3155.6572914123535
7394,2022-02-08 10:02:11,517831,3062.690258026123
7395,2022-02-08 12:02:28,517831,3039.151668548584
7396,2022-02-08 11:02:25,517832,3029.897928237915
7397,2022-02-08 11:02:52,517832,3052.5760650634766
7398,2022-02-08 01:02:22,517833,3055.5202960968018
7399,2022-02-08 01:02:35,517833,3037.450075149536
7400,2022-02-08 02:02:41,517833,3043.076515197754
7401,2022-02-08 03:02:28,517835,3058.5105419158936
7402,2022-02-08 08:02:42,517836,3074.5089054107666
7403,2022-02-08 09:02:17,517836,3089.1406536102295
7404,2022-02-08 09:02:26,517836,3011.178731918335
7405,2022-02-08 09:02:42,517836,3047.259569168091
7406,2022-02-08 09:02:52,517836,3080.9216499328613
7407,2022-02-08 10:02:05,517836,3032.7699184417725
7408,2022-02-08 10:02:35,517836,3061.2316131591797
7409,2022-02-08 10:02:37,517836,3113.7049198150635
7410,2022-02-08 10:02:52,517836,3120.9425926208496
7411,2022-02-08 11:02:58,517836,3043.2286262512207
7412,2022-02-08 11:02:58,517836,3006.438732147217
7413,2022-02-09 12:02:16,517836,3014.455556869507
7414,2022-02-08 11:02:25,517837,3234.0855598449707
7415,2022-02-09 01:02:47,517837,3075.0341415405273
7416,2022-02-09 02:02:34,517837,3081.023931503296
7417,2022-02-09 12:02:09,517837,3038.8023853302
7418,2022-02-09 12:02:11,517837,3010.551691055298
7419,2022-02-09 12:02:31,517837,3029.5305252075195
7420,2022-02-09 01:02:17,517838,3048.0451583862305
7421,2022-02-09 01:02:27,517838,3077.1324634552
7422,2022-02-09 01:02:28,517838,3080.454111099243
7423,2022-02-09 01:02:31,517838,3091.0239219665527
7424,2022-02-09 01:02:58,517838,3052.462339401245
7425,2022-02-09 02:02:35,517838,3024.831771850586
7426,2022-02-09 02:02:37,517838,3055.887460708618
7427,2022-02-09 02:02:42,517838,3062.946319580078
7428,2022-02-09 02:02:44,517838,3118.6466217041016
7429,2022-02-09 03:02:31,517838,3049.2093563079834
7430,2022-02-09 03:02:55,517838,3037.02449798584
7431,2022-02-09 12:02:20,517838,3085.8757495880127
7432,2022-02-09 12:02:37,517838,3266.2010192871094
7433,2022-02-09 02:02:03,517839,3021.756887435913
7434,2022-02-09 03:02:27,517839,3050.6105422973633
7435,2022-02-09 02:02:39,517840,3077.5511264801025
7436,2022-02-09 03:02:01,517840,3067.7573680877686
7437,2022-02-09 03:02:24,517840,3019.814968109131
7438,2022-02-09 03:02:36,517840,3128.9963722229004
7439,2022-02-09 03:02:42,517840,3079.087257385254
7440,2022-02-09 03:02:44,517840,3066.4007663726807
7441,2022-02-09 04:02:22,517840,3097.538709640503
7442,2022-02-09 04:02:23,517840,3076.594114303589
7443,2022-02-09 04:02:39,517840,3023.972511291504
7444,2022-02-09 05:02:53,517840,3036.177158355713
7445,2022-02-09 04:02:12,517843,3117.2714233398438
7446,2022-02-09 05:02:13,517843,3046.637773513794
7447,2022-02-09 05:02:33,517843,3022.251605987549
7448,2022-02-09 05:02:47,517843,3029.4125080108643
7449,2022-02-09 06:02:04,517843,3043.47562789917
7450,2022-02-09 06:02:12,517843,3025.8419513702393
7451,2022-02-09 06:02:15,517844,3017.2033309936523
7452,2022-02-09 06:02:16,517844,3050.081491470337
7453,2022-02-09 07:02:20,517844,3023.346424102783
7454,2022-02-09 07:02:51,517844,3053.2493591308594
7455,2022-02-09 06:02:36,517845,3072.7531909942627
7456,2022-02-09 06:02:48,517845,3071.0480213165283
7457,2022-02-09 07:02:00,517845,3065.204858779907
7458,2022-02-09 07:02:55,517845,3032.931089401245
7459,2022-02-09 09:02:06,517850,3109.69614982605
7460,2022-02-09 09:02:51,517850,3039.813280105591
7461,2022-02-09 01:02:20,517851,3056.1795234680176
7462,2022-02-09 11:02:45,517851,3063.730239868164
7463,2022-02-09 01:02:22,517852,3041.1527156829834
7464,2022-02-09 01:02:29,517852,3108.5426807403564
7465,2022-02-09 02:02:56,517852,3058.8161945343018
7466,2022-02-09 03:02:23,517852,3051.6231060028076
7467,2022-02-09 12:02:27,517852,3064.3973350524902
7468,2022-02-09 01:02:04,517853,3101.186513900757
7469,2022-02-09 02:02:05,517855,3040.506362915039
7470,2022-02-09 03:02:52,517855,3212.693691253662
7471,2022-02-09 02:02:32,517856,3094.1827297210693
7472,2022-02-09 02:02:55,517856,3109.8272800445557
7473,2022-02-09 05:02:00,517861,3052.9353618621826
7474,2022-02-09 05:02:15,517861,3023.4122276306152
7475,2022-02-09 07:02:12,517861,3051.0170459747314
7476,2022-02-09 07:02:31,517861,2998.2733726501465
7477,2022-02-09 08:02:45,517861,3129.610776901245
7478,2022-02-09 06:02:37,517863,3129.197120666504
7479,2022-02-09 07:02:53,517863,3064.521551132202
7480,2022-02-09 08:02:06,517863,3095.2134132385254
7481,2022-02-09 08:02:39,517863,3153.776168823242
7482,2022-02-09 09:02:33,517863,3082.3049545288086
7483,2022-02-09 09:02:48,517863,3069.234848022461
7484,2022-02-09 08:02:27,517864,3075.8183002471924
7485,2022-02-09 09:02:42,517864,3087.2673988342285
7486,2022-02-09 10:02:33,517868,3038.623332977295
7487,2022-02-09 10:02:55,517868,3005.885362625122
7488,2022-02-09 10:02:56,517868,3012.92085647583
7489,2022-02-09 11:02:18,517868,3034.4784259796143
7490,2022-02-09 11:02:33,517868,3099.7865200042725
7491,2022-02-09 11:02:51,517868,3030.172109603882
7492,2022-02-10 12:02:12,517868,3031.566381454468
7493,2022-02-09 11:02:27,517869,3013.3590698242188
7494,2022-02-10 12:02:50,517869,3016.201972961426
7495,2022-02-10 02:02:09,517872,3042.5493717193604
7496,2022-02-10 02:02:56,517872,3045.712471008301
7497,2022-02-10 03:02:49,517872,3062.6161098480225
7498,2022-02-10 05:02:33,517872,3040.9679412841797
7499,2022-02-10 05:02:10,517873,3072.5045204162598
7500,2022-02-10 06:02:48,517873,3047.954320907593
7501,2022-02-10 06:02:53,517875,3022.5882530212402
7502,2022-02-10 06:02:57,517875,3064.8770332336426
7503,2022-02-10 07:02:31,517875,3049.3860244750977
7504,2022-02-10 06:02:02,517876,3032.493829727173
7505,2022-02-10 06:02:50,517876,3102.3361682891846
7506,2022-02-10 01:02:48,517878,3053.755521774292
7507,2022-02-10 09:02:42,517878,3038.735866546631
7508,2022-02-10 10:02:11,517878,3119.049549102783
7509,2022-02-10 11:02:27,517878,3077.451229095459
7510,2022-02-10 11:02:45,517878,3085.5252742767334
7511,2022-02-10 11:02:46,517878,3003.289222717285
7512,2022-02-10 12:02:18,517878,3038.876533508301
7513,2022-02-10 12:02:37,517878,3078.587055206299
7514,2022-02-10 12:02:49,517878,3102.468490600586
7515,2022-02-10 01:02:39,517879,3038.539409637451
7516,2022-02-10 12:02:40,517879,3019.320011138916
7517,2022-02-10 01:02:20,517881,3033.3709716796875
7518,2022-02-10 01:02:22,517881,3040.3690338134766
7519,2022-02-10 02:02:08,517881,3070.927381515503
7520,2022-02-10 02:02:54,517881,3029.694080352783
7521,2022-02-10 03:02:28,517881,3098.278284072876
7522,2022-02-10 03:02:32,517881,3070.7457065582275
7523,2022-02-10 02:02:03,517882,3056.4749240875244
7524,2022-02-10 03:02:16,517882,3024.6012210845947
7525,2022-02-10 02:02:43,517883,3067.2216415405273
7526,2022-02-10 04:02:31,517883,3013.643503189087
7527,2022-02-10 03:02:03,517885,3060.317277908325
7528,2022-02-10 03:02:30,517885,3082.1104049682617
7529,2022-02-10 04:02:28,517885,3102.325201034546
7530,2022-02-10 03:02:56,517886,3032.6614379882812
7531,2022-02-10 05:02:41,517886,3063.988208770752
7532,2022-02-10 07:02:07,517888,3035.980224609375
7533,2022-02-10 07:02:57,517888,3088.2911682128906
7534,2022-02-10 08:02:19,517888,3083.9693546295166
7535,2022-02-10 08:02:57,517888,3045.7189083099365
7536,2022-02-10 08:02:16,517890,3057.722330093384
7537,2022-02-10 08:02:53,517890,3118.8809871673584
7538,2022-02-10 08:02:46,517891,3021.688461303711
7539,2022-02-10 09:02:40,517891,3076.181173324585
7540,2022-02-10 08:02:49,517892,3073.634624481201
7541,2022-02-10 09:02:44,517892,3027.16326713562
7542,2022-02-10 10:02:09,517892,3058.9447021484375
7543,2022-02-10 10:02:28,517892,3033.71262550354
7544,2022-02-10 09:02:25,517894,3065.800189971924
7545,2022-02-10 11:02:21,517894,3052.9448986053467
7546,2022-02-10 11:02:21,517894,3060.047388076782
7547,2022-02-10 11:02:55,517894,3066.232919692993
7548,2022-02-11 11:02:17,517894,3068.0644512176514
7549,2022-02-11 11:02:50,517894,3080.238103866577
7550,2022-02-11 12:02:29,517894,3117.2335147857666
7551,2022-02-11 12:02:56,517894,3045.4976558685303
7552,2022-02-10 11:02:08,517895,3015.329599380493
7553,2022-02-10 11:02:31,517896,3032.0982933044434
7554,2022-02-11 12:02:55,517896,3062.056303024292
7555,2022-02-11 01:02:36,517897,3052.4239540100098
7556,2022-02-11 02:02:50,517897,3059.3180656433105
7557,2022-02-11 02:02:50,517897,3068.937301635742
7558,2022-02-11 12:02:14,517897,3087.1355533599854
7559,2022-02-11 12:02:07,517898,3084.202289581299
7560,2022-02-11 01:02:17,517902,3078.709125518799
7561,2022-02-11 01:02:22,517902,3120.586633682251
7562,2022-02-11 01:02:27,517902,3066.5571689605713
7563,2022-02-11 01:02:42,517902,3109.3971729278564
7564,2022-02-11 01:02:57,517902,3090.442895889282
7565,2022-02-11 02:02:07,517902,3143.730878829956
7566,2022-02-11 02:02:16,517902,3213.8218879699707
7567,2022-02-11 02:02:42,517902,3077.4154663085938
7568,2022-02-11 02:02:55,517902,3139.7902965545654
7569,2022-02-11 03:02:01,517902,3094.744920730591
7570,2022-02-11 03:02:43,517902,3077.820062637329
7571,2022-02-11 03:02:43,517902,3098.4647274017334
7572,2022-02-11 06:02:50,517902,3107.924222946167
7573,2022-02-11 07:02:15,517902,3100.9812355041504
7574,2022-02-11 08:02:13,517902,3090.6007289886475
7575,2022-02-11 09:02:09,517902,3096.9619750976562
7576,2022-02-11 09:02:31,517902,3101.2771129608154
7577,2022-02-11 09:02:41,517902,3088.7906551361084
7578,2022-02-11 10:02:23,517902,3110.182762145996
7579,2022-02-11 10:02:26,517902,3080.543041229248
7580,2022-02-11 10:02:41,517902,3110.5289459228516
7581,2022-02-11 10:02:56,517902,3088.813066482544
7582,2022-02-11 10:02:59,517902,3105.433225631714
7583,2022-02-11 11:02:25,517902,3099.36785697937
7584,2022-02-11 11:02:30,517902,3072.5650787353516
7585,2022-02-11 11:02:39,517902,3175.971508026123
7586,2022-02-11 11:02:42,517902,3123.626470565796
7587,2022-02-11 11:02:45,517902,3128.5343170166016
7588,2022-02-11 12:02:07,517902,3065.2289390563965
7589,2022-02-11 12:02:14,517902,3195.591449737549
7590,2022-02-11 02:02:35,517903,3087.8379344940186
7591,2022-02-11 03:02:26,517903,3184.614419937134
7592,2022-02-11 04:02:00,517903,3341.6316509246826
7593,2022-02-11 04:02:26,517903,3100.588798522949
7594,2022-02-11 03:02:23,517904,3107.188940048218
7595,2022-02-11 04:02:31,517904,3094.202756881714
7596,2022-02-11 03:02:07,517905,3070.4076290130615
7597,2022-02-11 03:02:19,517905,3097.6295471191406
7598,2022-02-11 03:02:26,517905,3093.9652919769287
7599,2022-02-11 03:02:56,517905,3088.6409282684326
7600,2022-02-11 03:02:56,517905,3104.163885116577
7601,2022-02-11 04:02:22,517905,3056.4725399017334
7602,2022-02-11 04:02:34,517905,3111.407518386841
7603,2022-02-11 05:02:00,517905,3078.998804092407
7604,2022-02-11 05:02:09,517905,3235.3479862213135
7605,2022-02-11 05:02:12,517905,3120.4309463500977
7606,2022-02-11 05:02:29,517905,3101.7098426818848
7607,2022-02-11 04:02:35,517906,3054.381847381592
7608,2022-02-11 05:02:19,517906,3102.064609527588
7609,2022-02-11 05:02:32,517910,3129.041910171509
7610,2022-02-11 05:02:58,517910,3086.2388610839844
7611,2022-02-11 06:02:50,517910,3117.8243160247803
7612,2022-02-11 07:02:13,517910,3082.1452140808105
7613,2022-02-11 07:02:44,517910,3089.157819747925
7614,2022-02-11 06:02:08,517912,3081.8376541137695
7615,2022-02-11 07:02:51,517912,3078.702926635742
7616,2022-02-11 08:02:30,517912,3096.238374710083
7617,2022-02-11 08:02:53,517912,3069.772243499756
7618,2022-02-11 09:02:02,517912,3088.092565536499
7619,2022-02-11 09:02:03,517914,3068.4945583343506
7620,2022-02-11 09:02:56,517915,3134.2785358428955
7621,2022-02-11 10:02:53,517915,3099.93052482605
7622,2022-02-12 01:02:12,517919,3080.1517963409424
7623,2022-02-12 01:02:32,517919,3184.842109680176
7624,2022-02-12 01:02:49,517919,3079.8094272613525
7625,2022-02-12 02:02:08,517919,3083.3613872528076
7626,2022-02-12 02:02:09,517919,3142.4176692962646
7627,2022-02-12 01:02:20,517920,3166.4650440216064
7628,2022-02-12 02:02:22,517920,3082.90433883667
7629,2022-02-12 02:02:57,517920,3106.656074523926
7630,2022-02-12 03:02:07,517920,3110.142707824707
7631,2022-02-12 03:02:42,517920,3063.8084411621094
7632,2022-02-12 03:02:47,517920,3086.3308906555176
7633,2022-02-12 09:02:22,517922,3217.0941829681396
7634,2022-02-12 04:02:10,517924,3105.440616607666
7635,2022-02-12 05:02:12,517924,3082.0536613464355
7636,2022-02-12 08:02:19,517924,3079.3747901916504
7637,2022-02-12 09:02:15,517924,3098.902702331543
7638,2022-02-13 04:02:48,517925,3112.5781536102295
7639,2022-02-13 01:02:25,517926,3096.1811542510986
7640,2022-02-13 02:02:52,517926,3093.259334564209
7641,2022-02-13 04:02:27,517926,3085.8054161071777
7642,2022-02-13 06:02:32,517926,3140.5842304229736
7643,2022-02-14 02:02:17,517928,3079.8020362854004
7644,2022-02-14 03:02:09,517928,3068.236827850342
7645,2022-02-14 03:02:20,517928,3078.3445835113525
7646,2022-02-14 03:02:32,517928,3091.16530418396
7647,2022-02-14 04:02:07,517928,3059.6084594726562
7648,2022-02-14 04:02:24,517928,3231.7304611206055
7649,2022-02-14 04:02:30,517928,3088.4084701538086
7650,2022-02-14 04:02:39,517928,3095.6625938415527
7651,2022-02-14 05:02:22,517928,3218.301296234131
7652,2022-02-14 05:02:53,517928,3082.0555686950684
7653,2022-02-14 05:02:59,517928,3073.1639862060547
7654,2022-02-14 06:02:22,517928,3090.7418727874756
7655,2022-02-14 06:02:34,517928,3075.1707553863525
7656,2022-02-14 06:02:36,517928,3083.3513736724854
7657,2022-02-14 07:02:05,517928,3074.6641159057617
7658,2022-02-14 07:02:11,517928,3094.165086746216
7659,2022-02-14 07:02:47,517928,3101.1979579925537
7660,2022-02-14 07:02:53,517928,3080.207109451294
7661,2022-02-14 01:02:15,517929,3221.832275390625
7662,2022-02-14 01:02:23,517929,3082.529306411743
7663,2022-02-14 02:02:12,517929,3115.412473678589
7664,2022-02-14 05:02:11,517929,3095.78800201416
7665,2022-02-14 05:02:36,517929,3082.6478004455566
7666,2022-02-14 05:02:47,517929,3075.0768184661865
7667,2022-02-14 06:02:04,517929,3127.0949840545654
7668,2022-02-14 08:02:02,517929,3072.519540786743
7669,2022-02-14 09:02:09,517929,3071.704864501953
7670,2022-02-14 09:02:09,517929,3100.700616836548
7671,2022-02-14 02:02:47,517930,3064.0392303466797
7672,2022-02-14 10:02:08,517930,3075.270652770996
7673,2022-02-14 03:02:52,517931,3074.9692916870117
7674,2022-02-14 04:02:31,517931,3060.0883960723877
7675,2022-02-14 05:02:01,517931,3100.986957550049
7676,2022-02-14 05:02:14,517931,3074.4097232818604
7677,2022-02-14 06:02:27,517931,3091.1543369293213
7678,2022-02-14 06:02:35,517931,3058.279514312744
7679,2022-02-14 06:02:52,517931,3091.8328762054443
7680,2022-02-14 06:02:56,517931,3079.292058944702
7681,2022-02-14 06:02:57,517931,3079.0672302246094
7682,2022-02-14 01:02:17,517932,3091.7675495147705
7683,2022-02-14 02:02:16,517932,3083.416223526001
7684,2022-02-14 03:02:09,517932,3079.1454315185547
7685,2022-02-14 04:02:01,517932,3093.9078330993652
7686,2022-02-14 04:02:28,517932,3105.898141860962
7687,2022-02-14 04:02:32,517932,3078.0844688415527
7688,2022-02-14 04:02:47,517932,3105.2958965301514
7689,2022-02-14 05:02:10,517932,3081.6469192504883
7690,2022-02-14 05:02:19,517932,3092.200756072998
7691,2022-02-14 05:02:24,517932,3315.481185913086
7692,2022-02-14 05:02:33,517932,3099.621534347534
7693,2022-02-14 05:02:46,517932,3073.7228393554688
7694,2022-02-14 06:02:01,517932,3104.968309402466
7695,2022-02-14 06:02:03,517932,3069.164276123047
7696,2022-02-14 06:02:10,517932,3088.0658626556396
7697,2022-02-14 06:02:22,517932,3098.2413291931152
7698,2022-02-14 06:02:36,517932,3088.7880325317383
7699,2022-02-14 06:02:54,517932,3074.552059173584
7700,2022-02-14 06:02:57,517932,3163.149118423462
7701,2022-02-14 06:02:58,517932,3100.324869155884
7702,2022-02-14 07:02:15,517932,3396.106719970703
7703,2022-02-14 07:02:30,517932,3124.5479583740234
7704,2022-02-14 07:02:34,517932,3082.90958404541
7705,2022-02-14 07:02:37,517932,3065.321922302246
7706,2022-02-14 07:02:47,517932,3084.4244956970215
7707,2022-02-14 07:02:52,517932,3129.1890144348145
7708,2022-02-14 08:02:03,517932,3087.799310684204
7709,2022-02-14 08:02:03,517932,3086.4105224609375
7710,2022-02-14 08:02:05,517932,3089.5936489105225
7711,2022-02-14 08:02:06,517932,3077.613592147827
7712,2022-02-14 08:02:13,517932,3111.593008041382
7713,2022-02-14 08:02:13,517932,3082.2954177856445
7714,2022-02-14 08:02:21,517932,3091.127395629883
7715,2022-02-14 08:02:24,517932,3083.5862159729004
7716,2022-02-14 08:02:33,517932,3068.33815574646
7717,2022-02-14 08:02:44,517932,3115.17071723938
7718,2022-02-14 08:02:53,517932,3099.9276638031006
7719,2022-02-14 08:02:58,517932,3093.528985977173
7720,2022-02-14 09:02:02,517932,3086.259126663208
7721,2022-02-14 09:02:05,517932,3070.2712535858154
7722,2022-02-14 09:02:11,517932,3094.670534133911
7723,2022-02-14 09:02:19,517932,3077.197313308716
7724,2022-02-14 09:02:20,517932,3152.357816696167
7725,2022-02-14 09:02:21,517932,3084.2185020446777
7726,2022-02-14 09:02:35,517932,3110.0311279296875
7727,2022-02-14 09:02:37,517932,3070.3136920928955
7728,2022-02-14 09:02:43,517932,3271.1474895477295
7729,2022-02-14 09:02:47,517932,3062.182664871216
7730,2022-02-14 09:02:53,517932,3073.7102031707764
7731,2022-02-14 09:02:58,517932,3094.50101852417
7732,2022-02-14 10:02:11,517932,3114.363193511963
7733,2022-02-14 10:02:22,517932,3091.8972492218018
7734,2022-02-14 10:02:28,517932,3077.651262283325
7735,2022-02-14 10:02:51,517932,3073.48370552063
7736,2022-02-14 10:02:52,517932,3065.7994747161865
7737,2022-02-14 10:02:54,517932,3071.213960647583
7738,2022-02-14 10:02:57,517932,3055.980682373047
7739,2022-02-14 11:02:08,517932,3200.8326053619385
7740,2022-02-14 11:02:10,517932,3101.1362075805664
7741,2022-02-14 11:02:39,517932,3104.490041732788
7742,2022-02-14 11:02:54,517932,3096.2862968444824
7743,2022-02-14 10:02:29,517933,3074.840307235718
7744,2022-02-14 10:02:50,517933,3075.4332542419434
7745,2022-02-14 11:02:07,517933,3096.5116024017334
7746,2022-02-14 11:02:59,517933,3081.6407203674316
7747,2022-02-15 12:02:23,517933,3054.0904998779297
7748,2022-02-15 12:02:59,517933,3071.6936588287354
7749,2022-02-14 10:02:52,517934,3097.684383392334
7750,2022-02-14 10:02:37,517936,3070.732831954956
7751,2022-02-14 10:02:40,517936,3071.7670917510986
7752,2022-02-14 11:02:40,517936,3107.2545051574707
7753,2022-02-14 11:02:44,517936,3095.8056449890137
7754,2022-02-15 01:02:29,517936,3096.008062362671
7755,2022-02-15 01:02:53,517936,3089.3619060516357
7756,2022-02-15 12:02:11,517936,3082.6823711395264
7757,2022-02-15 12:02:12,517936,3087.235450744629
7758,2022-02-15 12:02:30,517936,3082.1404457092285
7759,2022-02-15 12:02:30,517936,3071.648597717285
7760,2022-02-15 01:02:02,517937,3091.569423675537
7761,2022-02-15 01:02:59,517937,3106.8899631500244
7762,2022-02-15 02:02:50,517937,3082.1616649627686
7763,2022-02-15 03:02:31,517937,3089.5681381225586
7764,2022-02-15 04:02:02,517937,3092.590093612671
7765,2022-02-15 04:02:58,517937,3077.2132873535156
7766,2022-02-15 03:02:54,517939,3132.279634475708
7767,2022-02-15 05:02:13,517939,3077.228546142578
7768,2022-02-15 05:02:33,517939,3089.3754959106445
7769,2022-02-15 05:02:53,517939,3134.308099746704
7770,2022-02-15 06:02:11,517939,3093.3873653411865
7771,2022-02-15 06:02:16,517939,3078.4904956817627
7772,2022-02-15 08:02:05,517939,3163.788080215454
7773,2022-02-15 08:02:16,517939,3088.0634784698486
7774,2022-02-15 05:02:44,517940,3079.415798187256
7775,2022-02-15 06:02:10,517940,3115.076780319214
7776,2022-02-15 07:02:38,517940,3094.6009159088135
7777,2022-02-15 06:02:53,517941,3055.595636367798
7778,2022-02-15 08:02:32,517941,3069.359540939331
7779,2022-02-15 09:02:56,517948,3087.2604846954346
7780,2022-02-15 10:02:08,517948,3095.0798988342285
7781,2022-02-15 10:02:12,517948,3086.8747234344482
7782,2022-02-15 10:02:29,517948,3194.725513458252
7783,2022-02-15 11:02:25,517948,3118.382453918457
7784,2022-02-15 12:02:10,517948,3080.2359580993652
7785,2022-02-15 10:02:10,517950,3046.713352203369
7786,2022-02-15 11:02:05,517950,3087.4483585357666
7787,2022-02-15 10:02:13,517951,3088.4170532226562
7788,2022-02-15 11:02:00,517951,3110.8105182647705
7789,2022-02-15 12:02:20,517951,3078.317403793335
7790,2022-02-15 12:02:22,517951,3169.766664505005
7791,2022-02-15 01:02:00,517954,3079.768657684326
7792,2022-02-15 01:02:45,517954,3162.932872772217
7793,2022-02-15 02:02:48,517954,3129.9993991851807
7794,2022-02-15 03:02:09,517954,3077.8489112854004
7795,2022-02-15 12:02:10,517954,3140.9595012664795
7796,2022-02-15 12:02:20,517954,3117.3832416534424
7797,2022-02-15 07:02:08,517957,3123.523235321045
7798,2022-02-15 09:02:30,517959,3125.319242477417
7799,2022-02-15 10:02:03,517959,3190.929412841797
7800,2022-02-15 10:02:29,517959,3149.98459815979
7801,2022-02-15 11:02:03,517959,3477.8342247009277
7802,2022-02-15 11:02:07,517959,3096.1616039276123
7803,2022-02-15 11:02:20,517959,3080.9998512268066
7804,2022-02-16 12:02:08,517959,3131.7057609558105
7805,2022-02-16 12:02:34,517959,3096.341609954834
7806,2022-02-15 11:02:03,517960,3130.2995681762695
7807,2022-02-15 11:02:18,517960,3104.9084663391113
7808,2022-02-15 11:02:52,517960,3181.731700897217
7809,2022-02-15 11:02:57,517960,3110.5268001556396
7810,2022-02-16 01:02:13,517960,3101.6147136688232
7811,2022-02-16 01:02:22,517960,3088.545560836792
7812,2022-02-16 01:02:23,517960,3105.335235595703
7813,2022-02-16 01:02:33,517960,3112.333059310913
7814,2022-02-16 02:02:56,517960,3084.1212272644043
7815,2022-02-16 12:02:09,517960,3214.0352725982666
7816,2022-02-15 11:02:13,517961,3119.833469390869
7817,2022-02-16 02:02:22,517961,3086.137056350708
7818,2022-02-16 12:02:33,517961,3103.100061416626
7819,2022-02-16 02:02:49,517962,3121.164083480835
7820,2022-02-16 03:02:01,517962,3127.316474914551
7821,2022-02-16 03:02:11,517962,3142.7712440490723
7822,2022-02-16 03:02:39,517962,3165.5306816101074
7823,2022-02-16 12:02:33,517962,3157.951831817627
7824,2022-02-16 12:02:38,517962,3160.193920135498
7825,2022-02-16 04:02:29,517965,3150.456666946411
7826,2022-02-16 04:02:42,517965,3125.997304916382
7827,2022-02-16 05:02:20,517965,3334.7859382629395
7828,2022-02-16 05:02:41,517965,3109.5972061157227
7829,2022-02-16 05:02:54,517965,3148.5977172851562
7830,2022-02-16 07:02:20,517965,3134.591579437256
7831,2022-02-16 08:02:09,517965,3169.440507888794
7832,2022-02-16 08:02:32,517965,3144.9615955352783
7833,2022-02-16 06:02:21,517966,3128.560781478882
7834,2022-02-16 07:02:11,517966,3142.6639556884766
7835,2022-02-16 06:02:03,517967,3146.3496685028076
7836,2022-02-16 06:02:55,517967,3093.1618213653564
7837,2022-02-16 07:02:48,517967,3099.2462635040283
7838,2022-02-16 08:02:13,517967,3118.272304534912
7839,2022-02-16 08:02:31,517967,3099.961757659912
7840,2022-02-16 08:02:50,517967,3184.889554977417
7841,2022-02-16 09:02:01,517971,3087.203025817871
7842,2022-02-16 09:02:10,517971,3060.823917388916
7843,2022-02-16 09:02:10,517971,3117.048978805542
7844,2022-02-16 09:02:53,517971,3096.5397357940674
7845,2022-02-16 10:02:13,517971,3118.870735168457
7846,2022-02-16 10:02:17,517971,3058.3558082580566
7847,2022-02-16 10:02:21,517971,3082.1118354797363
7848,2022-02-16 10:02:36,517971,3057.3928356170654
7849,2022-02-16 11:02:35,517971,3126.5530586242676
7850,2022-02-16 11:02:53,517972,3075.266122817993
7851,2022-02-16 12:02:07,517972,3133.9194774627686
7852,2022-02-16 12:02:43,517972,3090.078115463257
7853,2022-02-16 12:02:55,517972,3056.265115737915
7854,2022-02-16 01:02:12,517974,3066.5347576141357
7855,2022-02-16 12:02:37,517974,3099.1532802581787
7856,2022-02-16 01:02:02,517975,3065.582275390625
7857,2022-02-16 01:02:48,517976,3097.6994037628174
7858,2022-02-16 02:02:30,517977,3050.938367843628
7859,2022-02-16 02:02:53,517977,3079.710006713867
7860,2022-02-16 03:02:44,517977,3136.9004249572754
7861,2022-02-16 02:02:31,517978,3052.764415740967
7862,2022-02-16 04:02:37,517985,3097.719192504883
7863,2022-02-16 05:02:09,517987,3081.5820693969727
7864,2022-02-16 05:02:45,517987,3095.4673290252686
7865,2022-02-16 07:02:27,517990,3240.5765056610107
7866,2022-02-16 08:02:52,517993,3100.7916927337646
7867,2022-02-16 08:02:55,517994,3117.022752761841
7868,2022-02-16 09:02:58,517994,3098.5708236694336
7869,2022-02-16 09:02:13,517996,3045.8219051361084
7870,2022-02-16 10:02:53,517997,3069.0948963165283
7871,2022-02-17 02:02:18,518005,3065.190553665161
7872,2022-02-17 02:02:38,518005,3035.3853702545166
7873,2022-02-17 05:02:20,518007,3030.125141143799
7874,2022-02-17 06:02:43,518007,3028.8453102111816
7875,2022-02-17 07:02:36,518007,3025.2861976623535
7876,2022-02-17 09:02:49,518007,3071.0365772247314
7877,2022-02-17 09:02:53,518007,3249.3574619293213
7878,2022-02-17 01:02:23,518009,3063.5952949523926
7879,2022-02-17 12:02:10,518009,3101.850986480713
7880,2022-02-17 12:02:31,518009,3055.3438663482666
7881,2022-02-17 12:02:47,518009,3065.202236175537
7882,2022-02-17 01:02:01,518011,3066.2224292755127
7883,2022-02-17 02:02:32,518011,3075.383424758911
7884,2022-02-17 02:02:38,518011,3042.2160625457764
7885,2022-02-17 02:02:54,518011,3050.3439903259277
7886,2022-02-17 05:02:09,518013,3048.7804412841797
7887,2022-02-17 05:02:10,518013,3091.393232345581
7888,2022-02-17 05:02:12,518013,3043.030261993408
7889,2022-02-17 05:02:14,518013,3198.7969875335693
7890,2022-02-17 05:02:24,518013,3071.8014240264893
7891,2022-02-17 05:02:29,518013,3065.631866455078
7892,2022-02-17 05:02:32,518013,3041.322708129883
7893,2022-02-17 07:02:26,518013,3038.4366512298584
7894,2022-02-17 07:02:38,518013,3067.2402381896973
7895,2022-02-17 06:02:26,518014,3059.4747066497803
7896,2022-02-17 07:02:05,518015,3055.3975105285645
7897,2022-02-17 07:02:53,518015,3033.71524810791
7898,2022-02-17 08:02:06,518015,3048.593759536743
7899,2022-02-17 08:02:45,518015,3050.2805709838867
7900,2022-02-17 08:02:58,518018,3070.4257488250732
7901,2022-02-17 09:02:24,518018,3080.064535140991
7902,2022-02-17 09:02:48,518019,3070.474147796631
7903,2022-02-17 09:02:54,518019,3046.7259883880615
7904,2022-02-17 09:02:54,518019,3096.414566040039
7905,2022-02-17 10:02:51,518019,3072.465658187866
7906,2022-02-18 12:02:01,518021,3122.8396892547607
7907,2022-02-18 12:02:02,518022,3085.930109024048
7908,2022-02-18 01:02:37,518026,3037.7025604248047
7909,2022-02-18 02:02:44,518026,3042.517900466919
7910,2022-02-18 04:02:18,518029,3034.4395637512207
7911,2022-02-18 04:02:51,518029,3046.8811988830566
7912,2022-02-18 05:02:51,518030,3079.590320587158
7913,2022-02-18 06:02:38,518030,3039.612054824829
7914,2022-02-18 08:02:02,518033,3196.0771083831787
7915,2022-02-18 11:02:40,518033,3076.856851577759
7916,2022-02-18 12:02:26,518033,3106.018543243408
7917,2022-02-18 01:02:31,518034,3066.3506984710693
7918,2022-02-18 01:02:32,518034,3081.7015171051025
7919,2022-02-18 03:02:02,518034,3073.6002922058105
7920,2022-02-18 11:02:57,518034,3080.97505569458
7921,2022-02-18 12:02:38,518034,3066.038131713867
7922,2022-02-18 12:02:44,518034,3119.462490081787
7923,2022-02-18 03:02:35,518036,3184.4756603240967
7924,2022-02-18 03:02:56,518036,3073.694944381714
7925,2022-02-18 04:02:16,518037,3068.7413215637207
7926,2022-02-18 04:02:46,518038,3080.9621810913086
7927,2022-02-18 05:02:48,518038,3067.512035369873
7928,2022-02-18 05:02:14,518039,3089.9100303649902
7929,2022-02-18 06:02:21,518039,3061.0530376434326
7930,2022-02-18 06:02:48,518039,3099.5266437530518
7931,2022-02-18 07:02:59,518039,3072.136163711548
7932,2022-02-18 06:02:42,518041,3067.3534870147705
7933,2022-02-18 08:02:20,518041,3057.767152786255
7934,2022-02-18 08:02:12,518042,3129.023551940918
7935,2022-02-18 08:02:45,518042,3194.148063659668
7936,2022-02-18 08:02:47,518042,3099.9155044555664
7937,2022-02-18 09:02:43,518042,3090.9719467163086
7938,2022-02-18 10:02:14,518043,3088.022470474243
7939,2022-02-19 12:02:54,518043,3080.7113647460938
7940,2022-02-19 01:02:12,518044,3075.4306316375732
7941,2022-02-19 01:02:26,518044,3055.5288791656494
7942,2022-02-20 04:02:00,518049,3071.9974040985107
7943,2022-02-21 06:02:20,518049,3206.230401992798
7944,2022-02-21 07:02:25,518049,3111.9511127471924
7945,2022-02-21 01:02:50,518050,3214.0328884124756
7946,2022-02-21 06:02:38,518050,3079.4882774353027
7947,2022-02-21 07:02:00,518050,3089.92075920105
7948,2022-02-21 09:02:00,518050,3096.9021320343018
7949,2022-02-21 09:02:14,518050,3100.583791732788
7950,2022-02-21 10:02:32,518050,3096.1077213287354
7951,2022-02-21 10:02:42,518050,3104.5663356781006
7952,2022-02-21 11:02:04,518050,3082.233190536499
7953,2022-02-21 11:02:13,518050,3066.4803981781006
7954,2022-02-21 11:02:44,518050,3131.243944168091
7955,2022-02-21 12:02:09,518050,3104.295253753662
7956,2022-02-21 12:02:16,518050,3058.1586360931396
7957,2022-02-21 12:02:22,518050,3072.448253631592
7958,2022-02-21 12:02:24,518050,3084.0423107147217
7959,2022-02-21 01:02:21,518051,3107.598066329956
7960,2022-02-21 01:02:27,518051,3218.388080596924
7961,2022-02-21 01:02:40,518051,3070.559501647949
7962,2022-02-21 02:02:00,518051,3165.52472114563
7963,2022-02-21 02:02:19,518051,3085.428237915039
7964,2022-02-21 02:02:23,518051,3072.4496841430664
7965,2022-02-21 02:02:36,518051,3096.311569213867
7966,2022-02-21 02:02:42,518051,3074.228048324585
7967,2022-02-21 02:02:43,518051,3236.7238998413086
7968,2022-02-21 02:02:47,518051,3067.3372745513916
7969,2022-02-21 03:02:00,518051,3101.1171340942383
7970,2022-02-21 03:02:25,518051,3123.4004497528076
7971,2022-02-21 04:02:26,518051,3111.034870147705
7972,2022-02-21 04:02:32,518051,3135.780096054077
7973,2022-02-21 04:02:37,518051,3069.668769836426
7974,2022-02-21 04:02:01,518053,3123.6584186553955
7975,2022-02-21 04:02:19,518053,3097.269296646118
7976,2022-02-21 05:02:22,518053,3067.742109298706
7977,2022-02-21 05:02:56,518053,3078.5934925079346
7978,2022-02-21 06:02:27,518053,3135.995388031006
7979,2022-02-21 06:02:53,518053,3106.370449066162
7980,2022-02-21 06:02:20,518058,3165.7724380493164
7981,2022-02-21 07:02:22,518058,3094.0210819244385
7982,2022-02-21 07:02:22,518058,3085.533857345581
7983,2022-02-21 07:02:58,518058,3083.0821990966797
7984,2022-02-21 07:02:30,518059,3067.812919616699
7985,2022-02-21 08:02:14,518059,3153.635025024414
7986,2022-02-22 01:02:13,518064,3065.133810043335
7987,2022-02-22 09:02:13,518064,3064.1889572143555
7988,2022-02-22 09:02:25,518064,3116.7030334472656
7989,2022-02-22 09:02:36,518064,3063.9567375183105
7990,2022-02-22 09:02:48,518064,3084.4945907592773
7991,2022-02-22 10:02:03,518064,3093.327045440674
7992,2022-02-22 10:02:19,518064,3434.1390132904053
7993,2022-02-22 10:02:20,518064,3110.901117324829
7994,2022-02-22 11:02:01,518064,3087.7938270568848
7995,2022-02-22 11:02:22,518064,3064.1746520996094
7996,2022-02-22 11:02:28,518064,3115.586519241333
7997,2022-02-22 11:02:35,518064,3066.0605430603027
7998,2022-02-22 11:02:40,518064,3098.6576080322266
7999,2022-02-22 11:02:42,518064,3073.5843181610107
8000,2022-02-22 11:02:58,518064,3052.9911518096924
8001,2022-02-22 12:02:09,518064,3088.0560874938965
8002,2022-02-22 01:02:01,518065,3099.961280822754
8003,2022-02-22 01:02:47,518065,3043.584108352661
8004,2022-02-22 12:02:38,518065,3085.2560997009277
8005,2022-02-22 12:02:38,518065,3214.200735092163
8006,2022-02-22 02:02:01,518067,3316.0576820373535
8007,2022-02-22 12:02:28,518067,3126.276731491089
8008,2022-02-22 01:02:00,518069,3065.509796142578
8009,2022-02-22 01:02:23,518069,3086.107015609741
8010,2022-02-22 02:02:21,518069,3098.273515701294
8011,2022-02-22 02:02:59,518069,3084.303617477417
8012,2022-02-22 01:02:00,518070,3128.153085708618
8013,2022-02-22 01:02:11,518070,3081.122398376465
8014,2022-02-22 01:02:42,518070,3076.009750366211
8015,2022-02-22 02:02:01,518070,3143.629789352417
8016,2022-02-22 02:02:05,518070,3072.376489639282
8017,2022-02-22 02:02:50,518070,3124.481439590454
8018,2022-02-22 02:02:18,518071,3197.7269649505615
8019,2022-02-22 03:02:57,518071,3115.5014038085938
8020,2022-02-22 02:02:07,518072,3057.4474334716797
8021,2022-02-22 02:02:44,518072,3099.0025997161865
8022,2022-02-22 04:02:46,518072,3113.1181716918945
8023,2022-02-22 04:02:55,518072,3057.2593212127686
8024,2022-02-22 06:02:04,518077,3066.0903453826904
8025,2022-02-22 07:02:56,518077,3214.2393589019775
8026,2022-02-22 07:02:14,518079,3059.753179550171
8027,2022-02-22 08:02:00,518079,3098.6862182617188
8028,2022-02-22 08:02:29,518079,3078.7792205810547
8029,2022-02-22 09:02:25,518079,3066.8509006500244
8030,2022-02-22 09:02:27,518079,3057.7075481414795
8031,2022-02-22 09:02:32,518079,3068.1681632995605
8032,2022-02-22 09:02:33,518079,3307.5175285339355
8033,2022-02-23 12:02:29,518079,3060.075521469116
8034,2022-02-23 12:02:38,518079,3046.8244552612305
8035,2022-02-23 12:02:44,518079,3094.4571495056152
8036,2022-02-23 12:02:57,518079,3069.878101348877
8037,2022-02-22 08:02:58,518080,3057.6043128967285
8038,2022-02-22 09:02:14,518080,3080.510377883911
8039,2022-02-22 09:02:38,518082,3069.1933631896973
8040,2022-02-22 09:02:46,518082,3053.605794906616
8041,2022-02-22 09:02:51,518082,3079.7109603881836
8042,2022-02-22 10:02:06,518082,3153.254270553589
8043,2022-02-22 10:02:23,518082,3073.7366676330566
8044,2022-02-22 10:02:06,518083,3081.838846206665
8045,2022-02-22 10:02:16,518083,3051.6436100006104
8046,2022-02-22 11:02:13,518083,3030.2860736846924
8047,2022-02-22 10:02:48,518086,3186.490058898926
8048,2022-02-22 11:02:12,518088,3043.31636428833
8049,2022-02-22 11:02:32,518089,3141.7202949523926
8050,2022-02-23 12:02:32,518089,3077.052116394043
8051,2022-02-23 01:02:08,518090,3160.4666709899902
8052,2022-02-23 12:02:12,518090,3088.3500576019287
8053,2022-02-23 05:02:09,518098,3107.6252460479736
8054,2022-02-23 05:02:36,518099,3090.243339538574
8055,2022-02-23 05:02:53,518099,3151.041269302368
8056,2022-02-23 06:02:58,518099,3128.64089012146
8057,2022-02-23 07:02:37,518099,3130.5408477783203
8058,2022-02-23 07:02:57,518099,3156.8098068237305
8059,2022-02-23 01:02:07,518100,3303.3971786499023
8060,2022-02-23 06:02:01,518100,3159.968852996826
8061,2022-02-23 06:02:13,518100,3136.730432510376
8062,2022-02-23 07:02:18,518100,3170.1323986053467
8063,2022-02-23 07:02:40,518100,3110.529899597168
8064,2022-02-23 07:02:47,518100,3119.81463432312
8065,2022-02-23 08:02:04,518100,3133.9290142059326
8066,2022-02-23 08:02:23,518100,3173.602342605591
8067,2022-02-23 08:02:39,518100,3171.478509902954
8068,2022-02-23 08:02:39,518100,3135.6420516967773
8069,2022-02-23 09:02:04,518100,3101.7186641693115
8070,2022-02-23 09:02:05,518100,3144.4661617279053
8071,2022-02-23 09:02:19,518100,3147.059202194214
8072,2022-02-23 09:02:20,518100,3127.9003620147705
8073,2022-02-23 10:02:22,518100,3113.9097213745117
8074,2022-02-23 10:02:45,518100,3118.344783782959
8075,2022-02-23 10:02:54,518100,3134.4447135925293
8076,2022-02-23 11:02:20,518100,3149.897575378418
8077,2022-02-23 11:02:51,518100,3147.8641033172607
8078,2022-02-23 12:02:08,518100,3174.1490364074707
8079,2022-02-23 01:02:11,518101,3148.6868858337402
8080,2022-02-23 01:02:48,518102,3121.246814727783
8081,2022-02-23 02:02:02,518102,3161.9608402252197
8082,2022-02-23 02:02:17,518102,3146.397113800049
8083,2022-02-23 02:02:26,518102,3091.7279720306396
8084,2022-02-23 05:02:02,518106,3115.785837173462
8085,2022-02-23 05:02:44,518107,3140.8872604370117
8086,2022-02-23 06:02:38,518109,3052.8299808502197
8087,2022-02-23 08:02:52,518111,3120.0764179229736
8088,2022-02-24 11:02:27,518111,3120.8746433258057
8089,2022-02-24 11:02:36,518111,3118.054151535034
8090,2022-02-24 11:02:44,518111,3106.147527694702
8091,2022-02-24 11:02:52,518111,3127.0358562469482
8092,2022-02-23 09:02:49,518116,3095.275402069092
8093,2022-02-23 10:02:22,518116,3110.0974082946777
8094,2022-02-23 10:02:42,518117,3135.5812549591064
8095,2022-02-23 11:02:25,518119,3167.583465576172
8096,2022-02-24 03:02:14,518122,3162.6648902893066
8097,2022-02-24 03:02:35,518122,3243.9701557159424
8098,2022-02-24 05:02:27,518122,3144.1221237182617
8099,2022-02-24 05:02:52,518122,3137.523412704468
8100,2022-02-24 04:02:39,518123,3100.071907043457
8101,2022-02-24 04:02:43,518123,3097.486734390259
8102,2022-02-24 06:02:30,518123,3129.262685775757
8103,2022-02-24 05:02:52,518124,3095.686674118042
8104,2022-02-24 06:02:13,518124,3099.2324352264404
8105,2022-02-24 09:02:21,518125,3115.295886993408
8106,2022-02-24 10:02:04,518125,3112.5552654266357
8107,2022-02-24 10:02:20,518126,3111.0870838165283
8108,2022-02-24 11:02:30,518126,3113.529920578003
8109,2022-02-24 01:02:16,518127,3121.2730407714844
8110,2022-02-24 01:02:27,518127,3094.0256118774414
8111,2022-02-24 02:02:35,518127,3121.349334716797
8112,2022-02-24 02:02:53,518127,3079.1361331939697
8113,2022-02-24 03:02:26,518127,3105.0262451171875
8114,2022-02-24 11:02:49,518127,3121.5927600860596
8115,2022-02-24 12:02:14,518127,3132.3795318603516
8116,2022-02-24 12:02:21,518127,3132.58957862854
8117,2022-02-24 12:02:58,518127,3110.769510269165
8118,2022-02-24 02:02:04,518128,3123.469352722168
8119,2022-02-24 02:02:20,518128,3106.4460277557373
8120,2022-02-24 03:02:38,518128,3145.7574367523193
8121,2022-02-24 03:02:42,518128,3128.391742706299
8122,2022-02-24 03:02:43,518128,3118.2236671447754
8123,2022-02-24 03:02:56,518128,3093.7275886535645
8124,2022-02-24 04:02:37,518128,3233.3881855010986
8125,2022-02-24 05:02:38,518128,3131.049394607544
8126,2022-02-24 06:02:41,518131,3096.050500869751
8127,2022-02-24 06:02:48,518131,3075.5913257598877
8128,2022-02-24 06:02:18,518132,3128.2622814178467
8129,2022-02-24 08:02:59,518134,3078.000783920288
8130,2022-02-24 09:02:06,518134,3130.0182342529297
8131,2022-02-24 08:02:51,518135,3192.4211978912354
8132,2022-02-24 09:02:00,518136,3094.282627105713
8133,2022-02-24 10:02:17,518137,3071.0134506225586
8134,2022-02-24 11:02:33,518137,3106.4531803131104
8135,2022-02-25 03:02:14,518143,3088.953733444214
8136,2022-02-25 03:02:46,518144,3109.6270084381104
8137,2022-02-25 05:02:07,518144,3124.706029891968
8138,2022-02-25 05:02:41,518144,3080.579996109009
8139,2022-02-25 05:02:48,518144,3091.055393218994
8140,2022-02-25 08:02:24,518144,3364.3958568573
8141,2022-02-25 08:02:27,518144,3122.2994327545166
8142,2022-02-25 08:02:28,518144,3094.4201946258545
8143,2022-02-25 08:02:37,518144,3059.8807334899902
8144,2022-02-25 05:02:25,518145,3037.710428237915
8145,2022-02-25 01:02:30,518147,3127.07257270813
8146,2022-02-25 01:02:35,518147,3081.257104873657
8147,2022-02-25 01:02:44,518147,3122.823476791382
8148,2022-02-25 01:02:52,518147,3138.4027004241943
8149,2022-02-25 02:02:29,518147,3102.290630340576
8150,2022-02-25 02:02:50,518147,3334.5701694488525
8151,2022-02-25 06:02:18,518147,3084.913492202759
8152,2022-02-25 06:02:22,518147,3124.824047088623
8153,2022-02-25 06:02:53,518147,3116.382360458374
8154,2022-02-25 07:02:26,518147,3154.595136642456
8155,2022-02-25 07:02:42,518147,3095.55721282959
8156,2022-02-25 08:02:01,518147,3099.048614501953
8157,2022-02-25 10:02:05,518147,3151.8406867980957
8158,2022-02-25 10:02:10,518147,3129.9633979797363
8159,2022-02-25 12:02:02,518147,3137.528896331787
8160,2022-02-25 12:02:04,518147,3111.3510131835938
8161,2022-02-25 12:02:16,518147,3041.524887084961
8162,2022-02-25 12:02:34,518147,3116.664171218872
8163,2022-02-25 12:02:44,518147,3323.9572048187256
8164,2022-02-25 02:02:47,518149,3289.564609527588
8165,2022-02-25 02:02:59,518149,3220.5560207366943
8166,2022-02-25 03:02:11,518149,3137.5603675842285
8167,2022-02-25 03:02:15,518149,3086.8136882781982
8168,2022-02-25 03:02:27,518149,3107.680320739746
8169,2022-02-25 03:02:36,518149,3138.831377029419
8170,2022-02-25 04:02:27,518149,3137.899160385132
8171,2022-02-25 04:02:26,518150,3103.809118270874
8172,2022-02-25 05:02:24,518152,3134.218215942383
8173,2022-02-25 05:02:42,518152,3097.2867012023926
8174,2022-02-25 06:02:26,518152,3148.393392562866
8175,2022-02-25 06:02:48,518152,3091.979503631592
8176,2022-02-25 07:02:39,518152,3442.2411918640137
8177,2022-02-25 06:02:50,518153,3057.328939437866
8178,2022-02-25 07:02:58,518153,3078.4924030303955
8179,2022-02-25 07:02:02,518155,3125.627040863037
8180,2022-02-25 08:02:20,518158,3133.573055267334
8181,2022-02-25 08:02:36,518158,3111.3333702087402
8182,2022-02-25 09:02:37,518158,3121.3409900665283
8183,2022-02-25 09:02:26,518159,3136.634588241577
8184,2022-02-25 09:02:58,518161,3105.665445327759
8185,2022-02-25 11:02:22,518162,3079.582929611206
8186,2022-02-26 12:02:05,518162,3100.8968353271484
8187,2022-02-25 11:02:18,518163,3083.2886695861816
8188,2022-02-25 11:02:50,518163,3077.915906906128
8189,2022-02-26 02:02:59,518163,3093.820810317993
8190,2022-02-26 12:02:31,518163,3113.7239933013916
8191,2022-02-26 02:02:26,518168,3060.5456829071045
8192,2022-02-26 04:02:44,518168,3091.6919708251953
8193,2022-02-26 06:02:13,518170,3168.2088375091553
8194,2022-02-27 04:02:48,518170,3261.922597885132
8195,2022-02-27 05:02:56,518170,3107.0897579193115
8196,2022-02-28 04:02:23,518171,3078.6683559417725
8197,2022-02-28 04:02:39,518171,3085.1492881774902
8198,2022-02-28 05:02:46,518171,3150.4156589508057
8199,2022-02-28 06:02:40,518171,3086.77077293396
8200,2022-02-28 07:02:16,518171,3130.4054260253906
8201,2022-02-28 08:02:24,518171,3100.128412246704
8202,2022-02-28 08:02:31,518171,3099.642753601074
8203,2022-02-28 08:02:56,518171,3076.076030731201
8204,2022-02-28 01:02:20,518173,3141.4966583251953
8205,2022-02-28 02:02:06,518173,3059.6721172332764
8206,2022-02-28 11:02:54,518173,3136.5761756896973
8207,2022-02-28 12:02:12,518173,3129.0831565856934
8208,2022-02-28 01:02:26,518174,3114.7310733795166
8209,2022-02-28 01:02:56,518174,3462.582588195801
8210,2022-02-28 02:02:17,518174,3206.8405151367188
8211,2022-02-28 02:02:33,518174,3103.895425796509
8212,2022-02-28 02:02:46,518174,3136.181354522705
8213,2022-02-28 02:02:47,518174,3161.222219467163
8214,2022-02-28 02:02:50,518174,3167.6127910614014
8215,2022-02-28 12:02:50,518174,3103.693723678589
8216,2022-02-28 02:02:30,518175,3124.2434978485107
8217,2022-02-28 03:02:33,518175,3066.4310455322266
8218,2022-02-28 04:02:32,518175,3123.7101554870605
8219,2022-02-28 04:02:47,518175,3088.6125564575195
8220,2022-02-28 05:02:03,518175,3093.6357975006104
8221,2022-02-28 05:02:04,518175,3101.581335067749
8222,2022-02-28 05:02:13,518175,3115.278959274292
8223,2022-02-28 05:02:24,518175,3248.2972145080566
8224,2022-02-28 05:02:55,518175,3073.061227798462
8225,2022-02-28 06:02:10,518175,3119.3230152130127
8226,2022-02-28 06:02:15,518175,3078.4335136413574
8227,2022-02-28 06:02:36,518175,3091.3333892822266
8228,2022-02-28 06:02:44,518175,3085.385799407959
8229,2022-02-28 07:02:52,518177,3098.402261734009
8230,2022-02-28 08:02:15,518177,3075.310468673706
8231,2022-02-28 08:02:43,518177,3135.706901550293
8232,2022-02-28 08:02:48,518177,3103.4250259399414
8233,2022-02-28 09:02:05,518177,3152.4035930633545
8234,2022-02-28 09:02:22,518177,3071.5713500976562
8235,2022-02-28 09:02:24,518177,3104.2768955230713
8236,2022-02-28 09:02:34,518177,3119.3063259124756
8237,2022-02-28 08:02:32,518181,3151.014804840088
8238,2022-02-28 10:02:03,518181,3082.824468612671
8239,2022-02-28 10:02:51,518182,3073.504686355591