index_1based,timestamp,sut_version,value
1,2021-09-01 01:09:29,531193,1515751.0
2,2021-09-01 05:09:48,531193,1512059.0
3,2021-09-01 06:09:13,531193,1508019.0
4,2021-09-01 06:09:46,531193,1517350.0
5,2021-09-01 07:09:14,531193,1510930.0
6,2021-09-01 07:09:32,531193,1502640.0
7,2021-09-01 08:09:29,531194,1515459.0
8,2021-09-01 11:09:23,531195,1508990.0
9,2021-09-01 02:09:21,531197,1514429.0
10,2021-09-01 02:09:40,531197,1502850.0
11,2021-09-01 04:09:08,531199,1507611.0
12,2021-09-01 04:09:17,531199,1513290.0
13,2021-09-01 09:09:42,531204,1501169.0
14,2021-09-01 11:09:31,531205,1495190.0
15,2021-09-02 06:09:24,531206,1514690.0
16,2021-09-02 06:09:55,531206,1498829.0
17,2021-09-02 07:09:47,531206,1501170.0
18,2021-09-02 08:09:24,531206,1540919.0
19,2021-09-02 01:09:40,531208,1492151.0
20,2021-09-02 09:09:05,531208,1507189.0
21,2021-09-02 10:09:57,531208,1506591.0
22,2021-09-02 12:09:37,531208,1520670.0
23,2021-09-02 02:09:10,531209,1509969.0
24,2021-09-02 02:09:24,531210,1520949.0
25,2021-09-02 04:09:07,531212,1506108.0
26,2021-09-02 04:09:43,531212,1509962.0
27,2021-09-02 04:09:44,531212,1519861.0
28,2021-09-02 06:09:23,531212,1512970.0
29,2021-09-02 05:09:56,531213,1507622.0
30,2021-09-02 06:09:54,531213,1502661.0
31,2021-09-03 01:09:47,531217,1505461.0
32,2021-09-03 02:09:47,531217,1502800.0
33,2021-09-03 12:09:17,531217,1511060.0
34,2021-09-03 07:09:15,531218,1514969.0
35,2021-09-03 09:09:04,531218,1526788.0
36,2021-09-03 09:09:25,531218,1502660.0
37,2021-09-03 09:09:42,531218,1492991.0
38,2021-09-03 01:09:45,531221,1498661.0
39,2021-09-03 02:09:44,531221,1507940.0
40,2021-09-03 12:09:36,531221,1511861.0
41,2021-09-03 12:09:52,531221,1515850.0
42,2021-09-03 02:09:41,531223,1522640.0
43,2021-09-03 07:09:15,531230,1527730.0
44,2021-09-03 08:09:56,531230,1492151.0
45,2021-09-03 10:09:16,531234,1523411.0
46,2021-09-04 01:09:05,531234,1522712.0
47,2021-09-05 05:09:25,531234,1506629.0
48,2021-09-05 08:09:28,531234,1516419.0
49,2021-09-05 09:09:27,531234,1512599.0
50,2021-09-06 07:09:14,531234,1502040.0
51,2021-09-06 08:09:25,531236,1513150.0
52,2021-09-06 08:09:29,531236,1518731.0
53,2021-09-06 11:09:06,531237,1527021.0
54,2021-09-06 11:09:11,531238,1508380.0
55,2021-09-06 01:09:37,531239,1510530.0
56,2021-09-06 02:09:55,531239,1520230.0
57,2021-09-06 03:09:02,531240,1518361.0
58,2021-09-06 03:09:06,531240,1521700.0
59,2021-09-06 03:09:32,531240,1540861.0
60,2021-09-06 05:09:05,531244,1495781.0
61,2021-09-06 07:09:07,531244,1503750.0
62,2021-09-06 08:09:01,531244,1514290.0
63,2021-09-06 08:09:27,531244,1503660.0
64,2021-09-06 11:09:01,531246,1503968.0
65,2021-09-06 11:09:07,531246,1518932.0
66,2021-09-07 06:09:07,531247,1490589.0
67,2021-09-07 06:09:14,531247,1536260.0
68,2021-09-07 06:09:35,531247,1496440.0
69,2021-09-07 07:09:06,531247,1537312.0
70,2021-09-07 08:09:22,531247,1530990.0
71,2021-09-07 08:09:34,531247,1501629.0
72,2021-09-07 09:09:02,531247,1509949.0
73,2021-09-07 10:09:51,531248,1513450.0
74,2021-09-07 12:09:13,531249,1485599.0
75,2021-09-07 12:09:28,531249,1480851.0
76,2021-09-07 01:09:28,531250,1511220.0
77,2021-09-07 01:09:37,531250,1523141.0
78,2021-09-07 02:09:27,531251,1512320.0
79,2021-09-07 03:09:33,531252,1506650.0
80,2021-09-07 03:09:50,531252,1519139.0
81,2021-09-07 07:09:46,531257,1503371.0
82,2021-09-07 08:09:35,531257,1506371.0
83,2021-09-07 10:09:07,531258,1501610.0
84,2021-09-07 10:09:57,531258,1515490.0
85,2021-09-07 11:09:08,531258,1517139.0
86,2021-09-07 11:09:31,531258,1510010.0
87,2021-09-07 11:09:59,531258,1500090.0
88,2021-09-08 12:09:01,531259,1495661.0
89,2021-09-08 06:09:14,531260,1508170.0
90,2021-09-08 06:09:17,531260,1500430.0
91,2021-09-08 06:09:52,531260,1512241.0
92,2021-09-08 01:09:01,531264,1506700.0
93,2021-09-08 01:09:19,531264,1500729.0
94,2021-09-08 01:09:50,531264,1518119.0
95,2021-09-08 01:09:51,531264,1509511.0
96,2021-09-08 04:09:11,531267,1529328.0
97,2021-09-08 04:09:46,531267,1494529.0
98,2021-09-08 05:09:34,531267,1505911.0
99,2021-09-08 10:09:05,531267,1499161.0
100,2021-09-08 11:09:10,531269,1493851.0
101,2021-09-08 11:09:17,531269,1500041.0
102,2021-09-08 11:09:34,531269,1523649.0
103,2021-09-08 11:09:46,531269,1513029.0
104,2021-09-09 12:09:43,531269,1496870.0
105,2021-09-09 02:09:55,531270,1506379.0
106,2021-09-09 05:09:16,531270,1508530.0
107,2021-09-09 10:09:04,531270,1508970.0
108,2021-09-09 11:09:00,531270,1513781.0
109,2021-09-09 11:09:36,531270,1513930.0
110,2021-09-09 11:09:52,531270,1510329.0
111,2021-09-09 01:09:53,531271,1513660.0
112,2021-09-09 01:09:01,531272,1498921.0
113,2021-09-09 02:09:05,531272,1509240.0
114,2021-09-09 02:09:29,531272,1520458.0
115,2021-09-09 04:09:40,531274,1502250.0
116,2021-09-09 05:09:32,531275,1500109.0
117,2021-09-09 05:09:23,531276,1518421.0
118,2021-09-09 05:09:46,531276,1513138.0
119,2021-09-09 07:09:26,531278,1507641.0
120,2021-09-09 08:09:43,531279,1520340.0
121,2021-09-09 08:09:22,531280,1506332.0
122,2021-09-09 08:09:25,531280,1519010.0
123,2021-09-09 11:09:08,531284,1505010.0
124,2021-09-10 02:09:37,531285,1505500.0
125,2021-09-10 02:09:46,531285,1509259.0
126,2021-09-10 01:09:33,531286,1503610.0
127,2021-09-10 01:09:46,531286,1508550.0
128,2021-09-10 02:09:13,531286,1508610.0
129,2021-09-10 02:09:18,531286,1499382.0
130,2021-09-10 03:09:22,531286,1526090.0
131,2021-09-10 03:09:26,531286,1513700.0
132,2021-09-10 03:09:33,531286,1505211.0
133,2021-09-10 04:09:43,531286,1504032.0
134,2021-09-10 05:09:32,531286,1511850.0
135,2021-09-10 05:09:38,531286,1504559.0
136,2021-09-10 06:09:14,531286,1503890.0
137,2021-09-10 06:09:24,531286,1498692.0
138,2021-09-10 06:09:47,531286,1506511.0
139,2021-09-10 07:09:35,531286,1511290.0
140,2021-09-10 10:09:22,531286,1508529.0
141,2021-09-10 10:09:39,531286,1508492.0
142,2021-09-10 05:09:07,531287,1509290.0
143,2021-09-10 05:09:51,531287,1500551.0
144,2021-09-10 07:09:29,531289,1501820.0
145,2021-09-13 04:09:47,531291,1496330.0
146,2021-09-11 12:09:35,531293,1507849.0
147,2021-09-11 01:09:39,531294,1496431.0
148,2021-09-11 01:09:05,531295,1499159.0
149,2021-09-11 02:09:40,531298,1502030.0
150,2021-09-11 03:09:59,531299,1518739.0
151,2021-09-11 05:09:26,531299,1489270.0
152,2021-09-11 08:09:30,531299,1495030.0
153,2021-09-12 02:09:14,531300,1505142.0
154,2021-09-12 05:09:40,531300,1528330.0
155,2021-09-13 05:09:50,531300,1514320.0
156,2021-09-13 07:09:40,531301,1505021.0
157,2021-09-13 11:09:33,531301,1502490.0
158,2021-09-13 11:09:37,531301,1512720.0
159,2021-09-13 12:09:57,531301,1480081.0
160,2021-09-14 04:09:46,531306,1514021.0
161,2021-09-14 05:09:09,531307,1504080.0
162,2021-09-14 06:09:53,531307,1523181.0
163,2021-09-14 08:09:14,531307,1505460.0
164,2021-09-14 08:09:35,531307,1544770.0
165,2021-09-14 09:09:42,531307,1524371.0
166,2021-09-14 10:09:17,531308,1517759.0
167,2021-09-14 11:09:56,531311,1509480.0
168,2021-09-15 12:09:52,531313,1507800.0
169,2021-09-15 03:09:41,531318,1502539.0
170,2021-09-15 04:09:44,531319,1490601.0
171,2021-09-15 08:09:55,531320,1515150.0
172,2021-09-15 01:09:46,531321,1521820.0
173,2021-09-15 02:09:41,531321,1510471.0
174,2021-09-15 03:09:11,531321,1529070.0
175,2021-09-15 03:09:37,531321,1523271.0
176,2021-09-15 04:09:14,531321,1497742.0
177,2021-09-15 04:09:16,531321,1516241.0
178,2021-09-15 04:09:37,531321,1511099.0
179,2021-09-15 04:09:40,531321,1525220.0
180,2021-09-15 05:09:39,531321,1516560.0
181,2021-09-15 06:09:10,531321,1507419.0
182,2021-09-15 06:09:25,531321,1517419.0
183,2021-09-15 06:09:37,531321,1516910.0
184,2021-09-15 07:09:03,531321,1517380.0
185,2021-09-15 07:09:27,531321,1515230.0
186,2021-09-15 07:09:59,531321,1520630.0
187,2021-09-15 07:09:29,531323,1528800.0
188,2021-09-15 08:09:31,531323,1523280.0
189,2021-09-15 08:09:32,531323,1506591.0
190,2021-09-15 08:09:47,531323,1513730.0
191,2021-09-15 09:09:08,531323,1510971.0
192,2021-09-15 10:09:22,531323,1489839.0
193,2021-09-15 09:09:53,531324,1509210.0
194,2021-09-15 10:09:11,531325,1505209.0
195,2021-09-15 11:09:46,531326,1500759.0
196,2021-09-16 02:09:57,531329,1537020.0
197,2021-09-16 03:09:49,531330,1508319.0
198,2021-09-16 07:09:01,531333,1490670.0
199,2021-09-16 07:09:14,531334,1502553.0
200,2021-09-16 07:09:46,531334,1493089.0
201,2021-09-16 08:09:49,531334,1505678.0
202,2021-09-16 09:09:04,531335,1501089.0
203,2021-09-16 09:09:14,531335,1514449.0
204,2021-09-16 01:09:16,531336,1511650.0
205,2021-09-16 01:09:34,531336,1506251.0
206,2021-09-16 01:09:55,531336,1510100.0
207,2021-09-16 03:09:12,531336,1515310.0
208,2021-09-16 09:09:00,531336,1515849.0
209,2021-09-16 12:09:30,531336,1516450.0
210,2021-09-16 06:09:01,531337,1521360.0
211,2021-09-16 06:09:32,531337,1525090.0
212,2021-09-16 06:09:44,531337,1526839.0
213,2021-09-16 06:09:47,531337,1496399.0
214,2021-09-16 08:09:22,531337,1489422.0
215,2021-09-16 08:09:46,531337,1507130.0
216,2021-09-17 12:09:29,531337,1494358.0
217,2021-09-16 09:09:39,531340,1505100.0
218,2021-09-16 09:09:23,531341,1515531.0
219,2021-09-16 11:09:17,531341,1506480.0
220,2021-09-16 10:09:45,531344,1496520.0
221,2021-09-17 12:09:21,531345,1508680.0
222,2021-09-17 12:09:32,531345,1500449.0
223,2021-09-16 11:09:39,531346,1526060.0
224,2021-09-17 12:09:04,531346,1488631.0
225,2021-09-17 12:09:06,531346,1509870.0
226,2021-09-17 06:09:29,531349,1520939.0
227,2021-09-17 06:09:36,531349,1502208.0
228,2021-09-17 01:09:40,531350,1512769.0
229,2021-09-17 01:09:42,531350,1517690.0
230,2021-09-17 01:09:53,531350,1509371.0
231,2021-09-17 02:09:00,531350,1515720.0
232,2021-09-17 02:09:22,531350,1506801.0
233,2021-09-17 05:09:21,531350,1520299.0
234,2021-09-17 05:09:34,531350,1511208.0
235,2021-09-17 12:09:27,531350,1519809.0
236,2021-09-17 06:09:31,531351,1509038.0
237,2021-09-17 09:09:09,531358,1494050.0
238,2021-09-17 09:09:36,531358,1507571.0
239,2021-09-17 11:09:31,531359,1489380.0
240,2021-09-18 09:09:57,531364,1500030.0
241,2021-09-19 05:09:24,531364,1516231.0
242,2021-09-20 06:09:20,531364,1492959.0
243,2021-09-20 10:09:20,531364,1487100.0
244,2021-09-20 11:09:17,531364,1504749.0
245,2021-09-20 11:09:41,531364,1512711.0
246,2021-09-20 12:09:09,531365,1510189.0
247,2021-09-20 12:09:11,531365,1504571.0
248,2021-09-20 02:09:12,531366,1532410.0
249,2021-09-20 02:09:52,531366,1527059.0
250,2021-09-20 05:09:23,531366,1503579.0
251,2021-09-20 06:09:47,531366,1515849.0
252,2021-09-20 06:09:47,531366,1523429.0
253,2021-09-20 06:09:53,531366,1505220.0
254,2021-09-20 07:09:03,531366,1508050.0
255,2021-09-20 07:09:53,531366,1530940.0
256,2021-09-20 06:09:59,531367,1503521.0
257,2021-09-20 09:09:44,531369,1493839.0
258,2021-09-20 09:09:59,531369,1525910.0
259,2021-09-20 10:09:44,531370,1490938.0
260,2021-09-21 02:09:52,531370,1507921.0
261,2021-09-21 11:09:52,531370,1498219.0
262,2021-09-21 04:09:35,531373,1507980.0
263,2021-09-21 05:09:00,531373,1512899.0
264,2021-09-21 05:09:52,531373,1508290.0
265,2021-09-21 07:09:06,531377,1509958.0
266,2021-09-21 08:09:36,531377,1492308.0
267,2021-09-21 09:09:33,531379,1520271.0
268,2021-09-21 09:09:53,531379,1505671.0
269,2021-09-21 10:09:45,531379,1508560.0
270,2021-09-21 11:09:06,531380,1512820.0
271,2021-09-22 12:09:37,531380,1505553.0
272,2021-09-22 01:09:08,531381,1505190.0
273,2021-09-22 01:09:36,531381,1502599.0
274,2021-09-22 02:09:53,531381,1513610.0
275,2021-09-22 04:09:10,531381,1520571.0
276,2021-09-22 05:09:56,531381,1499840.0
277,2021-09-22 07:09:00,531381,1486849.0
278,2021-09-22 07:09:52,531381,1507809.0
279,2021-09-22 08:09:14,531381,1538200.0
280,2021-09-22 10:09:14,531381,1504920.0
281,2021-09-22 10:09:24,531381,1537160.0
282,2021-09-22 10:09:31,531381,1510790.0
283,2021-09-22 10:09:56,531381,1485080.0
284,2021-09-22 04:09:39,531384,1492439.0
285,2021-09-22 05:09:57,531385,1514780.0
286,2021-09-22 06:09:52,531387,1497611.0
287,2021-09-22 07:09:44,531388,1522930.0
288,2021-09-22 08:09:05,531389,1500210.0
289,2021-09-22 11:09:50,531394,1510830.0
290,2021-09-23 01:09:29,531394,1507330.0
291,2021-09-23 05:09:40,531394,1516660.0
292,2021-09-23 06:09:46,531394,1507521.0
293,2021-09-23 06:09:49,531394,1519751.0
294,2021-09-23 09:09:01,531398,1497551.0
295,2021-09-23 10:09:46,531399,1520559.0
296,2021-09-23 10:09:51,531399,1501150.0
297,2021-09-23 11:09:25,531399,1527871.0
298,2021-09-23 11:09:31,531399,1520511.0
299,2021-09-23 01:09:39,531400,1492531.0
300,2021-09-23 01:09:54,531400,1505730.0
301,2021-09-23 02:09:12,531401,1511621.0
302,2021-09-23 02:09:41,531401,1502201.0
303,2021-09-23 05:09:52,531405,1511881.0
304,2021-09-23 05:09:53,531405,1508348.0
305,2021-09-23 07:09:32,531406,1520960.0
306,2021-09-23 08:09:29,531407,1512830.0
307,2021-09-23 09:09:23,531409,1509589.0
308,2021-09-23 10:09:23,531409,1549160.0
309,2021-09-23 11:09:17,531409,1508662.0
310,2021-09-23 11:09:50,531409,1480410.0
311,2021-09-24 11:09:15,531409,1522440.0
312,2021-09-24 11:09:35,531409,1523820.0
313,2021-09-24 11:09:42,531409,1507620.0
314,2021-09-24 11:09:46,531409,1514681.0
315,2021-09-23 09:09:45,531410,1519812.0
316,2021-09-23 11:09:42,531411,1501889.0
317,2021-09-24 01:09:00,531411,1515609.0
318,2021-09-24 01:09:04,531411,1499129.0
319,2021-09-24 02:09:11,531411,1507381.0
320,2021-09-24 03:09:17,531411,1497281.0
321,2021-09-24 03:09:36,531411,1508638.0
322,2021-09-24 03:09:37,531411,1524840.0
323,2021-09-24 12:09:42,531411,1517419.0
324,2021-09-24 07:09:49,531412,1522040.0
325,2021-09-24 01:09:52,531414,1503990.0
326,2021-09-24 02:09:34,531414,1514302.0
327,2021-09-24 03:09:09,531414,1503980.0
328,2021-09-24 08:09:50,531414,1517570.0
329,2021-09-24 10:09:42,531414,1518380.0
330,2021-09-24 11:09:17,531414,1518062.0
331,2021-09-24 05:09:57,531417,1537208.0
332,2021-09-24 07:09:46,531418,1504099.0
333,2021-09-24 09:09:28,531418,1504810.0
334,2021-09-24 10:09:17,531419,1521691.0
335,2021-09-24 11:09:08,531420,1520490.0
336,2021-09-25 01:09:38,531420,1510350.0
337,2021-09-25 02:09:20,531420,1510900.0
338,2021-09-25 02:09:57,531420,1529851.0
339,2021-09-25 04:09:02,531420,1514730.0
340,2021-09-25 04:09:24,531420,1509281.0
341,2021-09-25 04:09:41,531420,1514060.0
342,2021-09-25 05:09:07,531420,1484000.0
343,2021-09-25 06:09:00,531420,1493353.0
344,2021-09-25 06:09:09,531420,1514419.0
345,2021-09-25 07:09:13,531420,1522541.0
346,2021-09-25 07:09:39,531420,1507920.0
347,2021-09-25 10:09:17,531420,1502210.0
348,2021-09-25 12:09:22,531420,1505781.0
349,2021-09-25 04:09:44,531421,1496228.0
350,2021-09-26 05:09:12,531421,1484389.0
351,2021-09-26 05:09:38,531421,1501801.0
352,2021-09-27 07:09:50,531423,1501109.0
353,2021-09-27 08:09:56,531424,1505620.0
354,2021-09-27 10:09:24,531425,1504239.0
355,2021-09-27 10:09:47,531426,1507951.0
356,2021-09-27 11:09:19,531426,1505110.0
357,2021-09-27 12:09:48,531428,1511610.0
358,2021-09-27 12:09:06,531429,1509780.0
359,2021-09-27 03:09:52,531431,1524650.0
360,2021-09-27 04:09:17,531432,1501100.0
361,2021-09-27 04:09:02,531433,1508249.0
362,2021-09-27 06:09:14,531434,1519738.0
363,2021-09-27 08:09:28,531438,1524398.0
364,2021-09-27 08:09:55,531438,1506511.0
365,2021-09-27 09:09:18,531438,1512060.0
366,2021-09-27 11:09:14,531442,1518840.0
367,2021-09-28 01:09:21,531445,1531740.0
368,2021-09-28 02:09:18,531445,1517440.0
369,2021-09-28 02:09:42,531445,1526839.0
370,2021-09-28 03:09:36,531445,1539882.0
371,2021-09-28 05:09:35,531445,1506792.0
372,2021-09-28 06:09:15,531445,1505050.0
373,2021-09-28 06:09:32,531445,1519140.0
374,2021-09-28 06:09:58,531445,1515720.0
375,2021-09-28 07:09:00,531445,1527539.0
376,2021-09-28 07:09:03,531445,1503281.0
377,2021-09-28 08:09:41,531445,1512151.0
378,2021-09-28 08:09:54,531445,1512190.0
379,2021-09-28 08:09:26,531446,1504401.0
380,2021-09-28 09:09:04,531446,1495360.0
381,2021-09-28 09:09:09,531446,1494211.0
382,2021-09-28 09:09:11,531446,1518150.0
383,2021-09-28 09:09:48,531446,1511760.0
384,2021-09-28 10:09:03,531446,1517829.0
385,2021-09-28 10:09:11,531446,1517551.0
386,2021-09-28 10:09:42,531446,1502880.0
387,2021-09-28 11:09:04,531446,1527990.0
388,2021-09-28 01:09:17,531447,1517100.0
389,2021-09-28 12:09:24,531447,1511040.0
390,2021-09-28 01:09:58,531448,1512640.0
391,2021-09-28 02:09:19,531448,1507599.0
392,2021-09-28 03:09:25,531449,1501321.0
393,2021-09-28 03:09:37,531450,1493849.0
394,2021-09-28 05:09:07,531450,1508481.0
395,2021-09-28 05:09:46,531450,1515790.0
396,2021-09-28 07:09:27,531452,1496881.0
397,2021-09-28 08:09:31,531453,1513169.0
398,2021-09-28 08:09:47,531453,1514790.0
399,2021-09-28 10:09:38,531454,1499689.0
400,2021-09-28 10:09:56,531454,1512959.0
401,2021-09-28 11:09:14,531454,1512720.0
402,2021-09-29 01:09:34,531456,1508118.0
403,2021-09-29 01:09:01,531457,1519160.0
404,2021-09-29 01:09:03,531457,1522510.0
405,2021-09-29 02:09:56,531457,1494730.0
406,2021-09-29 02:09:19,531458,1497690.0
407,2021-09-29 02:09:19,531459,1502921.0
408,2021-09-29 02:09:23,531459,1509649.0
409,2021-09-29 02:09:42,531459,1505260.0
410,2021-09-29 04:09:02,531461,1503472.0
411,2021-09-29 05:09:33,531463,1518653.0
412,2021-09-29 06:09:12,531463,1505350.0
413,2021-09-29 06:09:49,531463,1516140.0
414,2021-09-29 06:09:27,531464,1506499.0
415,2021-09-29 07:09:00,531466,1512530.0
416,2021-09-29 07:09:28,531466,1515420.0
417,2021-09-29 08:09:04,531466,1514230.0
418,2021-09-29 11:09:07,531468,1526529.0
419,2021-09-29 11:09:47,531468,1515560.0
420,2021-09-29 12:09:19,531469,1507471.0
421,2021-09-29 02:09:09,531471,1500261.0
422,2021-09-29 04:09:24,531471,1530390.0
423,2021-09-29 04:09:44,531471,1501771.0
424,2021-09-29 04:09:19,531473,1503089.0
425,2021-09-29 06:09:32,531475,1517062.0
426,2021-09-29 06:09:47,531475,1500549.0
427,2021-09-29 07:09:35,531477,1511041.0
428,2021-09-29 09:09:04,531477,1495039.0
429,2021-09-29 09:09:54,531477,1514741.0
430,2021-09-29 10:09:08,531478,1524530.0
431,2021-09-29 10:09:40,531478,1512900.0
432,2021-09-30 01:09:45,531482,1508503.0
433,2021-09-30 02:09:11,531483,1513610.0
434,2021-09-30 02:09:36,531483,1500591.0
435,2021-09-30 02:09:55,531483,1490700.0
436,2021-09-30 04:09:43,531486,1492421.0
437,2021-09-30 04:09:15,531487,1515601.0
438,2021-09-30 04:09:28,531487,1513280.0
439,2021-09-30 06:09:13,531488,1493629.0
440,2021-09-30 06:09:54,531488,1509592.0
441,2021-09-30 06:09:58,531488,1507831.0
442,2021-09-30 08:09:48,531490,1521233.0
443,2021-09-30 08:09:55,531490,1510980.0
444,2021-09-30 08:09:56,531490,1507321.0
445,2021-09-30 10:09:14,531490,1511018.0
446,2021-09-30 08:09:11,531491,1480609.0
447,2021-09-30 11:09:07,531492,1523450.0
448,2021-09-30 11:09:25,531492,1514022.0
449,2021-09-30 11:09:50,531492,1512380.0
450,2021-09-30 12:09:28,531494,1494100.0
451,2021-09-30 02:09:53,531497,1512381.0
452,2021-09-30 03:09:12,531497,1506930.0
453,2021-09-30 03:09:18,531497,1526658.0
454,2021-09-30 04:09:20,531498,1527170.0
455,2021-09-30 06:09:25,531500,1521510.0
456,2021-09-30 07:09:08,531501,1548960.0
457,2021-09-30 07:09:52,531501,1522318.0
458,2021-10-01 01:10:36,531508,1518331.0
459,2021-10-01 01:10:55,531508,1517140.0
460,2021-10-01 12:10:43,531508,1501792.0
461,2021-10-01 12:10:48,531508,1531709.0
462,2021-10-01 01:10:03,531509,1507869.0
463,2021-10-01 01:10:28,531509,1492129.0
464,2021-10-01 01:10:44,531509,1516780.0
465,2021-10-01 02:10:09,531509,1510904.0
466,2021-10-01 02:10:11,531509,1519002.0
467,2021-10-01 02:10:27,531509,1512790.0
468,2021-10-01 03:10:39,531509,1520192.0
469,2021-10-01 06:10:16,531510,1513731.0
470,2021-10-01 08:10:04,531511,1499090.0
471,2021-10-01 09:10:12,531511,1510010.0
472,2021-10-01 09:10:13,531511,1499239.0
473,2021-10-01 09:10:50,531511,1498571.0
474,2021-10-01 10:10:58,531511,1505741.0
475,2021-10-01 10:10:58,531511,1517111.0
476,2021-10-01 02:10:04,531514,1494280.0
477,2021-10-01 03:10:49,531516,1496661.0
478,2021-10-01 07:10:02,531520,1522209.0
479,2021-10-02 02:10:22,531520,1525231.0
480,2021-10-02 02:10:56,531520,1515173.0
481,2021-10-02 02:10:27,531521,1525180.0
482,2021-10-02 03:10:41,531521,1500610.0
483,2021-10-02 01:10:37,531523,1499551.0
484,2021-10-02 03:10:52,531523,1512110.0
485,2021-10-02 05:10:12,531523,1522900.0
486,2021-10-02 06:10:37,531523,1529440.0
487,2021-10-02 07:10:09,531523,1869429.0
488,2021-10-02 08:10:33,531523,1523011.0
489,2021-10-02 10:10:47,531523,1523141.0
490,2021-10-03 01:10:59,531524,1522869.0
491,2021-10-03 06:10:02,531524,1514700.0
492,2021-10-03 09:10:52,531526,1495608.0
493,2021-10-04 10:10:10,531526,1513100.0
494,2021-10-04 11:10:46,531526,1480320.0
495,2021-10-04 01:10:13,531527,1525261.0
496,2021-10-04 12:10:21,531527,1507748.0
497,2021-10-04 01:10:23,531528,1510471.0
498,2021-10-04 03:10:41,531530,1524152.0
499,2021-10-04 06:10:28,531533,1536929.0
500,2021-10-04 07:10:10,531533,1505351.0
501,2021-10-04 10:10:06,531536,1510029.0
502,2021-10-04 10:10:25,531536,1529370.0
503,2021-10-04 10:10:17,531537,1526151.0
504,2021-10-05 01:10:02,531537,1524710.0
505,2021-10-05 02:10:09,531537,1510109.0
506,2021-10-05 05:10:20,531537,1525620.0
507,2021-10-05 07:10:27,531537,1523850.0
508,2021-10-05 07:10:35,531537,1521840.0
509,2021-10-05 08:10:36,531538,1524079.0
510,2021-10-05 10:10:19,531543,1507060.0
511,2021-10-05 12:10:01,531543,1533010.0
512,2021-10-05 12:10:20,531543,1521729.0
513,2021-10-05 12:10:52,531543,1506640.0
514,2021-10-05 01:10:44,531544,1524480.0
515,2021-10-05 03:10:18,531546,1515699.0
516,2021-10-05 07:10:15,531548,1528979.0
517,2021-10-05 07:10:49,531549,1522559.0
518,2021-10-05 08:10:03,531553,1516169.0
519,2021-10-05 08:10:06,531553,1518001.0
520,2021-10-05 08:10:07,531554,1520610.0
521,2021-10-05 09:10:37,531554,1521680.0
522,2021-10-05 11:10:11,531554,1512151.0
523,2021-10-05 11:10:13,531555,1498890.0
524,2021-10-05 11:10:38,531555,1520621.0
525,2021-10-06 05:10:39,531556,1509189.0
526,2021-10-06 06:10:00,531556,1487379.0
527,2021-10-06 06:10:18,531556,1507140.0
528,2021-10-06 07:10:41,531556,1516989.0
529,2021-10-06 11:10:22,531556,1501100.0
530,2021-10-06 11:10:22,531557,1537371.0
531,2021-10-06 11:10:46,531558,1514081.0
532,2021-10-06 01:10:30,531559,1504932.0
533,2021-10-06 02:10:03,531560,1526360.0
534,2021-10-06 02:10:13,531560,1505259.0
535,2021-10-06 02:10:37,531560,1517331.0
536,2021-10-06 03:10:14,531562,1496279.0
537,2021-10-06 03:10:24,531562,1492370.0
538,2021-10-06 04:10:22,531563,1505482.0
539,2021-10-06 05:10:58,531563,1512860.0
540,2021-10-06 08:10:32,531566,1511821.0
541,2021-10-07 02:10:13,531570,1503240.0
542,2021-10-07 06:10:01,531574,1534959.0
543,2021-10-07 06:10:26,531574,1504261.0
544,2021-10-07 08:10:31,531574,1510230.0
545,2021-10-07 09:10:04,531575,1526380.0
546,2021-10-07 09:10:19,531575,1502481.0
547,2021-10-07 11:10:00,531575,1510820.0
548,2021-10-07 11:10:03,531576,1514699.0
549,2021-10-08 01:10:33,531577,1509049.0
550,2021-10-08 02:10:20,531577,1518341.0
551,2021-10-08 04:10:08,531577,1481431.0
552,2021-10-08 05:10:51,531577,1528061.0
553,2021-10-08 07:10:14,531577,1520510.0
554,2021-10-08 07:10:39,531577,1506350.0
555,2021-10-08 08:10:25,531577,1507150.0
556,2021-10-08 09:10:36,531577,1509680.0
557,2021-10-08 11:10:03,531577,1531971.0
558,2021-10-08 11:10:26,531577,1519210.0
559,2021-10-08 01:10:26,531578,1515110.0
560,2021-10-08 01:10:53,531578,1527120.0
561,2021-10-08 02:10:17,531578,1515392.0
562,2021-10-08 02:10:57,531578,1509020.0
563,2021-10-08 03:10:34,531578,1519372.0
564,2021-10-08 04:10:09,531578,1545470.0
565,2021-10-08 04:10:13,531578,1516861.0
566,2021-10-08 04:10:49,531578,1512061.0
567,2021-10-08 04:10:53,531578,1536291.0
568,2021-10-08 06:10:17,531578,1550549.0
569,2021-10-08 09:10:15,531578,1507089.0
570,2021-10-08 09:10:43,531578,1522850.0
571,2021-10-09 04:10:44,531578,1531701.0
572,2021-10-09 04:10:33,531579,1515920.0
573,2021-10-09 04:10:47,531579,1518831.0
574,2021-10-09 12:10:24,531579,1517940.0
575,2021-10-09 09:10:13,531582,1513852.0
576,2021-10-09 10:10:28,531582,1512391.0
577,2021-10-09 11:10:25,531582,1526078.0
578,2021-10-10 11:10:06,531584,1520830.0
579,2021-10-11 03:10:40,531584,1511510.0
580,2021-10-11 06:10:18,531584,1507119.0
581,2021-10-11 11:10:26,531585,1511430.0
582,2021-10-11 12:10:02,531585,1508711.0
583,2021-10-11 11:10:17,531587,1517142.0
584,2021-10-11 11:10:58,531587,1515590.0
585,2021-10-13 01:10:32,531587,1523352.0
586,2021-10-13 01:10:51,531587,1520160.0
587,2021-10-12 01:10:53,531592,1520210.0
588,2021-10-13 02:10:15,531592,1533339.0
589,2021-10-12 07:10:09,531593,1527641.0
590,2021-10-13 02:10:40,531593,1529050.0
591,2021-10-13 04:10:27,531593,1541480.0
592,2021-10-13 05:10:42,531595,1523550.0
593,2021-10-14 06:10:29,531595,1525151.0
594,2021-10-14 09:10:41,531596,1513221.0
595,2021-10-14 09:10:53,531598,1507580.0
596,2021-10-14 10:10:26,531598,1513250.0
597,2021-10-14 10:10:44,531598,1513591.0
598,2021-10-13 09:10:33,531599,1517298.0
599,2021-10-13 12:10:01,531599,1524590.0
600,2021-10-14 10:10:00,531599,1509598.0
601,2021-10-15 12:10:52,531599,1515960.0
602,2021-10-14 04:10:48,531600,1517359.0
603,2021-10-15 01:10:09,531600,1500860.0
604,2021-10-15 01:10:46,531600,1506099.0
605,2021-10-15 01:10:56,531600,1522701.0
606,2021-10-15 12:10:36,531600,1520219.0
607,2021-10-15 12:10:38,531600,1515490.0
608,2021-10-14 08:10:31,531602,1525831.0
609,2021-10-15 01:10:40,531602,1514890.0
610,2021-10-15 02:10:25,531602,1503340.0
611,2021-10-15 03:10:02,531602,1514351.0
612,2021-10-15 03:10:21,531602,1504529.0
613,2021-10-15 03:10:22,531602,1516320.0
614,2021-10-15 03:10:27,531602,1522750.0
615,2021-10-15 03:10:42,531602,1513039.0
616,2021-10-15 04:10:38,531602,1520590.0
617,2021-10-15 04:10:47,531602,1522761.0
618,2021-10-15 05:10:01,531602,1527740.0
619,2021-10-15 05:10:07,531602,1511092.0
620,2021-10-15 05:10:51,531602,1497250.0
621,2021-10-15 06:10:02,531603,1507319.0
622,2021-10-15 06:10:08,531603,1512510.0
623,2021-10-15 06:10:22,531603,1535430.0
624,2021-10-15 06:10:40,531604,1501230.0
625,2021-10-15 07:10:20,531604,1497591.0
626,2021-10-14 07:10:58,531605,1510570.0
627,2021-10-15 07:10:19,531605,1505190.0
628,2021-10-14 04:10:57,531606,1510350.0
629,2021-10-15 07:10:05,531606,1527860.0
630,2021-10-15 08:10:16,531607,1519470.0
631,2021-10-15 09:10:02,531607,1499910.0
632,2021-10-15 09:10:08,531607,1501039.0
633,2021-10-15 09:10:32,531607,1505021.0
634,2021-10-14 07:10:21,531608,1482652.0
635,2021-10-15 11:10:35,531608,1502649.0
636,2021-10-15 11:10:53,531608,1520980.0
637,2021-10-15 01:10:58,531610,1496400.0
638,2021-10-15 02:10:02,531612,1492619.0
639,2021-10-15 02:10:40,531612,1526499.0
640,2021-10-15 02:10:54,531612,1491261.0
641,2021-10-15 03:10:18,531612,1526021.0
642,2021-10-15 03:10:02,531614,1503789.0
643,2021-10-15 04:10:27,531614,1508550.0
644,2021-10-15 05:10:01,531615,1505590.0
645,2021-10-15 05:10:29,531615,1502300.0
646,2021-10-15 05:10:34,531615,1513501.0
647,2021-10-15 05:10:41,531615,1499350.0
648,2021-10-15 10:10:36,531617,1513859.0
649,2021-10-16 02:10:30,531617,1499561.0
650,2021-10-15 10:10:41,531618,1518041.0
651,2021-10-15 10:10:15,531620,1505160.0
652,2021-10-16 03:10:24,531620,1497090.0
653,2021-10-16 05:10:59,531620,1494371.0
654,2021-10-16 02:10:34,531621,1505001.0
655,2021-10-16 02:10:07,531622,1493969.0
656,2021-10-16 06:10:06,531622,1513270.0
657,2021-10-16 10:10:53,531622,1506851.0
658,2021-10-16 12:10:21,531622,1492540.0
659,2021-10-16 03:10:30,531623,1517810.0
660,2021-10-16 11:10:13,531623,1491081.0
661,2021-10-16 11:10:49,531623,1514999.0
662,2021-10-17 06:10:02,531623,1483700.0
663,2021-10-17 07:10:28,531623,1503110.0
664,2021-10-18 05:10:12,531625,1510240.0
665,2021-10-18 06:10:33,531625,1507811.0
666,2021-10-18 07:10:10,531625,1520469.0
667,2021-10-18 07:10:40,531625,1514408.0
668,2021-10-18 07:10:58,531625,1495990.0
669,2021-10-18 08:10:17,531626,1465680.0
670,2021-10-18 08:10:24,531626,1501053.0
671,2021-10-18 08:10:34,531626,1494920.0
672,2021-10-18 09:10:41,531627,1499529.0
673,2021-10-18 10:10:11,531627,1518020.0
674,2021-10-18 10:10:33,531627,1490220.0
675,2021-10-18 02:10:48,531628,1487630.0
676,2021-10-18 11:10:13,531628,1494102.0
677,2021-10-18 12:10:14,531628,1482477.0
678,2021-10-18 04:10:59,531629,1516070.0
679,2021-10-18 05:10:57,531629,1514380.0
680,2021-10-18 08:10:03,531631,1500851.0
681,2021-10-18 09:10:40,531634,1496461.0
682,2021-10-18 09:10:49,531634,1497821.0
683,2021-10-18 09:10:43,531635,1495970.0
684,2021-10-19 12:10:42,531637,1485969.0
685,2021-10-19 12:10:44,531637,1518368.0
686,2021-10-19 04:10:23,531641,1513019.0
687,2021-10-19 05:10:35,531642,1497691.0
688,2021-10-19 05:10:49,531642,1507960.0
689,2021-10-19 06:10:30,531643,1492260.0
690,2021-10-19 07:10:05,531644,1500710.0
691,2021-10-19 07:10:18,531644,1514420.0
692,2021-10-19 07:10:20,531644,1507479.0
693,2021-10-19 07:10:37,531644,1487119.0
694,2021-10-19 07:10:01,531645,1517211.0
695,2021-10-19 08:10:35,531645,1503699.0
696,2021-10-19 11:10:07,531648,1501628.0
697,2021-10-19 11:10:13,531649,1511479.0
698,2021-10-19 11:10:55,531649,1504000.0
699,2021-10-19 11:10:12,531650,1520271.0
700,2021-10-19 01:10:38,531651,1517049.0
701,2021-10-19 02:10:07,531651,1491430.0
702,2021-10-19 02:10:49,531651,1508970.0
703,2021-10-19 12:10:51,531651,1514130.0
704,2021-10-19 03:10:06,531652,1501379.0
705,2021-10-19 03:10:47,531653,1518772.0
706,2021-10-19 04:10:17,531653,1514320.0
707,2021-10-19 04:10:40,531654,1516829.0
708,2021-10-19 04:10:55,531654,1520842.0
709,2021-10-19 05:10:27,531656,1503859.0
710,2021-10-19 06:10:09,531656,1495551.0
711,2021-10-19 07:10:02,531656,1514790.0
712,2021-10-19 07:10:44,531657,1496471.0
713,2021-10-19 08:10:17,531658,1522990.0
714,2021-10-19 08:10:07,531659,1515760.0
715,2021-10-19 11:10:18,531660,1511849.0
716,2021-10-20 12:10:44,531660,1521591.0
717,2021-10-20 01:10:21,531665,1492762.0
718,2021-10-20 01:10:46,531665,1512289.0
719,2021-10-20 05:10:14,531665,1508770.0
720,2021-10-20 06:10:10,531665,1506090.0
721,2021-10-20 06:10:13,531665,1499409.0
722,2021-10-20 06:10:16,531665,1492970.0
723,2021-10-20 07:10:19,531666,1511901.0
724,2021-10-20 10:10:47,531669,1521951.0
725,2021-10-20 02:10:05,531670,1511211.0
726,2021-10-20 12:10:32,531670,1510891.0
727,2021-10-20 03:10:20,531671,1480470.0
728,2021-10-20 03:10:51,531672,1513400.0
729,2021-10-20 04:10:04,531672,1501890.0
730,2021-10-20 04:10:51,531674,1506201.0
731,2021-10-20 07:10:52,531678,1486321.0
732,2021-10-20 08:10:37,531679,1501441.0
733,2021-10-20 08:10:38,531680,1528640.0
734,2021-10-20 11:10:08,531683,1504200.0
735,2021-10-21 12:10:41,531683,1482370.0
736,2021-10-20 11:10:54,531685,1493640.0
737,2021-10-21 12:10:27,531686,1510979.0
738,2021-10-21 06:10:22,531688,1502482.0
739,2021-10-21 03:10:18,531690,1511540.0
740,2021-10-21 03:10:44,531690,1545479.0
741,2021-10-21 04:10:09,531690,1487740.0
742,2021-10-21 08:10:41,531690,1507170.0
743,2021-10-21 12:10:40,531690,1497729.0
744,2021-10-21 02:10:58,531691,1495278.0
745,2021-10-21 03:10:48,531691,1498411.0
746,2021-10-21 04:10:07,531691,1492840.0
747,2021-10-21 04:10:12,531691,1488840.0
748,2021-10-21 04:10:23,531691,1494578.0
749,2021-10-21 05:10:00,531692,1498440.0
750,2021-10-21 05:10:49,531692,1510641.0
751,2021-10-21 07:10:11,531695,1512329.0
752,2021-10-21 08:10:04,531695,1512290.0
753,2021-10-21 11:10:30,531698,1518950.0
754,2021-10-22 12:10:22,531698,1522731.0
755,2021-10-22 12:10:56,531698,1488429.0
756,2021-10-22 02:10:26,531700,1524161.0
757,2021-10-22 02:10:37,531700,1514640.0
758,2021-10-22 02:10:51,531700,1498059.0
759,2021-10-22 06:10:59,531700,1517621.0
760,2021-10-22 06:10:11,531701,1496969.0
761,2021-10-22 07:10:02,531701,1472860.0
762,2021-10-22 08:10:33,531703,1494451.0
763,2021-10-22 10:10:57,531707,1512649.0
764,2021-10-22 11:10:43,531707,1495491.0
765,2021-10-22 11:10:56,531707,1507852.0
766,2021-10-22 12:10:43,531707,1503570.0
767,2021-10-22 01:10:28,531708,1495140.0
768,2021-10-22 01:10:57,531708,1498659.0
769,2021-10-22 01:10:05,531709,1503601.0
770,2021-10-22 02:10:53,531710,1533200.0
771,2021-10-22 04:10:07,531712,1497390.0
772,2021-10-22 05:10:25,531713,1516460.0
773,2021-10-22 05:10:51,531715,1491551.0
774,2021-10-22 07:10:07,531717,1512789.0
775,2021-10-22 09:10:40,531718,1498799.0
776,2021-10-22 10:10:18,531718,1505781.0
777,2021-10-22 10:10:31,531718,1527468.0
778,2021-10-22 11:10:39,531721,1507019.0
779,2021-10-23 01:10:41,531721,1492780.0
780,2021-10-23 01:10:57,531721,1512430.0
781,2021-10-23 02:10:11,531721,1512510.0
782,2021-10-23 02:10:35,531721,1522169.0
783,2021-10-23 12:10:37,531721,1507180.0
784,2021-10-23 12:10:39,531721,1495341.0
785,2021-10-23 12:10:39,531721,1507771.0
786,2021-10-24 12:10:49,531721,1504130.0
787,2021-10-25 10:10:04,531721,1516230.0
788,2021-10-25 10:10:10,531721,1498400.0
789,2021-10-25 10:10:34,531721,1502999.0
790,2021-10-25 01:10:26,531723,1492581.0
791,2021-10-25 01:10:28,531723,1515001.0
792,2021-10-25 01:10:30,531723,1511890.0
793,2021-10-25 02:10:03,531723,1519360.0
794,2021-10-25 03:10:23,531723,1490711.0
795,2021-10-25 12:10:41,531723,1500590.0
796,2021-10-25 12:10:44,531723,1509410.0
797,2021-10-25 04:10:01,531724,1499870.0
798,2021-10-25 06:10:27,531725,1508170.0
799,2021-10-25 06:10:58,531725,1507480.0
800,2021-10-25 07:10:36,531727,1503180.0
801,2021-10-25 11:10:49,531729,1521521.0
802,2021-10-26 01:10:51,531729,1484251.0
803,2021-10-26 01:10:02,531731,1510280.0
804,2021-10-26 01:10:36,531731,1504061.0
805,2021-10-26 01:10:41,531731,1490090.0
806,2021-10-26 01:10:06,531732,1507030.0
807,2021-10-26 12:10:22,531732,1500841.0
808,2021-10-26 01:10:30,531733,1485220.0
809,2021-10-26 04:10:40,531734,1513141.0
810,2021-10-26 07:10:34,531736,1500851.0
811,2021-10-26 08:10:37,531736,1524570.0
812,2021-10-26 08:10:48,531736,1504331.0
813,2021-10-26 11:10:26,531741,1498981.0
814,2021-10-26 01:10:00,531742,1505610.0
815,2021-10-26 01:10:29,531742,1494080.0
816,2021-10-26 12:10:43,531742,1522970.0
817,2021-10-26 01:10:41,531743,1505190.0
818,2021-10-26 02:10:37,531744,1474281.0
819,2021-10-26 02:10:53,531744,1510569.0
820,2021-10-26 03:10:14,531745,1499343.0
821,2021-10-26 04:10:47,531747,1491779.0
822,2021-10-26 05:10:32,531747,1494360.0
823,2021-10-26 06:10:54,531747,1493721.0
824,2021-10-26 05:10:06,531748,1506551.0
825,2021-10-26 06:10:45,531748,1513390.0
826,2021-10-26 06:10:27,531749,1491661.0
827,2021-10-26 06:10:51,531749,1508231.0
828,2021-10-26 06:10:53,531749,1498920.0
829,2021-10-26 09:10:41,531752,1491150.0
830,2021-10-26 09:10:34,531754,1489180.0
831,2021-10-26 10:10:43,531755,1503621.0
832,2021-10-27 01:10:57,531757,1518079.0
833,2021-10-27 02:10:16,531757,1507781.0
834,2021-10-27 02:10:33,531757,1517161.0
835,2021-10-27 03:10:04,531757,1493880.0
836,2021-10-27 03:10:12,531757,1501449.0
837,2021-10-27 03:10:54,531757,1494339.0
838,2021-10-27 04:10:29,531757,1504560.0
839,2021-10-27 06:10:30,531757,1500860.0
840,2021-10-27 06:10:40,531757,1528250.0
841,2021-10-27 07:10:44,531757,1501029.0
842,2021-10-27 07:10:47,531757,1503340.0
843,2021-10-27 08:10:46,531757,1537632.0
844,2021-10-27 08:10:58,531757,1514880.0
845,2021-10-27 09:10:41,531757,1507359.0
846,2021-10-27 09:10:48,531757,1498871.0
847,2021-10-27 11:10:09,531757,1491441.0
848,2021-10-27 12:10:10,531757,1515638.0
849,2021-10-27 12:10:39,531757,1516130.0
850,2021-10-27 04:10:04,531759,1488501.0
851,2021-10-27 04:10:17,531759,1489261.0
852,2021-10-27 05:10:55,531760,1500262.0
853,2021-10-27 06:10:36,531760,1492990.0
854,2021-10-27 09:10:58,531760,1508369.0
855,2021-10-27 07:10:08,531762,1510260.0
856,2021-10-28 01:10:21,531763,1532120.0
857,2021-10-28 12:10:46,531763,1513929.0
858,2021-10-28 12:10:56,531763,1479790.0
859,2021-10-28 02:10:18,531765,1494549.0
860,2021-10-28 03:10:12,531765,1488969.0
861,2021-10-28 03:10:19,531765,1525171.0
862,2021-10-28 04:10:50,531771,1502640.0
863,2021-10-28 05:10:49,531775,1506180.0
864,2021-10-28 06:10:41,531776,1495521.0
865,2021-10-28 07:10:22,531776,1511200.0
866,2021-10-28 08:10:31,531777,1518030.0
867,2021-10-28 09:10:16,531778,1490928.0
868,2021-10-28 10:10:46,531779,1497911.0
869,2021-10-28 11:10:19,531779,1524631.0
870,2021-10-28 02:10:44,531780,1499281.0
871,2021-10-28 12:10:59,531780,1507958.0
872,2021-10-28 01:10:28,531782,1504650.0
873,2021-10-28 02:10:07,531782,1499310.0
874,2021-10-28 02:10:12,531783,1511220.0
875,2021-10-28 04:10:32,531783,1527000.0
876,2021-10-28 05:10:40,531786,1502990.0
877,2021-10-28 06:10:15,531789,1513660.0
878,2021-10-28 06:10:37,531789,1505479.0
879,2021-10-28 10:10:33,531791,1501410.0
880,2021-10-28 11:10:29,531791,1522319.0
881,2021-10-28 10:10:34,531792,1519570.0
882,2021-10-29 01:10:46,531792,1517650.0
883,2021-10-29 02:10:34,531794,1509920.0
884,2021-10-29 02:10:30,531795,1522570.0
885,2021-10-29 02:10:45,531795,1505829.0
886,2021-10-29 02:10:02,531798,1516449.0
887,2021-10-29 02:10:55,531798,1508901.0
888,2021-10-29 06:10:35,531799,1501039.0
889,2021-10-29 07:10:20,531799,1519090.0
890,2021-10-29 06:10:58,531800,1527951.0
891,2021-10-29 08:10:53,531801,1516310.0
892,2021-10-29 08:10:04,531803,1516570.0
893,2021-10-29 09:10:41,531803,1523739.0
894,2021-10-29 09:10:45,531803,1512448.0
895,2021-10-29 02:10:35,531804,1505961.0
896,2021-10-29 02:10:49,531804,1498621.0
897,2021-10-29 07:10:02,531806,1521692.0
898,2021-10-29 07:10:44,531806,1501992.0
899,2021-10-29 11:10:21,531806,1507381.0
900,2021-10-29 11:10:38,531806,1505980.0
901,2021-10-30 01:10:26,531806,1500871.0
902,2021-10-30 02:10:31,531806,1527111.0
903,2021-10-30 02:10:51,531806,1491469.0
904,2021-10-30 04:10:22,531806,1501732.0
905,2021-10-30 05:10:53,531806,1490448.0
906,2021-10-30 06:10:05,531806,1512472.0
907,2021-10-30 06:10:48,531806,1522720.0
908,2021-10-30 12:10:14,531806,1522951.0
909,2021-10-30 08:10:30,531808,1486420.0
910,2021-10-30 08:10:01,531810,1512931.0
911,2021-10-30 08:10:50,531810,1500500.0
912,2021-10-30 09:10:29,531810,1494111.0
913,2021-10-30 06:10:39,531811,1534901.0
914,2021-10-30 07:10:48,531811,1509708.0
915,2021-10-30 10:10:17,531811,1515100.0
916,2021-10-31 09:10:59,531811,1509120.0
917,2021-10-31 10:10:04,531811,1530601.0
918,2021-10-31 10:10:46,531811,1499930.0
919,2021-11-01 02:11:10,531815,1502891.0
920,2021-11-01 02:11:27,531815,1522999.0
921,2021-11-01 11:11:13,531815,1522350.0
922,2021-11-01 12:11:38,531815,1507971.0
923,2021-11-01 05:11:02,531818,1510741.0
924,2021-11-01 09:11:31,531819,1513821.0
925,2021-11-02 03:11:25,531819,1496931.0
926,2021-11-02 05:11:16,531819,1489640.0
927,2021-11-02 06:11:05,531819,1514281.0
928,2021-11-02 06:11:55,531819,1488510.0
929,2021-11-02 01:11:40,531821,1514791.0
930,2021-11-02 03:11:29,531821,1505789.0
931,2021-11-02 06:11:55,531821,1506401.0
932,2021-11-02 10:11:39,531821,1495520.0
933,2021-11-02 11:11:39,531821,1490630.0
934,2021-11-02 11:11:59,531821,1506330.0
935,2021-11-02 03:11:51,531822,1490031.0
936,2021-11-02 04:11:57,531822,1504759.0
937,2021-11-02 04:11:59,531822,1513498.0
938,2021-11-02 05:11:06,531823,1503141.0
939,2021-11-02 05:11:33,531824,1503080.0
940,2021-11-02 07:11:30,531826,1515519.0
941,2021-11-02 08:11:33,531826,1507230.0
942,2021-11-02 09:11:14,531827,1489340.0
943,2021-11-02 09:11:24,531827,1502042.0
944,2021-11-02 11:11:08,531827,1513980.0
945,2021-11-02 11:11:28,531827,1516390.0
946,2021-11-03 12:11:20,531827,1512093.0
947,2021-11-02 11:11:53,531831,1498950.0
948,2021-11-03 12:11:35,531832,1503599.0
949,2021-11-03 03:11:54,531837,1491491.0
950,2021-11-03 04:11:19,531838,1501761.0
951,2021-11-03 05:11:18,531838,1500060.0
952,2021-11-03 05:11:42,531838,1507331.0
953,2021-11-03 06:11:07,531838,1509349.0
954,2021-11-03 06:11:14,531838,1520571.0
955,2021-11-03 06:11:52,531838,1498709.0
956,2021-11-03 07:11:16,531838,1482550.0
957,2021-11-03 07:11:51,531838,1522637.0
958,2021-11-03 07:11:56,531838,1502799.0
959,2021-11-03 10:11:33,531839,1512430.0
960,2021-11-03 11:11:07,531839,1504139.0
961,2021-11-03 11:11:42,531839,1508570.0
962,2021-11-03 11:11:56,531839,1521580.0
963,2021-11-03 12:11:24,531839,1498850.0
964,2021-11-03 02:11:20,531842,1507790.0
965,2021-11-03 03:11:14,531843,1519760.0
966,2021-11-03 03:11:34,531843,1496590.0
967,2021-11-03 03:11:42,531843,1539830.0
968,2021-11-03 03:11:51,531843,1502170.0
969,2021-11-03 07:11:18,531848,1516129.0
970,2021-11-03 07:11:22,531849,1506670.0
971,2021-11-03 07:11:28,531849,1506799.0
972,2021-11-03 07:11:54,531849,1509040.0
973,2021-11-03 10:11:48,531849,1522188.0
974,2021-11-03 11:11:28,531851,1525869.0
975,2021-11-03 11:11:23,531853,1532110.0
976,2021-11-03 11:11:55,531853,1499890.0
977,2021-11-04 12:11:53,531853,1505151.0
978,2021-11-04 06:11:17,531854,1518160.0
979,2021-11-04 06:11:55,531855,1499059.0
980,2021-11-04 07:11:04,531857,1475980.0
981,2021-11-04 08:11:34,531858,1511050.0
982,2021-11-04 09:11:50,531858,1506440.0
983,2021-11-04 11:11:07,531858,1496630.0
984,2021-11-04 01:11:16,531859,1483670.0
985,2021-11-04 01:11:24,531859,1497390.0
986,2021-11-04 03:11:31,531860,1495169.0
987,2021-11-04 06:11:20,531862,1492511.0
988,2021-11-05 05:11:02,531864,1493680.0
989,2021-11-05 05:11:27,531865,1510000.0
990,2021-11-05 05:11:33,531866,1510300.0
991,2021-11-05 06:11:07,531867,1505981.0
992,2021-11-05 12:11:55,531867,1511590.0
993,2021-11-05 01:11:05,531869,1472689.0
994,2021-11-05 01:11:11,531869,1508439.0
995,2021-11-05 01:11:53,531869,1500940.0
996,2021-11-05 01:11:59,531869,1493200.0
997,2021-11-05 03:11:19,531872,1491160.0
998,2021-11-05 03:11:55,531872,1508670.0
999,2021-11-05 02:11:26,531873,1488410.0
1000,2021-11-05 07:11:41,531873,1490552.0
1001,2021-11-05 03:11:17,531874,1514768.0
1002,2021-11-05 03:11:18,531874,1485120.0
1003,2021-11-05 03:11:51,531874,1503490.0
1004,2021-11-05 06:11:12,531874,1518070.0
1005,2021-11-05 07:11:06,531875,1502270.0
1006,2021-11-05 10:11:47,531876,1500111.0
1007,2021-11-05 11:11:30,531876,1517890.0
1008,2021-11-06 01:11:23,531876,1515582.0
1009,2021-11-06 01:11:47,531876,1493749.0
1010,2021-11-06 01:11:52,531876,1502081.0
1011,2021-11-06 02:11:58,531876,1501671.0
1012,2021-11-06 02:11:07,531879,1499690.0
1013,2021-11-06 02:11:33,531879,1486272.0
1014,2021-11-06 03:11:20,531879,1505541.0
1015,2021-11-06 03:11:21,531881,1499390.0
1016,2021-11-06 03:11:37,531881,1490352.0
1017,2021-11-06 03:11:58,531881,1524590.0
1018,2021-11-06 04:11:18,531881,1525249.0
1019,2021-11-06 04:11:23,531881,1509872.0
1020,2021-11-06 04:11:26,531881,1519129.0
1021,2021-11-06 04:11:59,531881,1517431.0
1022,2021-11-06 05:11:45,531881,1526070.0
1023,2021-11-06 06:11:30,531881,1508930.0
1024,2021-11-06 07:11:51,531881,1506150.0
1025,2021-11-06 07:11:58,531882,1503930.0
1026,2021-11-06 08:11:12,531882,1504052.0
1027,2021-11-06 08:11:19,531882,1505580.0
1028,2021-11-06 09:11:16,531883,1524370.0
1029,2021-11-06 10:11:58,531883,1511969.0
1030,2021-11-06 10:11:19,531884,1511802.0
1031,2021-11-06 06:11:59,531885,1493478.0
1032,2021-11-07 05:11:28,531885,1508520.0
1033,2021-11-07 11:11:36,531885,1502500.0
1034,2021-11-08 03:11:19,531885,1489740.0
1035,2021-11-08 06:11:55,531886,1493459.0
1036,2021-11-08 06:11:28,531887,1501171.0
1037,2021-11-08 08:11:20,531888,1508170.0
1038,2021-11-08 12:11:22,531892,1495911.0
1039,2021-11-08 02:11:49,531893,1518800.0
1040,2021-11-08 12:11:41,531893,1493862.0
1041,2021-11-08 02:11:33,531894,1532280.0
1042,2021-11-08 02:11:58,531894,1514349.0
1043,2021-11-08 03:11:30,531894,1537710.0
1044,2021-11-08 03:11:34,531895,1510180.0
1045,2021-11-08 04:11:48,531896,1529751.0
1046,2021-11-08 07:11:15,531897,1537709.0
1047,2021-11-08 08:11:36,531899,1509989.0
1048,2021-11-08 09:11:12,531899,1519310.0
1049,2021-11-08 08:11:57,531900,1501941.0
1050,2021-11-08 09:11:46,531900,1532709.0
1051,2021-11-08 09:11:00,531901,1512830.0
1052,2021-11-08 10:11:31,531901,1496121.0
1053,2021-11-08 10:11:35,531901,1520991.0
1054,2021-11-08 10:11:48,531901,1500879.0
1055,2021-11-09 12:11:46,531905,1522640.0
1056,2021-11-09 12:11:12,531906,1506731.0
1057,2021-11-09 01:11:47,531909,1507290.0
1058,2021-11-09 01:11:48,531909,1501780.0
1059,2021-11-09 01:11:53,531909,1486070.0
1060,2021-11-09 02:11:01,531909,1537264.0
1061,2021-11-09 02:11:11,531909,1482432.0
1062,2021-11-09 02:11:13,531909,1526400.0
1063,2021-11-09 02:11:46,531909,1509739.0
1064,2021-11-09 04:11:57,531909,1520780.0
1065,2021-11-09 03:11:37,531910,1507990.0
1066,2021-11-09 07:11:43,531913,1528972.0
1067,2021-11-09 07:11:59,531913,1500440.0
1068,2021-11-09 09:11:24,531913,1511319.0
1069,2021-11-09 11:11:24,531913,1523240.0
1070,2021-11-09 11:11:10,531914,1509929.0
1071,2021-11-09 01:11:32,531915,1494929.0
1072,2021-11-09 02:11:54,531915,1503520.0
1073,2021-11-09 02:11:24,531916,1512688.0
1074,2021-11-09 03:11:16,531917,1512441.0
1075,2021-11-09 03:11:28,531917,1539352.0
1076,2021-11-09 04:11:49,531917,1489750.0
1077,2021-11-09 05:11:49,531917,1511140.0
1078,2021-11-09 05:11:32,531919,1509100.0
1079,2021-11-09 05:11:40,531919,1494090.0
1080,2021-11-09 05:11:13,531920,1514710.0
1081,2021-11-09 07:11:05,531921,1509352.0
1082,2021-11-09 06:11:06,531922,1488271.0
1083,2021-11-09 07:11:17,531923,1508499.0
1084,2021-11-09 10:11:02,531926,1509670.0
1085,2021-11-10 12:11:49,531927,1508160.0
1086,2021-11-10 01:11:59,531929,1495980.0
1087,2021-11-10 02:11:00,531930,1511720.0
1088,2021-11-10 05:11:53,531933,1504629.0
1089,2021-11-10 08:11:28,531934,1508740.0
1090,2021-11-10 08:11:51,531935,1491201.0
1091,2021-11-10 11:11:32,531937,1512801.0
1092,2021-11-10 11:11:55,531937,1508512.0
1093,2021-11-10 12:11:41,531937,1523010.0
1094,2021-11-10 01:11:50,531940,1525362.0
1095,2021-11-10 02:11:22,531940,1508052.0
1096,2021-11-10 02:11:41,531941,1518340.0
1097,2021-11-10 02:11:53,531941,1510051.0
1098,2021-11-10 03:11:38,531941,1508450.0
1099,2021-11-10 03:11:15,531942,1540189.0
1100,2021-11-10 03:11:54,531942,1528509.0
1101,2021-11-10 04:11:13,531942,1509190.0
1102,2021-11-10 04:11:30,531942,1525730.0
1103,2021-11-10 05:11:09,531942,1518271.0
1104,2021-11-10 05:11:42,531942,1511040.0
1105,2021-11-10 07:11:26,531942,1527149.0
1106,2021-11-10 07:11:30,531942,1530389.0
1107,2021-11-10 07:11:36,531942,1544179.0
1108,2021-11-10 05:11:12,531943,1524659.0
1109,2021-11-10 06:11:56,531943,1511958.0
1110,2021-11-10 07:11:23,531943,1513190.0
1111,2021-11-10 08:11:31,531944,1513931.0
1112,2021-11-10 09:11:08,531944,1520049.0
1113,2021-11-10 10:11:37,531946,1535881.0
1114,2021-11-10 11:11:43,531946,1507651.0
1115,2021-11-10 11:11:17,531947,1515260.0
1116,2021-11-11 02:11:10,531950,1505240.0
1117,2021-11-11 02:11:12,531950,1488041.0
1118,2021-11-11 04:11:18,531951,1519460.0
1119,2021-11-11 04:11:42,531951,1528850.0
1120,2021-11-11 06:11:16,531953,1513369.0
1121,2021-11-11 06:11:42,531953,1510070.0
1122,2021-11-11 11:11:04,531957,1503270.0
1123,2021-11-11 12:11:56,531957,1535530.0
1124,2021-11-11 01:11:09,531959,1512761.0
1125,2021-11-11 01:11:21,531961,1541850.0
1126,2021-11-11 01:11:22,531961,1510029.0
1127,2021-11-11 01:11:35,531961,1523860.0
1128,2021-11-11 02:11:06,531961,1515490.0
1129,2021-11-11 02:11:25,531963,1514120.0
1130,2021-11-11 03:11:40,531964,1524601.0
1131,2021-11-11 04:11:26,531965,1515771.0
1132,2021-11-11 06:11:19,531968,1512842.0
1133,2021-11-11 06:11:54,531968,1551299.0
1134,2021-11-11 06:11:19,531969,1527680.0
1135,2021-11-11 07:11:25,531969,1511330.0
1136,2021-11-11 08:11:31,531969,1508360.0
1137,2021-11-11 11:11:59,531969,1500121.0
1138,2021-11-12 01:11:43,531972,1528481.0
1139,2021-11-12 02:11:35,531972,1525781.0
1140,2021-11-12 02:11:43,531972,1512201.0
1141,2021-11-12 02:11:57,531972,1525911.0
1142,2021-11-12 02:11:49,531973,1523083.0
1143,2021-11-12 03:11:02,531973,1544199.0
1144,2021-11-12 04:11:17,531973,1527480.0
1145,2021-11-12 04:11:33,531973,1542030.0
1146,2021-11-12 04:11:48,531975,1516270.0
1147,2021-11-12 06:11:23,531975,1547030.0
1148,2021-11-12 07:11:59,531975,1537300.0
1149,2021-11-12 08:11:12,531975,1535410.0
1150,2021-11-12 08:11:15,531977,1516011.0
1151,2021-11-12 09:11:27,531977,1541510.0
1152,2021-11-12 10:11:29,531977,1535180.0
1153,2021-11-12 10:11:37,531977,1535480.0
1154,2021-11-12 01:11:34,531979,1518430.0
1155,2021-11-12 12:11:19,531979,1540419.0
1156,2021-11-12 12:11:38,531979,1526111.0
1157,2021-11-12 12:11:48,531979,1530702.0
1158,2021-11-12 01:11:29,531980,1535039.0
1159,2021-11-12 01:11:45,531980,1527941.0
1160,2021-11-12 02:11:18,531980,1526860.0
1161,2021-11-12 02:11:31,531980,1535190.0
1162,2021-11-12 03:11:16,531980,1530510.0
1163,2021-11-12 03:11:26,531980,1549720.0
1164,2021-11-12 03:11:15,531984,1524400.0
1165,2021-11-12 04:11:08,531984,1540241.0
1166,2021-11-12 06:11:14,531985,1520748.0
1167,2021-11-12 06:11:37,531985,1524860.0
1168,2021-11-12 07:11:18,531985,1537160.0
1169,2021-11-12 07:11:43,531985,1542362.0
1170,2021-11-12 09:11:09,531985,1525320.0
1171,2021-11-12 07:11:54,531986,1527082.0
1172,2021-11-12 10:11:14,531986,1506890.0
1173,2021-11-12 10:11:02,531987,1503809.0
1174,2021-11-12 10:11:57,531987,1504240.0
1175,2021-11-12 11:11:33,531989,1496410.0
1176,2021-11-13 01:11:38,531989,1508669.0
1177,2021-11-14 04:11:58,531990,1508140.0
1178,2021-11-14 06:11:51,531990,1518979.0
1179,2021-11-15 03:11:25,531990,1536510.0
1180,2021-11-15 04:11:31,531990,1512520.0
1181,2021-11-15 06:11:01,531990,1501991.0
1182,2021-11-15 06:11:09,531990,1517360.0
1183,2021-11-15 06:11:31,531990,1520081.0
1184,2021-11-15 06:11:49,531990,1532751.0
1185,2021-11-15 07:11:15,531990,1530360.0
1186,2021-11-15 07:11:30,531990,1507220.0
1187,2021-11-15 07:11:50,531991,1513910.0
1188,2021-11-15 11:11:23,531993,1504691.0
1189,2021-11-15 01:11:28,531994,1523430.0
1190,2021-11-15 02:11:27,531994,1506340.0
1191,2021-11-15 03:11:07,531996,1506579.0
1192,2021-11-15 03:11:50,531996,1506089.0
1193,2021-11-15 04:11:30,531996,1503549.0
1194,2021-11-15 03:11:43,531997,1505569.0
1195,2021-11-15 04:11:55,531999,1506692.0
1196,2021-11-15 05:11:29,532001,1544061.0
1197,2021-11-15 06:11:11,532001,1491599.0
1198,2021-11-15 06:11:50,532001,1513560.0
1199,2021-11-15 07:11:20,532001,1521630.0
1200,2021-11-15 08:11:49,532001,1513040.0
1201,2021-11-15 09:11:17,532001,1524260.0
1202,2021-11-15 09:11:44,532001,1523780.0
1203,2021-11-15 10:11:06,532001,1529920.0
1204,2021-11-15 10:11:57,532002,1510211.0
1205,2021-11-16 07:11:11,532005,1530380.0
1206,2021-11-16 07:11:15,532005,1516360.0
1207,2021-11-16 09:11:02,532005,1518479.0
1208,2021-11-16 09:11:23,532007,1538219.0
1209,2021-11-16 10:11:05,532007,1528389.0
1210,2021-11-16 01:11:25,532008,1515501.0
1211,2021-11-16 02:11:01,532008,1525671.0
1212,2021-11-16 03:11:27,532008,1521101.0
1213,2021-11-16 12:11:35,532008,1515160.0
1214,2021-11-16 02:11:04,532009,1524861.0
1215,2021-11-16 03:11:21,532010,1513320.0
1216,2021-11-16 04:11:07,532011,1509141.0
1217,2021-11-16 04:11:41,532011,1518680.0
1218,2021-11-16 04:11:54,532011,1523639.0
1219,2021-11-16 06:11:30,532011,1523611.0
1220,2021-11-16 07:11:45,532011,1515581.0
1221,2021-11-16 07:11:58,532011,1526880.0
1222,2021-11-16 05:11:21,532012,1525839.0
1223,2021-11-16 05:11:48,532012,1537930.0
1224,2021-11-16 08:11:18,532012,1543901.0
1225,2021-11-16 06:11:54,532014,1524710.0
1226,2021-11-16 07:11:38,532014,1521129.0
1227,2021-11-16 08:11:40,532014,1501750.0
1228,2021-11-16 09:11:23,532014,1530991.0
1229,2021-11-16 10:11:17,532014,1510680.0
1230,2021-11-16 10:11:46,532014,1520539.0
1231,2021-11-16 11:11:12,532014,1539930.0
1232,2021-11-16 11:11:33,532014,1516340.0
1233,2021-11-16 11:11:48,532014,1520749.0
1234,2021-11-17 04:11:14,532017,1529890.0
1235,2021-11-17 05:11:13,532017,1530000.0
1236,2021-11-17 05:11:20,532017,1500780.0
1237,2021-11-17 06:11:21,532017,1514969.0
1238,2021-11-17 06:11:27,532017,1513910.0
1239,2021-11-17 07:11:54,532017,1512470.0
1240,2021-11-17 10:11:59,532018,1525080.0
1241,2021-11-17 03:11:47,532019,1533231.0
1242,2021-11-17 07:11:05,532019,1534790.0
1243,2021-11-18 04:11:48,532020,1517171.0
1244,2021-11-17 07:11:42,532021,1534429.0
1245,2021-11-18 04:11:15,532022,1518430.0
1246,2021-11-18 04:11:24,532022,1515180.0
1247,2021-11-18 04:11:34,532022,1526790.0
1248,2021-11-19 08:11:42,532022,1534950.0
1249,2021-11-19 09:11:52,532022,1518670.0
1250,2021-11-18 04:11:05,532026,1530950.0
1251,2021-11-18 04:11:07,532026,1540069.0
1252,2021-11-18 11:11:42,532026,1523231.0
1253,2021-11-19 01:11:24,532026,1548540.0
1254,2021-11-19 01:11:55,532026,1534621.0
1255,2021-11-19 08:11:31,532026,1510710.0
1256,2021-11-19 08:11:55,532026,1519150.0
1257,2021-11-19 09:11:00,532026,1539498.0
1258,2021-11-19 09:11:19,532026,1532518.0
1259,2021-11-19 09:11:21,532026,1529799.0
1260,2021-11-19 10:11:53,532026,1522580.0
1261,2021-11-19 12:11:06,532026,1544043.0
1262,2021-11-19 12:11:08,532026,1501750.0
1263,2021-11-19 12:11:15,532026,1544731.0
1264,2021-11-19 12:11:23,532026,1522120.0
1265,2021-11-19 12:11:30,532026,1520708.0
1266,2021-11-19 12:11:43,532026,1545479.0
1267,2021-11-18 06:11:21,532029,1539020.0
1268,2021-11-19 05:11:06,532029,1537121.0
1269,2021-11-19 09:11:28,532031,1544850.0
1270,2021-11-19 11:11:38,532031,1510660.0
1271,2021-11-19 01:11:30,532032,1511761.0
1272,2021-11-19 03:11:05,532032,1513000.0
1273,2021-11-19 07:11:09,532032,1519640.0
1274,2021-11-19 07:11:31,532032,1535830.0
1275,2021-11-19 11:11:29,532032,1530281.0
1276,2021-11-19 11:11:40,532032,1533319.0
1277,2021-11-19 05:11:00,532033,1523730.0
1278,2021-11-19 12:11:00,532033,1518760.0
1279,2021-11-19 05:11:40,532034,1530588.0
1280,2021-11-19 05:11:59,532034,1521361.0
1281,2021-11-19 06:11:20,532036,1532560.0
1282,2021-11-19 08:11:28,532036,1520720.0
1283,2021-11-19 08:11:59,532036,1533300.0
1284,2021-11-19 08:11:49,532037,1535019.0
1285,2021-11-19 08:11:52,532037,1526110.0
1286,2021-11-19 08:11:54,532037,1516411.0
1287,2021-11-19 10:11:10,532037,1509391.0
1288,2021-11-19 11:11:20,532037,1527409.0
1289,2021-11-20 02:11:09,532037,1525720.0
1290,2021-11-19 01:11:24,532038,1530129.0
1291,2021-11-19 11:11:25,532038,1524749.0
1292,2021-11-20 02:11:25,532038,1520740.0
1293,2021-11-20 04:11:15,532038,1509822.0
1294,2021-11-20 04:11:45,532038,1519840.0
1295,2021-11-20 05:11:09,532040,1542521.0
1296,2021-11-20 05:11:18,532041,1523340.0
1297,2021-11-20 05:11:53,532043,1522401.0
1298,2021-11-20 02:11:04,532045,1530150.0
1299,2021-11-20 06:11:19,532045,1515581.0
1300,2021-11-20 06:11:32,532045,1520009.0
1301,2021-11-20 06:11:47,532045,1520641.0
1302,2021-11-20 07:11:11,532045,1513330.0
1303,2021-11-20 07:11:21,532045,1532510.0
1304,2021-11-20 07:11:41,532045,1538559.0
1305,2021-11-20 07:11:42,532045,1527148.0
1306,2021-11-20 08:11:27,532045,1540821.0
1307,2021-11-20 08:11:28,532045,1519030.0
1308,2021-11-20 08:11:31,532045,1515980.0
1309,2021-11-20 09:11:02,532045,1544271.0
1310,2021-11-20 08:11:11,532046,1525551.0
1311,2021-11-20 11:11:55,532047,1545219.0
1312,2021-11-21 12:11:09,532047,1514209.0
1313,2021-11-21 03:11:47,532048,1505943.0
1314,2021-11-22 03:11:27,532048,1528262.0
1315,2021-11-22 03:11:54,532048,1518001.0
1316,2021-11-22 05:11:14,532048,1534660.0
1317,2021-11-22 06:11:30,532048,1543031.0
1318,2021-11-22 07:11:55,532048,1528441.0
1319,2021-11-22 08:11:03,532049,1507110.0
1320,2021-11-22 08:11:56,532050,1524709.0
1321,2021-11-22 12:11:20,532051,1499921.0
1322,2021-11-22 12:11:28,532051,1515700.0
1323,2021-11-22 04:11:22,532052,1529790.0
1324,2021-11-22 04:11:25,532052,1533190.0
1325,2021-11-22 07:11:22,532052,1545690.0
1326,2021-11-22 03:11:32,532053,1527910.0
1327,2021-11-22 05:11:03,532053,1527931.0
1328,2021-11-22 07:11:08,532053,1527571.0
1329,2021-11-22 08:11:05,532053,1510630.0
1330,2021-11-22 08:11:13,532053,1536560.0
1331,2021-11-22 03:11:20,532055,1533681.0
1332,2021-11-22 07:11:28,532056,1539999.0
1333,2021-11-22 08:11:07,532057,1536041.0
1334,2021-11-22 08:11:56,532057,1535118.0
1335,2021-11-22 08:11:37,532060,1555570.0
1336,2021-11-23 12:11:51,532060,1519380.0
1337,2021-11-22 10:11:40,532061,1516391.0
1338,2021-11-22 11:11:48,532061,1525000.0
1339,2021-11-23 12:11:37,532061,1494970.0
1340,2021-11-22 11:11:12,532062,1539371.0
1341,2021-11-22 11:11:42,532062,1528081.0
1342,2021-11-23 01:11:35,532062,1528930.0
1343,2021-11-23 01:11:53,532062,1519351.0
1344,2021-11-23 12:11:01,532062,1520780.0
1345,2021-11-23 12:11:21,532062,1520600.0
1346,2021-11-22 10:11:01,532063,1545250.0
1347,2021-11-23 01:11:36,532063,1517071.0
1348,2021-11-23 04:11:28,532063,1529711.0
1349,2021-11-23 01:11:20,532064,1521399.0
1350,2021-11-23 02:11:30,532065,1518710.0
1351,2021-11-23 05:11:15,532065,1541059.0
1352,2021-11-23 06:11:09,532065,1518940.0
1353,2021-11-23 06:11:36,532065,1520210.0
1354,2021-11-23 05:11:09,532066,1515331.0
1355,2021-11-23 05:11:29,532066,1498701.0
1356,2021-11-23 06:11:51,532066,1517300.0
1357,2021-11-23 02:11:35,532068,1504520.0
1358,2021-11-23 07:11:33,532068,1527942.0
1359,2021-11-23 10:11:49,532068,1518409.0
1360,2021-11-23 12:11:03,532068,1506239.0
1361,2021-11-23 01:11:18,532069,1519160.0
1362,2021-11-23 02:11:29,532069,1533570.0
1363,2021-11-23 01:11:19,532070,1503969.0
1364,2021-11-23 03:11:10,532070,1511999.0
1365,2021-11-23 04:11:03,532073,1515511.0
1366,2021-11-23 04:11:20,532073,1523521.0
1367,2021-11-23 04:11:53,532073,1505871.0
1368,2021-11-23 06:11:48,532073,1508740.0
1369,2021-11-23 05:11:30,532074,1516638.0
1370,2021-11-23 05:11:38,532074,1519870.0
1371,2021-11-23 06:11:23,532074,1497669.0
1372,2021-11-23 05:11:12,532075,1518640.0
1373,2021-11-23 06:11:08,532078,1517481.0
1374,2021-11-23 06:11:15,532078,1550310.0
1375,2021-11-23 10:11:26,532078,1538941.0
1376,2021-11-23 08:11:38,532079,1539121.0
1377,2021-11-23 10:11:43,532080,1517830.0
1378,2021-11-24 04:11:42,532088,1524539.0
1379,2021-11-24 06:11:14,532089,1524430.0
1380,2021-11-24 06:11:28,532089,1516241.0
1381,2021-11-24 06:11:35,532089,1509011.0
1382,2021-11-24 07:11:02,532089,1532140.0
1383,2021-11-24 07:11:40,532089,1525240.0
1384,2021-11-24 08:11:40,532091,1512510.0
1385,2021-11-24 10:11:22,532091,1509710.0
1386,2021-11-24 01:11:18,532092,1525330.0
1387,2021-11-24 01:11:28,532092,1513221.0
1388,2021-11-24 11:11:55,532092,1512949.0
1389,2021-11-24 12:11:03,532092,1542280.0
1390,2021-11-24 11:11:21,532093,1526469.0
1391,2021-11-24 12:11:19,532093,1513180.0
1392,2021-11-24 01:11:05,532094,1523410.0
1393,2021-11-24 02:11:37,532094,1532550.0
1394,2021-11-24 02:11:28,532095,1501128.0
1395,2021-11-24 02:11:59,532095,1507201.0
1396,2021-11-24 03:11:21,532095,1509410.0
1397,2021-11-24 06:11:10,532097,1514382.0
1398,2021-11-24 07:11:17,532098,1514079.0
1399,2021-11-24 06:11:21,532100,1538191.0
1400,2021-11-24 09:11:19,532101,1503461.0
1401,2021-11-24 09:11:26,532102,1523310.0
1402,2021-11-24 09:11:47,532103,1518510.0
1403,2021-11-24 11:11:33,532105,1510268.0
1404,2021-11-25 01:11:57,532106,1513720.0
1405,2021-11-25 12:11:00,532106,1527501.0
1406,2021-11-25 12:11:36,532106,1508129.0
1407,2021-11-25 02:11:06,532109,1512030.0
1408,2021-11-25 04:11:10,532109,1525749.0
1409,2021-11-25 04:11:46,532109,1516279.0
1410,2021-11-25 06:11:54,532109,1520551.0
1411,2021-11-25 07:11:56,532109,1490499.0
1412,2021-11-25 08:11:21,532109,1524731.0
1413,2021-11-25 09:11:32,532110,1513929.0
1414,2021-11-25 12:11:26,532112,1511061.0
1415,2021-11-25 02:11:09,532113,1524790.0
1416,2021-11-25 02:11:42,532113,1500050.0
1417,2021-11-25 02:11:52,532113,1516540.0
1418,2021-11-25 04:11:52,532113,1527171.0
1419,2021-11-25 06:11:01,532113,1507080.0
1420,2021-11-25 06:11:04,532113,1512640.0
1421,2021-11-25 03:11:01,532114,1504640.0
1422,2021-11-25 03:11:01,532114,1520241.0
1423,2021-11-25 03:11:25,532114,1514339.0
1424,2021-11-25 04:11:32,532114,1513940.0
1425,2021-11-25 04:11:20,532115,1515261.0
1426,2021-11-25 06:11:00,532116,1505820.0
1427,2021-11-25 11:11:12,532119,1519442.0
1428,2021-11-25 11:11:20,532119,1492890.0
1429,2021-11-26 01:11:13,532119,1512421.0
1430,2021-11-26 04:11:19,532119,1508209.0
1431,2021-11-26 03:11:16,532120,1505100.0
1432,2021-11-26 06:11:16,532122,1507162.0
1433,2021-11-26 06:11:40,532124,1483579.0
1434,2021-11-26 08:11:18,532124,1497401.0
1435,2021-11-26 08:11:32,532124,1477669.0
1436,2021-11-26 09:11:42,532124,1504351.0
1437,2021-11-26 10:11:50,532124,1529859.0
1438,2021-11-26 12:11:29,532124,1530159.0
1439,2021-11-26 09:11:42,532125,1494100.0
1440,2021-11-26 12:11:33,532125,1489160.0
1441,2021-11-26 01:11:29,532127,1493358.0
1442,2021-11-26 02:11:05,532127,1525341.0
1443,2021-11-26 02:11:06,532127,1492400.0
1444,2021-11-26 02:11:10,532127,1507931.0
1445,2021-11-26 02:11:36,532127,1475808.0
1446,2021-11-26 03:11:47,532127,1491589.0
1447,2021-11-26 04:11:26,532129,1490560.0
1448,2021-11-26 04:11:27,532129,1491880.0
1449,2021-11-26 05:11:16,532130,1492480.0
1450,2021-11-26 05:11:54,532130,1499760.0
1451,2021-11-26 06:11:24,532131,1502721.0
1452,2021-11-26 06:11:54,532131,1497809.0
1453,2021-11-26 11:11:24,532135,1490600.0
1454,2021-11-26 11:11:56,532135,1501050.0
1455,2021-11-27 04:11:37,532139,1508170.0
1456,2021-11-27 05:11:07,532139,1506809.0
1457,2021-11-27 06:11:57,532139,1518839.0
1458,2021-11-28 07:11:23,532139,1501749.0
1459,2021-11-28 04:11:53,532140,1508059.0
1460,2021-11-29 05:11:34,532140,1505231.0
1461,2021-11-29 07:11:52,532141,1494650.0
1462,2021-11-29 01:11:00,532142,1485770.0
1463,2021-11-29 01:11:31,532142,1490072.0
1464,2021-11-29 03:11:40,532142,1522301.0
1465,2021-11-29 04:11:03,532142,1488610.0
1466,2021-11-29 04:11:05,532142,1505530.0
1467,2021-11-29 04:11:46,532142,1502069.0
1468,2021-11-29 05:11:02,532142,1505920.0
1469,2021-11-29 05:11:19,532142,1493059.0
1470,2021-11-29 05:11:36,532142,1487480.0
1471,2021-11-29 08:11:55,532142,1506889.0
1472,2021-11-30 01:11:49,532142,1492780.0
1473,2021-11-29 05:11:59,532143,1487411.0
1474,2021-11-29 06:11:59,532143,1498930.0
1475,2021-11-29 10:11:01,532147,1518832.0
1476,2021-11-29 11:11:36,532149,1517740.0
1477,2021-11-30 01:11:31,532149,1492609.0
1478,2021-11-30 01:11:33,532149,1519580.0
1479,2021-11-30 03:11:11,532149,1529140.0
1480,2021-11-30 04:11:06,532149,1502300.0
1481,2021-11-30 05:11:38,532149,1506990.0
1482,2021-11-30 06:11:38,532150,1520079.0
1483,2021-11-30 08:11:09,532151,1495001.0
1484,2021-11-30 10:11:27,532152,1490139.0
1485,2021-11-30 11:11:31,532152,1502990.0
1486,2021-11-30 12:11:10,532152,1491251.0
1487,2021-11-30 01:11:35,532155,1502149.0
1488,2021-11-30 01:11:47,532155,1500760.0
1489,2021-11-30 03:11:40,532155,1505601.0
1490,2021-11-30 03:11:36,532156,1510801.0
1491,2021-11-30 07:11:47,532158,1499610.0
1492,2021-11-30 09:11:26,532158,1517590.0
1493,2021-11-30 07:11:43,532159,1513391.0
1494,2021-11-30 09:11:42,532159,1487830.0
1495,2021-11-30 10:11:28,532160,1501751.0
1496,2021-12-01 12:12:17,532160,1502599.0
1497,2021-11-30 10:11:28,532161,1494459.0
1498,2021-11-30 11:11:20,532164,1494029.0
1499,2021-12-01 12:12:37,532164,1500569.0
1500,2021-12-01 05:12:01,532165,1507121.0
1501,2021-12-01 12:12:07,532165,1500520.0
1502,2021-12-01 02:12:37,532168,1519511.0
1503,2021-12-01 02:12:50,532168,1525669.0
1504,2021-12-01 02:12:51,532168,1493829.0
1505,2021-12-01 03:12:18,532168,1532499.0
1506,2021-12-01 06:12:18,532174,1504981.0
1507,2021-12-01 07:12:03,532174,1490391.0
1508,2021-12-01 07:12:07,532174,1486890.0
1509,2021-12-01 08:12:27,532175,1497901.0
1510,2021-12-01 02:12:38,532176,1505549.0
1511,2021-12-01 09:12:09,532176,1507059.0
1512,2021-12-01 11:12:31,532176,1513690.0
1513,2021-12-01 11:12:49,532176,1504350.0
1514,2021-12-01 12:12:37,532176,1498640.0
1515,2021-12-01 05:12:58,532179,1505200.0
1516,2021-12-01 09:12:48,532179,1507001.0
1517,2021-12-01 10:12:16,532182,1495351.0
1518,2021-12-01 10:12:58,532182,1497660.0
1519,2021-12-02 12:12:24,532184,1522189.0
1520,2021-12-02 01:12:12,532188,1483060.0
1521,2021-12-02 01:12:32,532188,1528302.0
1522,2021-12-02 07:12:05,532191,1507120.0
1523,2021-12-02 07:12:16,532191,1508261.0
1524,2021-12-02 09:12:12,532191,1496429.0
1525,2021-12-02 01:12:58,532193,1487070.0
1526,2021-12-02 03:12:55,532193,1501128.0
1527,2021-12-02 03:12:58,532194,1512030.0
1528,2021-12-02 07:12:47,532196,1498342.0
1529,2021-12-02 08:12:15,532198,1504770.0
1530,2021-12-02 10:12:08,532198,1493631.0
1531,2021-12-02 11:12:55,532198,1524481.0
1532,2021-12-03 12:12:19,532199,1503709.0
1533,2021-12-03 02:12:21,532201,1520951.0
1534,2021-12-03 07:12:09,532202,1504469.0
1535,2021-12-03 09:12:25,532202,1511109.0
1536,2021-12-03 10:12:03,532202,1507550.0
1537,2021-12-03 10:12:21,532202,1505731.0
1538,2021-12-03 10:12:44,532202,1504260.0
1539,2021-12-03 10:12:59,532202,1499931.0
1540,2021-12-03 11:12:24,532202,1515341.0
1541,2021-12-03 01:12:11,532204,1523261.0
1542,2021-12-03 04:12:04,532205,1511889.0
1543,2021-12-03 05:12:20,532205,1491099.0
1544,2021-12-03 08:12:46,532206,1492990.0
1545,2021-12-03 11:12:19,532208,1484150.0
1546,2021-12-04 12:12:05,532209,1492209.0
1547,2021-12-04 12:12:02,532211,1503250.0
1548,2021-12-04 12:12:16,532211,1515101.0
1549,2021-12-04 02:12:23,532213,1487369.0
1550,2021-12-04 06:12:12,532213,1515371.0
1551,2021-12-04 09:12:27,532213,1497689.0
1552,2021-12-04 11:12:23,532214,1509220.0
1553,2021-12-05 05:12:02,532215,1512110.0
1554,2021-12-05 08:12:48,532215,1511271.0
1555,2021-12-05 09:12:40,532215,1501110.0
1556,2021-12-06 05:12:31,532219,1502679.0
1557,2021-12-06 05:12:52,532219,1493832.0
1558,2021-12-06 06:12:13,532219,1503100.0
1559,2021-12-06 06:12:38,532219,1496578.0
1560,2021-12-06 06:12:44,532219,1501009.0
1561,2021-12-06 07:12:54,532222,1501410.0
1562,2021-12-06 07:12:35,532223,1497731.0
1563,2021-12-06 08:12:41,532223,1485888.0
1564,2021-12-06 09:12:34,532223,1510838.0
1565,2021-12-06 10:12:00,532223,1515781.0
1566,2021-12-06 10:12:33,532223,1494059.0
1567,2021-12-06 08:12:25,532224,1493060.0
1568,2021-12-06 08:12:42,532224,1519119.0
1569,2021-12-06 11:12:58,532226,1510911.0
1570,2021-12-07 12:12:32,532227,1506431.0
1571,2021-12-07 05:12:19,532232,1516350.0
1572,2021-12-07 06:12:43,532234,1514719.0
1573,2021-12-07 12:12:25,532235,1492661.0
1574,2021-12-07 01:12:30,532236,1519110.0
1575,2021-12-07 02:12:54,532236,1525888.0
1576,2021-12-07 03:12:03,532237,1518850.0
1577,2021-12-07 03:12:31,532237,1517600.0
1578,2021-12-07 04:12:41,532240,1519469.0
1579,2021-12-07 06:12:25,532243,1513271.0
1580,2021-12-07 09:12:35,532243,1502141.0
1581,2021-12-07 09:12:05,532246,1513800.0
1582,2021-12-07 10:12:08,532246,1514070.0
1583,2021-12-07 11:12:38,532247,1520690.0
1584,2021-12-08 06:12:41,532247,1503330.0
1585,2021-12-08 08:12:21,532247,1517452.0
1586,2021-12-08 08:12:28,532247,1523301.0
1587,2021-12-08 08:12:36,532247,1516590.0
1588,2021-12-08 09:12:06,532247,1500920.0
1589,2021-12-08 09:12:51,532247,1522770.0
1590,2021-12-08 09:12:57,532247,1511390.0
1591,2021-12-08 10:12:17,532247,1498611.0
1592,2021-12-08 10:12:20,532247,1501129.0
1593,2021-12-08 10:12:46,532247,1510619.0
1594,2021-12-08 12:12:07,532248,1528820.0
1595,2021-12-08 03:12:05,532249,1510150.0
1596,2021-12-08 03:12:19,532251,1480761.0
1597,2021-12-08 04:12:38,532251,1534969.0
1598,2021-12-08 04:12:46,532251,1503799.0
1599,2021-12-08 04:12:47,532251,1522060.0
1600,2021-12-08 06:12:00,532253,1505752.0
1601,2021-12-08 06:12:20,532254,1526971.0
1602,2021-12-08 06:12:35,532254,1492601.0
1603,2021-12-08 10:12:02,532256,1514031.0
1604,2021-12-08 10:12:42,532256,1512990.0
1605,2021-12-09 03:12:04,532258,1488492.0
1606,2021-12-09 07:12:05,532261,1513669.0
1607,2021-12-09 07:12:24,532261,1505960.0
1608,2021-12-09 07:12:46,532261,1517110.0
1609,2021-12-09 08:12:01,532261,1518350.0
1610,2021-12-09 08:12:17,532261,1516931.0
1611,2021-12-09 10:12:55,532261,1507442.0
1612,2021-12-09 01:12:13,532262,1518731.0
1613,2021-12-09 01:12:42,532262,1509469.0
1614,2021-12-09 01:12:50,532262,1507010.0
1615,2021-12-09 01:12:52,532262,1514029.0
1616,2021-12-09 02:12:15,532262,1502269.0
1617,2021-12-09 11:12:19,532262,1526000.0
1618,2021-12-09 12:12:41,532262,1506923.0
1619,2021-12-09 02:12:47,532263,1489081.0
1620,2021-12-09 04:12:53,532267,1494240.0
1621,2021-12-09 06:12:25,532269,1514770.0
1622,2021-12-09 06:12:29,532269,1514890.0
1623,2021-12-09 11:12:06,532272,1511221.0
1624,2021-12-10 12:12:15,532272,1515740.0
1625,2021-12-10 05:12:47,532275,1488050.0
1626,2021-12-10 06:12:46,532275,1500930.0
1627,2021-12-10 09:12:15,532277,1518042.0
1628,2021-12-10 09:12:54,532277,1510480.0
1629,2021-12-10 11:12:15,532277,1516439.0
1630,2021-12-10 01:12:07,532278,1525149.0
1631,2021-12-10 01:12:12,532278,1500020.0
1632,2021-12-10 02:12:23,532278,1513357.0
1633,2021-12-10 03:12:05,532278,1491920.0
1634,2021-12-10 03:12:56,532278,1518241.0
1635,2021-12-10 12:12:54,532278,1513169.0
1636,2021-12-10 01:12:57,532279,1500029.0
1637,2021-12-10 04:12:27,532280,1489131.0
1638,2021-12-10 07:12:09,532282,1499099.0
1639,2021-12-10 08:12:26,532283,1492641.0
1640,2021-12-10 10:12:31,532285,1501760.0
1641,2021-12-10 11:12:15,532285,1524989.0
1642,2021-12-11 02:12:51,532286,1503730.0
1643,2021-12-11 11:12:11,532287,1519599.0
1644,2021-12-12 04:12:21,532288,1509289.0
1645,2021-12-13 07:12:47,532289,1517299.0
1646,2021-12-13 09:12:48,532289,1509549.0
1647,2021-12-13 12:12:11,532290,1514331.0
1648,2021-12-13 12:12:03,532291,1495378.0
1649,2021-12-13 12:12:40,532291,1530789.0
1650,2021-12-13 02:12:04,532292,1492149.0
1651,2021-12-13 03:12:53,532293,1518810.0
1652,2021-12-13 07:12:06,532293,1503270.0
1653,2021-12-13 08:12:21,532294,1507190.0
1654,2021-12-13 09:12:47,532294,1524550.0
1655,2021-12-14 02:12:48,532298,1501391.0
1656,2021-12-14 06:12:00,532298,1490310.0
1657,2021-12-14 07:12:27,532298,1511539.0
1658,2021-12-14 10:12:27,532301,1494790.0
1659,2021-12-14 10:12:48,532301,1499652.0
1660,2021-12-14 11:12:14,532301,1519811.0
1661,2021-12-14 11:12:48,532301,1492432.0
1662,2021-12-14 12:12:17,532301,1500412.0
1663,2021-12-14 01:12:03,532303,1505749.0
1664,2021-12-14 02:12:01,532303,1514497.0
1665,2021-12-14 02:12:31,532303,1510491.0
1666,2021-12-14 02:12:52,532303,1495059.0
1667,2021-12-14 03:12:50,532303,1508757.0
1668,2021-12-14 03:12:33,532305,1514571.0
1669,2021-12-14 03:12:57,532305,1507682.0
1670,2021-12-14 04:12:16,532307,1493851.0
1671,2021-12-14 05:12:47,532307,1514069.0
1672,2021-12-14 05:12:22,532308,1522370.0
1673,2021-12-14 05:12:40,532309,1534200.0
1674,2021-12-14 05:12:56,532309,1516600.0
1675,2021-12-14 06:12:26,532313,1505390.0
1676,2021-12-14 07:12:59,532313,1495889.0
1677,2021-12-14 09:12:17,532314,1524530.0
1678,2021-12-14 09:12:30,532314,1498650.0
1679,2021-12-14 10:12:15,532314,1524761.0
1680,2021-12-14 10:12:57,532314,1514991.0
1681,2021-12-14 11:12:21,532314,1502120.0
1682,2021-12-15 03:12:01,532315,1523369.0
1683,2021-12-15 05:12:07,532317,1505251.0
1684,2021-12-15 05:12:26,532317,1522740.0
1685,2021-12-15 01:12:53,532318,1512819.0
1686,2021-12-15 06:12:24,532318,1507910.0
1687,2021-12-15 07:12:25,532318,1520431.0
1688,2021-12-15 07:12:52,532318,1506100.0
1689,2021-12-15 09:12:52,532318,1514939.0
1690,2021-12-15 12:12:00,532318,1501520.0
1691,2021-12-15 12:12:02,532318,1517670.0
1692,2021-12-15 12:12:15,532318,1520011.0
1693,2021-12-15 12:12:39,532318,1506030.0
1694,2021-12-15 01:12:12,532319,1511870.0
1695,2021-12-15 02:12:55,532319,1502650.0
1696,2021-12-15 02:12:59,532320,1513551.0
1697,2021-12-15 04:12:04,532324,1491831.0
1698,2021-12-15 04:12:11,532324,1519289.0
1699,2021-12-15 04:12:19,532324,1527790.0
1700,2021-12-15 04:12:30,532324,1512670.0
1701,2021-12-15 04:12:40,532324,1510751.0
1702,2021-12-15 05:12:41,532325,1504970.0
1703,2021-12-15 07:12:54,532325,1501169.0
1704,2021-12-15 09:12:20,532326,1528732.0
1705,2021-12-15 10:12:33,532326,1522689.0
1706,2021-12-15 10:12:57,532326,1516709.0
1707,2021-12-15 11:12:13,532326,1514071.0
1708,2021-12-15 09:12:00,532330,1520330.0
1709,2021-12-16 01:12:00,532334,1520671.0
1710,2021-12-16 09:12:16,532335,1516371.0
1711,2021-12-16 10:12:21,532336,1505670.0
1712,2021-12-16 10:12:53,532336,1495039.0
1713,2021-12-16 12:12:35,532336,1514341.0
1714,2021-12-16 12:12:08,532337,1508511.0
1715,2021-12-16 01:12:58,532339,1493619.0
1716,2021-12-16 03:12:58,532343,1501308.0
1717,2021-12-16 03:12:28,532344,1501641.0
1718,2021-12-16 03:12:30,532344,1491810.0
1719,2021-12-16 06:12:01,532349,1523370.0
1720,2021-12-16 06:12:12,532349,1495529.0
1721,2021-12-16 07:12:47,532353,1506719.0
1722,2021-12-16 08:12:17,532354,1506080.0
1723,2021-12-17 06:12:21,532361,1493720.0
1724,2021-12-17 06:12:34,532361,1492760.0
1725,2021-12-17 08:12:11,532362,1493521.0
1726,2021-12-17 10:12:06,532362,1493043.0
1727,2021-12-17 10:12:35,532362,1520819.0
1728,2021-12-17 11:12:15,532362,1501601.0
1729,2021-12-17 01:12:04,532363,1489781.0
1730,2021-12-17 01:12:12,532363,1512311.0
1731,2021-12-17 01:12:44,532363,1506859.0
1732,2021-12-17 01:12:56,532363,1488500.0
1733,2021-12-17 03:12:48,532363,1489580.0
1734,2021-12-17 06:12:10,532363,1498810.0
1735,2021-12-17 07:12:23,532363,1504610.0
1736,2021-12-17 08:12:32,532363,1507780.0
1737,2021-12-17 10:12:27,532363,1499841.0
1738,2021-12-17 12:12:53,532363,1503551.0
1739,2021-12-17 11:12:02,532364,1492331.0
1740,2021-12-17 11:12:34,532364,1499659.0
1741,2021-12-18 01:12:21,532364,1497580.0
1742,2021-12-18 01:12:41,532364,1489199.0
1743,2021-12-18 12:12:13,532364,1489550.0
1744,2021-12-18 01:12:31,532365,1515711.0
1745,2021-12-18 02:12:30,532365,1507221.0
1746,2021-12-18 03:12:18,532365,1523220.0
1747,2021-12-18 03:12:24,532365,1495702.0
1748,2021-12-18 03:12:28,532365,1529299.0
1749,2021-12-18 03:12:53,532365,1518430.0
1750,2021-12-18 07:12:28,532366,1517320.0
1751,2021-12-18 07:12:42,532366,1516651.0
1752,2021-12-19 04:12:09,532366,1496172.0
1753,2021-12-20 04:12:32,532367,1497169.0
1754,2021-12-20 04:12:35,532367,1510479.0
1755,2021-12-20 08:12:50,532367,1507040.0
1756,2021-12-20 01:12:50,532368,1494649.0
1757,2021-12-20 12:12:18,532368,1504340.0
1758,2021-12-20 12:12:21,532368,1487870.0
1759,2021-12-20 03:12:11,532369,1503149.0
1760,2021-12-20 03:12:15,532370,1511911.0
1761,2021-12-20 03:12:39,532370,1493683.0
1762,2021-12-20 04:12:54,532370,1487270.0
1763,2021-12-20 04:12:56,532370,1485569.0
1764,2021-12-20 05:12:00,532371,1500810.0
1765,2021-12-20 07:12:26,532372,1492040.0
1766,2021-12-21 06:12:24,532372,1516050.0
1767,2021-12-21 11:12:04,532372,1511851.0
1768,2021-12-20 08:12:01,532376,1504509.0
1769,2021-12-20 08:12:57,532376,1514671.0
1770,2021-12-20 09:12:13,532376,1513500.0
1771,2021-12-20 10:12:48,532376,1530900.0
1772,2021-12-20 10:12:53,532376,1518070.0
1773,2021-12-20 11:12:35,532376,1526211.0
1774,2021-12-20 11:12:43,532376,1505470.0
1775,2021-12-21 02:12:07,532377,1514360.0
1776,2021-12-21 04:12:32,532377,1519010.0
1777,2021-12-21 07:12:52,532378,1521521.0
1778,2021-12-21 08:12:32,532378,1509020.0
1779,2021-12-21 08:12:30,532380,1510430.0
1780,2021-12-21 09:12:04,532380,1500240.0
1781,2021-12-21 10:12:05,532380,1502878.0
1782,2021-12-21 01:12:31,532381,1518681.0
1783,2021-12-21 01:12:48,532381,1514200.0
1784,2021-12-21 12:12:39,532381,1505870.0
1785,2021-12-21 03:12:17,532384,1517631.0
1786,2021-12-21 03:12:55,532386,1514533.0
1787,2021-12-21 04:12:27,532386,1522561.0
1788,2021-12-21 04:12:01,532389,1503941.0
1789,2021-12-21 05:12:23,532389,1502870.0
1790,2021-12-21 05:12:56,532389,1541031.0
1791,2021-12-21 07:12:54,532389,1537200.0
1792,2021-12-21 07:12:04,532390,1509370.0
1793,2021-12-21 07:12:58,532390,1514879.0
1794,2021-12-21 09:12:59,532397,1510039.0
1795,2021-12-21 11:12:18,532398,1519380.0
1796,2021-12-21 11:12:39,532398,1508131.0
1797,2021-12-22 05:12:20,532398,1501460.0
1798,2021-12-22 05:12:21,532398,1498021.0
1799,2021-12-22 05:12:24,532398,1502221.0
1800,2021-12-22 06:12:05,532398,1531180.0
1801,2021-12-22 10:12:47,532398,1524370.0
1802,2021-12-22 10:12:58,532398,1505589.0
1803,2021-12-22 11:12:55,532398,1498869.0
1804,2021-12-22 11:12:56,532398,1500110.0
1805,2021-12-22 06:12:02,532405,1492871.0
1806,2021-12-22 08:12:26,532406,1509921.0
1807,2021-12-22 09:12:31,532407,1506569.0
1808,2021-12-22 09:12:45,532407,1495349.0
1809,2021-12-22 10:12:32,532407,1509209.0
1810,2021-12-22 10:12:14,532408,1507560.0
1811,2021-12-22 11:12:07,532408,1504650.0
1812,2021-12-22 11:12:20,532408,1513740.0
1813,2021-12-23 12:12:01,532408,1524679.0
1814,2021-12-23 03:12:23,532409,1525490.0
1815,2021-12-23 05:12:45,532409,1492541.0
1816,2021-12-23 07:12:42,532411,1511039.0
1817,2021-12-23 08:12:13,532411,1519550.0
1818,2021-12-23 10:12:44,532411,1498950.0
1819,2021-12-23 01:12:57,532412,1514710.0
1820,2021-12-23 11:12:31,532412,1491550.0
1821,2021-12-23 11:12:37,532412,1506429.0
1822,2021-12-23 12:12:21,532412,1537521.0
1823,2021-12-23 12:12:36,532412,1518940.0
1824,2021-12-23 12:12:46,532412,1512329.0
1825,2021-12-23 12:12:53,532412,1504120.0
1826,2021-12-23 12:12:55,532412,1509420.0
1827,2021-12-23 02:12:29,532414,1516499.0
1828,2021-12-23 04:12:14,532416,1489249.0
1829,2021-12-23 08:12:47,532421,1498450.0
1830,2021-12-23 08:12:52,532421,1517270.0
1831,2021-12-24 02:12:44,532421,1526970.0
1832,2021-12-24 05:12:15,532422,1508180.0
1833,2021-12-24 05:12:21,532422,1530402.0
1834,2021-12-24 05:12:26,532422,1512719.0
1835,2021-12-24 06:12:11,532422,1517420.0
1836,2021-12-24 06:12:29,532422,1522950.0
1837,2021-12-24 06:12:35,532422,1501590.0
1838,2021-12-24 06:12:46,532422,1506250.0
1839,2021-12-24 10:12:09,532423,1486650.0
1840,2021-12-24 10:12:43,532423,1519811.0
1841,2021-12-24 11:12:35,532423,1498051.0
1842,2021-12-24 01:12:37,532424,1504219.0
1843,2021-12-24 01:12:38,532424,1510859.0
1844,2021-12-24 12:12:04,532424,1493041.0
1845,2021-12-24 12:12:19,532424,1494630.0
1846,2021-12-24 02:12:09,532425,1494801.0
1847,2021-12-27 09:12:52,532430,1507901.0
1848,2021-12-27 11:12:07,532430,1482901.0
1849,2021-12-27 02:12:30,532434,1514872.0
1850,2021-12-28 02:12:03,532436,1497189.0
1851,2021-12-28 06:12:52,532436,1478539.0
1852,2021-12-28 09:12:34,532436,1517199.0
1853,2021-12-28 10:12:01,532436,1510081.0
1854,2021-12-28 03:12:14,532437,1522450.0
1855,2021-12-28 03:12:18,532437,1531930.0
1856,2021-12-28 04:12:04,532437,1511629.0
1857,2021-12-28 04:12:09,532437,1494559.0
1858,2021-12-28 04:12:54,532437,1541610.0
1859,2021-12-28 05:12:17,532437,1506251.0
1860,2021-12-28 05:12:39,532437,1501350.0
1861,2021-12-29 05:12:08,532438,1519820.0
1862,2021-12-29 06:12:01,532438,1488471.0
1863,2021-12-29 02:12:20,532440,1489599.0
1864,2021-12-29 03:12:07,532440,1520650.0
1865,2021-12-30 05:12:14,532445,1510742.0
1866,2021-12-30 07:12:19,532445,1502161.0
1867,2021-12-31 12:12:56,532446,1507370.0
1868,2021-12-31 06:12:32,532447,1522019.0
1869,2021-12-31 07:12:16,532448,1513761.0
1870,2021-12-31 09:12:19,532449,1520679.0
1871,2021-12-31 10:12:23,532449,1519951.0
1872,2022-01-01 12:01:20,532449,1490219.0
1873,2022-01-02 04:01:27,532449,1497950.0
1874,2022-01-03 05:01:09,532449,1510350.0
1875,2022-01-03 05:01:57,532449,1505389.0
1876,2022-01-03 06:01:42,532452,1514102.0
1877,2022-01-03 11:01:38,532453,1503711.0
1878,2022-01-03 11:01:47,532453,1519480.0
1879,2022-01-03 12:01:51,532454,1495960.0
1880,2022-01-03 01:01:27,532455,1499030.0
1881,2022-01-03 01:01:35,532455,1522731.0
1882,2022-01-03 03:01:08,532455,1498729.0
1883,2022-01-03 03:01:40,532455,1514389.0
1884,2022-01-03 05:01:58,532456,1504373.0
1885,2022-01-04 07:01:30,532459,1498100.0
1886,2022-01-04 07:01:33,532459,1506131.0
1887,2022-01-04 07:01:31,532462,1510939.0
1888,2022-01-04 10:01:56,532462,1491321.0
1889,2022-01-04 11:01:00,532462,1484079.0
1890,2022-01-04 11:01:41,532462,1506059.0
1891,2022-01-04 02:01:23,532465,1499500.0
1892,2022-01-04 03:01:32,532465,1507790.0
1893,2022-01-04 03:01:45,532465,1507770.0
1894,2022-01-04 03:01:09,532467,1510960.0
1895,2022-01-04 04:01:52,532467,1487411.0
1896,2022-01-04 04:01:33,532468,1518519.0
1897,2022-01-04 05:01:38,532469,1510090.0
1898,2022-01-04 06:01:52,532469,1508491.0
1899,2022-01-04 07:01:45,532469,1521323.0
1900,2022-01-05 03:01:10,532474,1510030.0
1901,2022-01-05 04:01:11,532474,1507361.0
1902,2022-01-05 05:01:39,532474,1514160.0
1903,2022-01-05 05:01:00,532475,1499071.0
1904,2022-01-05 05:01:34,532476,1504341.0
1905,2022-01-05 06:01:27,532476,1520049.0
1906,2022-01-05 06:01:29,532476,1512910.0
1907,2022-01-05 07:01:40,532477,1498410.0
1908,2022-01-05 01:01:16,532478,1511821.0
1909,2022-01-05 02:01:42,532478,1498859.0
1910,2022-01-05 08:01:41,532478,1505499.0
1911,2022-01-05 09:01:57,532478,1502540.0
1912,2022-01-05 11:01:05,532478,1493820.0
1913,2022-01-05 11:01:36,532478,1489010.0
1914,2022-01-05 11:01:58,532478,1494000.0
1915,2022-01-05 12:01:25,532478,1505040.0
1916,2022-01-05 12:01:42,532478,1501509.0
1917,2022-01-05 12:01:55,532478,1506181.0
1918,2022-01-05 02:01:31,532479,1510090.0
1919,2022-01-05 03:01:33,532483,1514080.0
1920,2022-01-05 06:01:18,532483,1507729.0
1921,2022-01-05 07:01:01,532487,1538709.0
1922,2022-01-05 09:01:50,532489,1480709.0
1923,2022-01-06 01:01:23,532490,1529981.0
1924,2022-01-06 05:01:02,532493,1497040.0
1925,2022-01-06 10:01:13,532493,1506470.0
1926,2022-01-06 10:01:41,532493,1492820.0
1927,2022-01-06 11:01:38,532493,1511831.0
1928,2022-01-06 11:01:44,532493,1516150.0
1929,2022-01-06 01:01:32,532494,1515059.0
1930,2022-01-06 01:01:39,532495,1525809.0
1931,2022-01-06 01:01:51,532495,1514069.0
1932,2022-01-06 04:01:45,532495,1500780.0
1933,2022-01-06 04:01:55,532495,1510680.0
1934,2022-01-06 08:01:55,532495,1485760.0
1935,2022-01-06 09:01:46,532495,1501170.0
1936,2022-01-06 10:01:03,532495,1495751.0
1937,2022-01-07 03:01:56,532495,1503981.0
1938,2022-01-07 04:01:53,532495,1495442.0
1939,2022-01-07 05:01:57,532495,1502139.0
1940,2022-01-07 06:01:12,532495,1517701.0
1941,2022-01-07 07:01:15,532495,1490849.0
1942,2022-01-07 10:01:51,532496,1498491.0
1943,2022-01-07 01:01:07,532497,1495481.0
1944,2022-01-07 11:01:12,532497,1482600.0
1945,2022-01-07 02:01:39,532498,1506821.0
1946,2022-01-07 02:01:48,532499,1497109.0
1947,2022-01-07 04:01:33,532503,1505100.0
1948,2022-01-07 05:01:57,532504,1513860.0
1949,2022-01-08 06:01:40,532506,1496580.0
1950,2022-01-08 12:01:59,532506,1505350.0
1951,2022-01-09 04:01:16,532506,1511410.0
1952,2022-01-10 04:01:43,532508,1531359.0
1953,2022-01-10 10:01:24,532510,1508170.0
1954,2022-01-10 01:01:06,532511,1513691.0
1955,2022-01-10 12:01:02,532511,1528560.0
1956,2022-01-10 01:01:23,532513,1511390.0
1957,2022-01-10 01:01:41,532513,1517941.0
1958,2022-01-10 02:01:10,532513,1504341.0
1959,2022-01-10 02:01:51,532515,1519889.0
1960,2022-01-10 02:01:37,532516,1525660.0
1961,2022-01-10 04:01:19,532517,1493390.0
1962,2022-01-10 04:01:41,532518,1525061.0
1963,2022-01-10 04:01:59,532518,1511160.0
1964,2022-01-10 05:01:58,532519,1519501.0
1965,2022-01-10 07:01:23,532520,1503201.0
1966,2022-01-10 08:01:16,532521,1532560.0
1967,2022-01-10 09:01:16,532521,1490760.0
1968,2022-01-10 10:01:43,532523,1505049.0
1969,2022-01-10 10:01:13,532524,1501830.0
1970,2022-01-11 02:01:05,532525,1513739.0
1971,2022-01-11 12:01:53,532525,1472322.0
1972,2022-01-11 05:01:38,532526,1467410.0
1973,2022-01-11 06:01:04,532527,1492901.0
1974,2022-01-11 06:01:10,532527,1479611.0
1975,2022-01-11 06:01:26,532527,1497740.0
1976,2022-01-11 01:01:24,532528,1478110.0
1977,2022-01-11 09:01:42,532528,1499743.0
1978,2022-01-11 10:01:19,532528,1483670.0
1979,2022-01-11 11:01:59,532528,1499100.0
1980,2022-01-11 12:01:07,532528,1469359.0
1981,2022-01-11 12:01:18,532528,1497182.0
1982,2022-01-11 12:01:32,532528,1507161.0
1983,2022-01-11 12:01:32,532528,1496863.0
1984,2022-01-11 12:01:36,532528,1496450.0
1985,2022-01-11 12:01:41,532528,1483659.0
1986,2022-01-11 01:01:10,532530,1487480.0
1987,2022-01-11 08:01:21,532537,1488660.0
1988,2022-01-11 08:01:42,532537,1513061.0
1989,2022-01-11 09:01:42,532537,1497419.0
1990,2022-01-11 11:01:55,532538,1499408.0
1991,2022-01-12 01:01:09,532541,1486351.0
1992,2022-01-12 05:01:02,532541,1498911.0
1993,2022-01-12 05:01:40,532541,1498960.0
1994,2022-01-12 06:01:54,532541,1516140.0
1995,2022-01-12 08:01:22,532542,1508020.0
1996,2022-01-12 09:01:07,532542,1483760.0
1997,2022-01-12 12:01:42,532543,1505281.0
1998,2022-01-12 01:01:52,532544,1490989.0
1999,2022-01-12 03:01:12,532546,1511540.0
2000,2022-01-12 03:01:21,532548,1502590.0
2001,2022-01-12 04:01:45,532548,1521201.0
2002,2022-01-12 04:01:04,532552,1532510.0
2003,2022-01-12 05:01:21,532553,1509628.0
2004,2022-01-12 05:01:21,532554,1501671.0
2005,2022-01-12 07:01:03,532555,1511219.0
2006,2022-01-12 07:01:53,532555,1524170.0
2007,2022-01-12 08:01:08,532557,1494990.0
2008,2022-01-12 09:01:23,532557,1498341.0
2009,2022-01-12 09:01:28,532557,1503350.0
2010,2022-01-12 10:01:17,532558,1503071.0
2011,2022-01-13 05:01:53,532561,1496731.0
2012,2022-01-13 06:01:24,532561,1510790.0
2013,2022-01-13 06:01:36,532561,1500421.0
2014,2022-01-13 09:01:06,532561,1498941.0
2015,2022-01-13 11:01:19,532561,1488680.0
2016,2022-01-13 11:01:20,532561,1497550.0
2017,2022-01-13 12:01:23,532563,1498451.0
2018,2022-01-13 04:01:06,532571,1511530.0
2019,2022-01-13 04:01:48,532571,1509632.0
2020,2022-01-13 05:01:26,532572,1510510.0
2021,2022-01-13 05:01:17,532574,1505010.0
2022,2022-01-13 09:01:07,532580,1516130.0
2023,2022-01-13 10:01:29,532583,1487021.0
2024,2022-01-13 11:01:30,532584,1513572.0
2025,2022-01-14 09:01:28,532587,1513630.0
2026,2022-01-14 11:01:23,532587,1511258.0
2027,2022-01-14 01:01:30,532589,1509881.0
2028,2022-01-14 03:01:32,532589,1514369.0
2029,2022-01-14 03:01:54,532589,1520770.0
2030,2022-01-14 04:01:01,532589,1535470.0
2031,2022-01-14 06:01:11,532589,1514840.0
2032,2022-01-14 09:01:32,532589,1524332.0
2033,2022-01-14 09:01:47,532589,1527279.0
2034,2022-01-14 12:01:50,532589,1525311.0
2035,2022-01-14 11:01:56,532590,1514170.0
2036,2022-01-15 01:01:46,532591,1516691.0
2037,2022-01-15 02:01:25,532591,1510020.0
2038,2022-01-15 03:01:04,532591,1518200.0
2039,2022-01-15 10:01:15,532591,1513659.0
2040,2022-01-16 04:01:51,532591,1504661.0
2041,2022-01-16 09:01:42,532591,1498470.0
2042,2022-01-17 03:01:04,532591,1510648.0
2043,2022-01-17 05:01:12,532591,1499720.0
2044,2022-01-17 06:01:30,532591,1517960.0
2045,2022-01-17 06:01:26,532593,1499809.0
2046,2022-01-17 06:01:48,532593,1516310.0
2047,2022-01-17 07:01:32,532593,1502898.0
2048,2022-01-17 10:01:10,532593,1509260.0
2049,2022-01-17 11:01:54,532594,1517410.0
2050,2022-01-17 12:01:54,532594,1523110.0
2051,2022-01-17 02:01:46,532596,1530059.0
2052,2022-01-17 04:01:54,532596,1485161.0
2053,2022-01-17 05:01:10,532599,1508859.0
2054,2022-01-17 05:01:32,532599,1506791.0
2055,2022-01-17 05:01:42,532599,1508130.0
2056,2022-01-17 05:01:48,532599,1518580.0
2057,2022-01-17 06:01:19,532601,1533121.0
2058,2022-01-17 06:01:35,532601,1489370.0
2059,2022-01-17 07:01:03,532601,1515770.0
2060,2022-01-17 07:01:09,532601,1506811.0
2061,2022-01-17 07:01:27,532601,1482290.0
2062,2022-01-17 07:01:58,532601,1523719.0
2063,2022-01-17 08:01:18,532601,1518080.0
2064,2022-01-17 08:01:33,532601,1524469.0
2065,2022-01-17 09:01:47,532601,1500860.0
2066,2022-01-17 09:01:14,532602,1491281.0
2067,2022-01-17 10:01:32,532603,1531552.0
2068,2022-01-18 12:01:29,532603,1512171.0
2069,2022-01-18 04:01:38,532607,1503899.0
2070,2022-01-18 05:01:24,532607,1482181.0
2071,2022-01-18 06:01:54,532607,1501991.0
2072,2022-01-18 06:01:13,532608,1484219.0
2073,2022-01-18 06:01:27,532609,1498830.0
2074,2022-01-18 09:01:04,532615,1493060.0
2075,2022-01-18 11:01:19,532616,1520391.0
2076,2022-01-18 11:01:37,532616,1503271.0
2077,2022-01-18 11:01:57,532616,1496050.0
2078,2022-01-18 12:01:14,532617,1510450.0
2079,2022-01-18 04:01:39,532620,1518981.0
2080,2022-01-18 05:01:05,532622,1517171.0
2081,2022-01-18 08:01:20,532624,1499119.0
2082,2022-01-18 08:01:33,532624,1515950.0
2083,2022-01-18 09:01:42,532624,1496889.0
2084,2022-01-18 10:01:29,532624,1516661.0
2085,2022-01-18 11:01:41,532624,1514221.0
2086,2022-01-18 11:01:49,532624,1524430.0
2087,2022-01-19 11:01:16,532624,1522670.0
2088,2022-01-19 11:01:17,532624,1537800.0
2089,2022-01-19 11:01:25,532624,1505130.0
2090,2022-01-19 11:01:57,532624,1518401.0
2091,2022-01-18 09:01:18,532625,1510609.0
2092,2022-01-18 10:01:27,532625,1480580.0
2093,2022-01-18 11:01:28,532625,1501369.0
2094,2022-01-19 02:01:23,532628,1516111.0
2095,2022-01-19 02:01:59,532628,1512240.0
2096,2022-01-19 03:01:46,532628,1501481.0
2097,2022-01-19 04:01:07,532628,1499810.0
2098,2022-01-19 05:01:44,532628,1483751.0
2099,2022-01-19 06:01:13,532629,1492530.0
2100,2022-01-19 06:01:46,532629,1523422.0
2101,2022-01-19 07:01:26,532630,1508751.0
2102,2022-01-19 07:01:56,532630,1486880.0
2103,2022-01-19 01:01:07,532633,1511730.0
2104,2022-01-19 09:01:00,532633,1492180.0
2105,2022-01-19 09:01:43,532633,1511730.0
2106,2022-01-19 09:01:46,532633,1524650.0
2107,2022-01-19 10:01:53,532633,1496631.0
2108,2022-01-19 12:01:04,532633,1500229.0
2109,2022-01-19 12:01:17,532633,1478170.0
2110,2022-01-19 12:01:25,532633,1512080.0
2111,2022-01-19 12:01:49,532633,1502760.0
2112,2022-01-19 02:01:21,532634,1495809.0
2113,2022-01-19 03:01:37,532636,1495071.0
2114,2022-01-19 03:01:50,532636,1506270.0
2115,2022-01-19 04:01:14,532636,1504770.0
2116,2022-01-19 03:01:52,532638,1512658.0
2117,2022-01-19 04:01:31,532638,1509761.0
2118,2022-01-19 07:01:46,532640,1518790.0
2119,2022-01-19 08:01:52,532641,1483100.0
2120,2022-01-19 11:01:32,532644,1479150.0
2121,2022-01-20 09:01:57,532647,1496410.0
2122,2022-01-20 01:01:55,532649,1508240.0
2123,2022-01-20 11:01:39,532649,1491251.0
2124,2022-01-20 12:01:26,532649,1502400.0
2125,2022-01-20 01:01:05,532650,1502570.0
2126,2022-01-20 01:01:48,532650,1502039.0
2127,2022-01-20 03:01:31,532653,1502791.0
2128,2022-01-20 04:01:26,532653,1506181.0
2129,2022-01-20 04:01:28,532653,1496511.0
2130,2022-01-20 04:01:37,532653,1514911.0
2131,2022-01-20 05:01:53,532654,1509020.0
2132,2022-01-20 06:01:40,532656,1510780.0
2133,2022-01-20 08:01:16,532658,1518038.0
2134,2022-01-20 08:01:04,532659,1529161.0
2135,2022-01-20 10:01:06,532664,1520291.0
2136,2022-01-20 10:01:17,532664,1514591.0
2137,2022-01-20 10:01:57,532664,1531940.0
2138,2022-01-20 11:01:43,532664,1525761.0
2139,2022-01-21 10:01:33,532664,1521470.0
2140,2022-01-21 10:01:54,532664,1548669.0
2141,2022-01-21 10:01:54,532664,1506880.0
2142,2022-01-21 11:01:11,532664,1520449.0
2143,2022-01-21 12:01:09,532664,1524450.0
2144,2022-01-21 12:01:22,532664,1528730.0
2145,2022-01-21 12:01:36,532664,1497710.0
2146,2022-01-20 11:01:28,532666,1521949.0
2147,2022-01-21 05:01:50,532666,1516020.0
2148,2022-01-21 01:01:01,532667,1517711.0
2149,2022-01-21 01:01:22,532667,1514699.0
2150,2022-01-21 07:01:22,532667,1517380.0
2151,2022-01-21 08:01:32,532667,1517150.0
2152,2022-01-21 12:01:28,532667,1505720.0
2153,2022-01-21 01:01:47,532668,1509340.0
2154,2022-01-21 02:01:20,532668,1513239.0
2155,2022-01-21 01:01:33,532669,1539460.0
2156,2022-01-21 02:01:07,532669,1507980.0
2157,2022-01-21 03:01:10,532669,1535501.0
2158,2022-01-21 03:01:09,532672,1522421.0
2159,2022-01-21 03:01:30,532672,1515330.0
2160,2022-01-21 03:01:53,532672,1508232.0
2161,2022-01-21 04:01:45,532672,1495360.0
2162,2022-01-21 05:01:04,532672,1494740.0
2163,2022-01-21 05:01:03,532673,1500751.0
2164,2022-01-21 05:01:31,532673,1507488.0
2165,2022-01-21 06:01:19,532673,1510111.0
2166,2022-01-21 07:01:50,532673,1513450.0
2167,2022-01-21 07:01:56,532673,1521540.0
2168,2022-01-21 07:01:16,532674,1513959.0
2169,2022-01-21 08:01:32,532677,1517500.0
2170,2022-01-21 10:01:55,532677,1513882.0
2171,2022-01-21 09:01:21,532678,1524369.0
2172,2022-01-21 10:01:33,532679,1507940.0
2173,2022-01-22 01:01:24,532682,1526471.0
2174,2022-01-22 02:01:36,532682,1519310.0
2175,2022-01-22 03:01:37,532682,1529960.0
2176,2022-01-22 06:01:40,532682,1524571.0
2177,2022-01-23 07:01:27,532685,1525700.0
2178,2022-01-23 09:01:36,532685,1495889.0
2179,2022-01-24 10:01:01,532688,1520670.0
2180,2022-01-24 10:01:23,532688,1518980.0
2181,2022-01-24 10:01:35,532688,1520620.0
2182,2022-01-24 11:01:56,532688,1510140.0
2183,2022-01-24 12:01:16,532688,1507390.0
2184,2022-01-24 12:01:08,532689,1528421.0
2185,2022-01-24 01:01:21,532690,1510830.0
2186,2022-01-24 02:01:16,532690,1522111.0
2187,2022-01-24 02:01:41,532690,1519471.0
2188,2022-01-24 03:01:10,532690,1506579.0
2189,2022-01-24 03:01:41,532691,1509302.0
2190,2022-01-24 04:01:23,532692,1513200.0
2191,2022-01-24 05:01:33,532692,1511951.0
2192,2022-01-24 06:01:26,532692,1521692.0
2193,2022-01-24 07:01:03,532692,1519371.0
2194,2022-01-24 07:01:03,532692,1521509.0
2195,2022-01-24 08:01:35,532692,1517291.0
2196,2022-01-24 09:01:49,532692,1522191.0
2197,2022-01-24 10:01:11,532695,1518451.0
2198,2022-01-25 04:01:54,532696,1542530.0
2199,2022-01-25 06:01:18,532696,1536088.0
2200,2022-01-25 06:01:50,532696,1510401.0
2201,2022-01-25 07:01:27,532696,1515179.0
2202,2022-01-25 09:01:04,532700,1533830.0
2203,2022-01-25 11:01:18,532700,1522750.0
2204,2022-01-25 02:01:35,532703,1524100.0
2205,2022-01-25 02:01:59,532703,1494869.0
2206,2022-01-25 03:01:52,532703,1503961.0
2207,2022-01-25 02:01:18,532704,1512710.0
2208,2022-01-25 02:01:33,532704,1499410.0
2209,2022-01-25 02:01:57,532704,1523830.0
2210,2022-01-25 03:01:29,532705,1508470.0
2211,2022-01-25 04:01:26,532705,1509069.0
2212,2022-01-25 05:01:22,532705,1535288.0
2213,2022-01-25 05:01:34,532705,1525690.0
2214,2022-01-26 08:01:31,532705,1533290.0
2215,2022-01-26 08:01:36,532705,1526850.0
2216,2022-01-26 08:01:40,532705,1502638.0
2217,2022-01-26 08:01:45,532705,1512511.0
2218,2022-01-25 04:01:44,532706,1508319.0
2219,2022-01-25 04:01:42,532707,1524220.0
2220,2022-01-25 06:01:46,532713,1524051.0
2221,2022-01-25 08:01:11,532713,1503880.0
2222,2022-01-25 08:01:41,532716,1512670.0
2223,2022-01-25 09:01:06,532717,1521552.0
2224,2022-01-25 10:01:31,532717,1513581.0
2225,2022-01-26 02:01:17,532717,1504449.0
2226,2022-01-26 06:01:03,532717,1520200.0
2227,2022-01-26 07:01:53,532718,1498570.0
2228,2022-01-26 09:01:22,532718,1514270.0
2229,2022-01-26 09:01:44,532718,1517021.0
2230,2022-01-26 09:01:50,532718,1529089.0
2231,2022-01-26 09:01:57,532718,1513191.0
2232,2022-01-26 09:01:59,532718,1511751.0
2233,2022-01-26 10:01:11,532718,1508259.0
2234,2022-01-26 10:01:47,532718,1505320.0
2235,2022-01-26 10:01:34,532719,1525030.0
2236,2022-01-26 02:01:09,532720,1519281.0
2237,2022-01-26 02:01:32,532720,1521052.0
2238,2022-01-26 02:01:38,532720,1504519.0
2239,2022-01-26 02:01:57,532720,1526269.0
2240,2022-01-26 03:01:23,532720,1513569.0
2241,2022-01-26 04:01:51,532720,1524879.0
2242,2022-01-26 12:01:25,532720,1527980.0
2243,2022-01-26 05:01:34,532723,1516538.0
2244,2022-01-26 05:01:46,532724,1507121.0
2245,2022-01-26 06:01:11,532726,1502560.0
2246,2022-01-26 07:01:53,532726,1502651.0
2247,2022-01-26 08:01:13,532726,1514559.0
2248,2022-01-26 08:01:29,532727,1502571.0
2249,2022-01-26 09:01:02,532727,1514900.0
2250,2022-01-26 09:01:29,532727,1513780.0
2251,2022-01-27 03:01:15,532731,1515510.0
2252,2022-01-27 04:01:29,532731,1510030.0
2253,2022-01-27 06:01:11,532735,1525950.0
2254,2022-01-27 06:01:38,532735,1506119.0
2255,2022-01-27 09:01:10,532737,1518010.0
2256,2022-01-27 10:01:49,532737,1516639.0
2257,2022-01-27 10:01:57,532737,1538800.0
2258,2022-01-27 11:01:11,532737,1522189.0
2259,2022-01-27 12:01:04,532738,1520789.0
2260,2022-01-27 12:01:37,532738,1546128.0
2261,2022-01-27 02:01:08,532739,1493711.0
2262,2022-01-27 06:01:59,532740,1524440.0
2263,2022-01-27 06:01:27,532741,1525900.0
2264,2022-01-27 07:01:43,532742,1508710.0
2265,2022-01-27 11:01:30,532744,1541991.0
2266,2022-01-27 11:01:47,532744,1530090.0
2267,2022-01-27 11:01:09,532745,1519230.0
2268,2022-01-28 01:01:05,532745,1520780.0
2269,2022-01-28 12:01:26,532745,1498630.0
2270,2022-01-28 12:01:44,532745,1513492.0
2271,2022-01-28 01:01:13,532746,1510050.0
2272,2022-01-28 01:01:00,532748,1519932.0
2273,2022-01-28 05:01:33,532748,1514340.0
2274,2022-01-28 05:01:37,532748,1522541.0
2275,2022-01-28 06:01:30,532748,1523429.0
2276,2022-01-28 07:01:24,532748,1518221.0
2277,2022-01-28 07:01:25,532748,1518690.0
2278,2022-01-28 07:01:59,532748,1512399.0
2279,2022-01-28 08:01:09,532748,1509840.0
2280,2022-01-28 08:01:55,532748,1514470.0
2281,2022-01-28 09:01:40,532748,1520269.0
2282,2022-01-28 09:01:58,532748,1517320.0
2283,2022-01-28 10:01:27,532748,1529530.0
2284,2022-01-28 11:01:34,532748,1531170.0
2285,2022-01-28 12:01:15,532748,1533039.0
2286,2022-01-28 12:01:34,532748,1537771.0
2287,2022-01-28 01:01:52,532749,1517571.0
2288,2022-01-28 02:01:40,532749,1519400.0
2289,2022-01-28 03:01:47,532749,1501360.0
2290,2022-01-28 03:01:19,532750,1509750.0
2291,2022-01-28 03:01:31,532750,1510349.0
2292,2022-01-28 03:01:57,532750,1521250.0
2293,2022-01-28 04:01:59,532750,1529291.0
2294,2022-01-28 03:01:28,532751,1524120.0
2295,2022-01-28 05:01:06,532752,1504718.0
2296,2022-01-28 05:01:37,532752,1523881.0
2297,2022-01-28 05:01:38,532752,1504789.0
2298,2022-01-28 05:01:57,532752,1481531.0
2299,2022-01-28 06:01:01,532752,1518221.0
2300,2022-01-28 08:01:24,532752,1520510.0
2301,2022-01-28 08:01:38,532752,1519781.0
2302,2022-01-28 07:01:30,532756,1507438.0
2303,2022-01-29 01:01:47,532759,1520089.0
2304,2022-01-29 02:01:15,532759,1495431.0
2305,2022-01-29 01:01:03,532760,1542351.0
2306,2022-01-30 04:01:39,532760,1512371.0
2307,2022-01-30 10:01:46,532760,1476748.0
2308,2022-01-31 01:01:02,532763,1515281.0
2309,2022-01-31 01:01:27,532763,1508401.0
2310,2022-01-31 01:01:28,532763,1504910.0
2311,2022-01-31 01:01:40,532763,1497460.0
2312,2022-01-31 11:01:22,532763,1487169.0
2313,2022-01-31 11:01:56,532763,1516480.0
2314,2022-01-31 12:01:29,532763,1505111.0
2315,2022-01-31 12:01:51,532763,1530901.0
2316,2022-01-31 12:01:52,532763,1511500.0
2317,2022-01-31 01:01:05,532766,1509249.0
2318,2022-01-31 02:01:31,532766,1516159.0
2319,2022-01-31 04:01:40,532767,1524470.0
2320,2022-01-31 05:01:36,532767,1521689.0
2321,2022-01-31 06:01:56,532767,1498979.0
2322,2022-01-31 08:01:38,532767,1513911.0
2323,2022-01-31 07:01:34,532768,1523461.0
2324,2022-01-31 08:01:13,532769,1521929.0
2325,2022-01-31 08:01:37,532769,1528111.0
2326,2022-01-31 09:01:01,532769,1521950.0
2327,2022-01-31 09:01:03,532769,1525440.0
2328,2022-01-31 09:01:07,532769,1504777.0
2329,2022-01-31 10:01:34,532769,1519770.0
2330,2022-01-31 11:01:07,532769,1537051.0
2331,2022-01-31 10:01:14,532771,1515650.0
2332,2022-02-01 01:02:35,532775,1529230.0
2333,2022-02-01 02:02:50,532775,1530868.0
2334,2022-02-01 03:02:31,532775,1510170.0
2335,2022-02-01 12:02:35,532775,1511589.0
2336,2022-02-01 01:02:56,532776,1522860.0
2337,2022-02-01 02:02:00,532776,1516630.0
2338,2022-02-01 02:02:06,532776,1513440.0
2339,2022-02-01 02:02:13,532776,1513061.0
2340,2022-02-01 02:02:20,532776,1497968.0
2341,2022-02-01 02:02:42,532776,1517951.0
2342,2022-02-01 02:02:47,532776,1558871.0
2343,2022-02-01 03:02:08,532776,1545330.0
2344,2022-02-01 03:02:08,532776,1544269.0
2345,2022-02-01 03:02:33,532776,1520900.0
2346,2022-02-01 03:02:50,532776,1534329.0
2347,2022-02-01 04:02:05,532776,1519980.0
2348,2022-02-01 03:02:47,532777,1518042.0
2349,2022-02-01 04:02:39,532777,1522860.0
2350,2022-02-01 04:02:00,532778,1528250.0
2351,2022-02-01 04:02:02,532778,1522979.0
2352,2022-02-01 04:02:13,532778,1527211.0
2353,2022-02-01 07:02:08,532778,1533181.0
2354,2022-02-01 07:02:30,532778,1521850.0
2355,2022-02-01 07:02:47,532778,1543848.0
2356,2022-02-01 07:02:58,532778,1532711.0
2357,2022-02-01 08:02:51,532778,1522370.0
2358,2022-02-01 08:02:19,532779,1528731.0
2359,2022-02-02 01:02:10,532784,1523510.0
2360,2022-02-02 02:02:20,532785,1509101.0
2361,2022-02-02 04:02:17,532786,1508070.0
2362,2022-02-02 05:02:00,532786,1522971.0
2363,2022-02-02 05:02:40,532786,1534000.0
2364,2022-02-02 08:02:53,532786,1509380.0
2365,2022-02-02 11:02:06,532786,1517089.0
2366,2022-02-02 11:02:11,532786,1512740.0
2367,2022-02-02 11:02:13,532786,1507391.0
2368,2022-02-02 11:02:00,532787,1507131.0
2369,2022-02-02 11:02:43,532787,1526660.0
2370,2022-02-02 02:02:38,532790,1518480.0
2371,2022-02-02 06:02:35,532797,1479512.0
2372,2022-02-02 07:02:03,532798,1485529.0
2373,2022-02-02 07:02:39,532798,1468939.0
2374,2022-02-02 08:02:33,532798,1482091.0
2375,2022-02-02 10:02:31,532798,1490510.0
2376,2022-02-02 11:02:45,532798,1492301.0
2377,2022-02-03 01:02:42,532798,1471791.0
2378,2022-02-03 01:02:51,532798,1492460.0
2379,2022-02-03 04:02:32,532799,1479729.0
2380,2022-02-03 05:02:27,532799,1485762.0
2381,2022-02-03 01:02:24,532801,1475679.0
2382,2022-02-03 01:02:51,532801,1478850.0
2383,2022-02-03 01:02:54,532801,1479259.0
2384,2022-02-03 10:02:20,532801,1490730.0
2385,2022-02-03 10:02:33,532801,1471771.0
2386,2022-02-03 10:02:45,532801,1460250.0
2387,2022-02-03 11:02:24,532801,1489641.0
2388,2022-02-03 12:02:20,532801,1483481.0
2389,2022-02-03 12:02:42,532801,1479581.0
2390,2022-02-03 12:02:59,532801,1464831.0
2391,2022-02-03 02:02:46,532803,1483929.0
2392,2022-02-03 03:02:09,532806,1489200.0
2393,2022-02-03 05:02:26,532807,1487259.0
2394,2022-02-03 05:02:54,532807,1475970.0
2395,2022-02-03 06:02:16,532811,1473521.0
2396,2022-02-03 08:02:04,532815,1479379.0
2397,2022-02-03 08:02:42,532816,1490601.0
2398,2022-02-03 10:02:24,532819,1481842.0
2399,2022-02-03 11:02:06,532819,1487421.0
2400,2022-02-04 03:02:50,532821,1467119.0
2401,2022-02-04 04:02:39,532821,1468261.0
2402,2022-02-04 10:02:29,532823,1497621.0
2403,2022-02-04 11:02:21,532825,1496409.0
2404,2022-02-04 11:02:51,532825,1486321.0
2405,2022-02-04 01:02:05,532827,1478550.0
2406,2022-02-04 01:02:46,532827,1485841.0
2407,2022-02-04 02:02:00,532827,1491469.0
2408,2022-02-04 02:02:11,532827,1490919.0
2409,2022-02-04 02:02:37,532827,1482101.0
2410,2022-02-04 04:02:02,532827,1494182.0
2411,2022-02-04 05:02:20,532827,1476461.0
2412,2022-02-04 05:02:03,532828,1475110.0
2413,2022-02-04 06:02:07,532828,1490190.0
2414,2022-02-04 06:02:13,532828,1467091.0
2415,2022-02-04 08:02:32,532829,1463948.0
2416,2022-02-04 09:02:57,532830,1464300.0
2417,2022-02-05 01:02:14,532832,1482001.0
2418,2022-02-05 02:02:02,532832,1478860.0
2419,2022-02-05 02:02:02,532832,1482760.0
2420,2022-02-05 02:02:55,532832,1484270.0
2421,2022-02-05 12:02:23,532832,1495849.0
2422,2022-02-05 04:02:03,532833,1481389.0
2423,2022-02-05 05:02:54,532833,1473420.0
2424,2022-02-06 05:02:16,532834,1479272.0
2425,2022-02-07 03:02:47,532834,1478379.0
2426,2022-02-07 04:02:41,532834,1488910.0
2427,2022-02-07 04:02:22,532835,1500160.0
2428,2022-02-07 10:02:35,532838,1488110.0
2429,2022-02-07 10:02:39,532838,1483422.0
2430,2022-02-07 12:02:09,532838,1477240.0
2431,2022-02-07 12:02:15,532838,1496020.0
2432,2022-02-07 12:02:36,532838,1493402.0
2433,2022-02-07 12:02:36,532838,1488080.0
2434,2022-02-07 12:02:03,532839,1475130.0
2435,2022-02-07 02:02:07,532840,1481059.0
2436,2022-02-07 05:02:05,532843,1491040.0
2437,2022-02-08 03:02:32,532843,1488061.0
2438,2022-02-07 07:02:09,532844,1476011.0
2439,2022-02-07 08:02:38,532845,1495781.0
2440,2022-02-07 08:02:55,532845,1503499.0
2441,2022-02-07 09:02:11,532846,1480490.0
2442,2022-02-07 11:02:14,532846,1484169.0
2443,2022-02-08 04:02:01,532846,1491740.0
2444,2022-02-08 06:02:35,532847,1481010.0
2445,2022-02-08 10:02:03,532852,1485049.0
2446,2022-02-08 11:02:36,532853,1479699.0
2447,2022-02-08 01:02:37,532857,1485320.0
2448,2022-02-08 08:02:03,532859,1490740.0
2449,2022-02-08 10:02:18,532861,1492300.0
2450,2022-02-08 10:02:31,532861,1460070.0
2451,2022-02-08 10:02:40,532861,1485419.0
2452,2022-02-08 11:02:08,532861,1490270.0
2453,2022-02-09 01:02:01,532862,1471501.0
2454,2022-02-09 01:02:59,532862,1484809.0
2455,2022-02-09 02:02:01,532862,1485479.0
2456,2022-02-09 02:02:06,532863,1475921.0
2457,2022-02-09 05:02:53,532864,1487449.0
2458,2022-02-09 05:02:55,532864,1491608.0
2459,2022-02-09 05:02:59,532864,1481851.0
2460,2022-02-09 07:02:16,532864,1477370.0
2461,2022-02-09 07:02:38,532865,1481178.0
2462,2022-02-09 07:02:44,532865,1480861.0
2463,2022-02-09 09:02:59,532865,1492599.0
2464,2022-02-09 11:02:58,532865,1465859.0
2465,2022-02-09 12:02:26,532865,1482431.0
2466,2022-02-09 12:02:43,532865,1504580.0
2467,2022-02-09 01:02:20,532866,1487178.0
2468,2022-02-09 01:02:23,532866,1471540.0
2469,2022-02-09 12:02:38,532866,1468950.0
2470,2022-02-09 03:02:39,532871,1474161.0
2471,2022-02-09 04:02:28,532871,1490280.0
2472,2022-02-09 04:02:58,532871,1489050.0
2473,2022-02-09 05:02:30,532871,1477419.0
2474,2022-02-09 05:02:32,532871,1493850.0
2475,2022-02-09 05:02:04,532872,1491361.0
2476,2022-02-09 07:02:40,532874,1475549.0
2477,2022-02-09 08:02:15,532875,1478370.0
2478,2022-02-09 10:02:07,532875,1480109.0
2479,2022-02-09 10:02:08,532875,1491830.0
2480,2022-02-09 10:02:50,532875,1489339.0
2481,2022-02-10 08:02:10,532877,1481251.0
2482,2022-02-10 11:02:55,532879,1497590.0
2483,2022-02-10 11:02:38,532881,1480620.0
2484,2022-02-10 12:02:12,532881,1478370.0
2485,2022-02-10 02:02:02,532882,1484611.0
2486,2022-02-10 02:02:09,532882,1475510.0
2487,2022-02-10 02:02:56,532882,1481520.0
2488,2022-02-10 12:02:31,532882,1508879.0
2489,2022-02-10 12:02:40,532882,1479980.0
2490,2022-02-10 01:02:19,532883,1490009.0
2491,2022-02-10 02:02:52,532884,1476569.0
2492,2022-02-10 01:02:58,532885,1460950.0
2493,2022-02-10 02:02:11,532885,1494341.0
2494,2022-02-10 02:02:31,532885,1483981.0
2495,2022-02-10 03:02:06,532887,1485960.0
2496,2022-02-10 03:02:45,532888,1469160.0
2497,2022-02-10 05:02:11,532890,1472069.0
2498,2022-02-10 05:02:37,532890,1482351.0
2499,2022-02-10 07:02:27,532890,1497150.0
2500,2022-02-10 07:02:41,532890,1482559.0
2501,2022-02-10 09:02:02,532891,1485251.0
2502,2022-02-10 10:02:38,532894,1476820.0
2503,2022-02-10 11:02:40,532894,1470249.0
2504,2022-02-10 11:02:40,532897,1487290.0
2505,2022-02-11 01:02:54,532897,1472271.0
2506,2022-02-11 06:02:46,532898,1489332.0
2507,2022-02-11 08:02:15,532898,1487870.0
2508,2022-02-11 08:02:39,532898,1461000.0
2509,2022-02-11 09:02:15,532898,1466191.0
2510,2022-02-11 09:02:31,532898,1463341.0
2511,2022-02-11 09:02:57,532898,1476961.0
2512,2022-02-11 10:02:15,532898,1465161.0
2513,2022-02-11 10:02:02,532899,1473750.0
2514,2022-02-11 11:02:30,532899,1469759.0
2515,2022-02-11 11:02:30,532899,1476420.0
2516,2022-02-11 12:02:03,532899,1488790.0
2517,2022-02-11 12:02:52,532900,1477691.0
2518,2022-02-11 01:02:49,532901,1492459.0
2519,2022-02-11 01:02:59,532903,1471339.0
2520,2022-02-11 02:02:44,532907,1484490.0
2521,2022-02-11 03:02:33,532909,1481159.0
2522,2022-02-11 03:02:51,532909,1474240.0
2523,2022-02-11 04:02:12,532909,1479150.0
2524,2022-02-11 05:02:22,532910,1466929.0
2525,2022-02-11 06:02:31,532911,1473480.0
2526,2022-02-11 07:02:15,532912,1483449.0
2527,2022-02-12 02:02:23,532914,1469889.0
2528,2022-02-12 02:02:37,532914,1499200.0
2529,2022-02-12 02:02:53,532914,1481260.0
2530,2022-02-13 04:02:44,532914,1469210.0
2531,2022-02-14 03:02:33,532914,1468390.0
2532,2022-02-14 05:02:10,532916,1464029.0
2533,2022-02-14 05:02:50,532916,1468680.0
2534,2022-02-14 06:02:25,532919,1493651.0
2535,2022-02-14 07:02:48,532920,1457889.0
2536,2022-02-14 09:02:39,532921,1461480.0
2537,2022-02-14 03:02:10,532922,1470511.0
2538,2022-02-14 03:02:16,532922,1479820.0
2539,2022-02-14 03:02:43,532922,1490840.0
2540,2022-02-14 04:02:07,532922,1489169.0
2541,2022-02-14 04:02:40,532923,1486280.0
2542,2022-02-14 05:02:50,532929,1459061.0
2543,2022-02-14 05:02:04,532930,1476540.0
2544,2022-02-14 05:02:50,532930,1475092.0
2545,2022-02-14 09:02:47,532933,1469099.0
2546,2022-02-14 10:02:03,532935,1482910.0
2547,2022-02-14 11:02:13,532935,1459521.0
2548,2022-02-14 11:02:34,532936,1477300.0
2549,2022-02-15 12:02:01,532936,1481149.0
2550,2022-02-15 01:02:31,532937,1477259.0
2551,2022-02-15 05:02:31,532938,1483899.0
2552,2022-02-15 08:02:35,532940,1450130.0
2553,2022-02-15 10:02:05,532940,1475270.0
2554,2022-02-15 11:02:46,532941,1462571.0
2555,2022-02-15 12:02:21,532941,1484489.0
2556,2022-02-15 01:02:34,532943,1467700.0
2557,2022-02-15 01:02:48,532943,1465140.0
2558,2022-02-15 04:02:15,532945,1483751.0
2559,2022-02-15 07:02:03,532946,1474561.0
2560,2022-02-15 07:02:14,532946,1456410.0
2561,2022-02-15 07:02:24,532946,1478659.0
2562,2022-02-15 07:02:24,532946,1486080.0
2563,2022-02-15 09:02:01,532946,1473350.0
2564,2022-02-15 09:02:55,532946,1475131.0
2565,2022-02-15 09:02:57,532946,1458070.0
2566,2022-02-16 03:02:19,532950,1485110.0
2567,2022-02-16 04:02:24,532950,1468921.0
2568,2022-02-16 04:02:52,532950,1470220.0
2569,2022-02-16 05:02:32,532952,1478070.0
2570,2022-02-16 06:02:05,532953,1470761.0
2571,2022-02-16 06:02:26,532953,1488280.0
2572,2022-02-16 01:02:48,532956,1476730.0
2573,2022-02-16 09:02:24,532956,1466289.0
2574,2022-02-16 09:02:42,532956,1452281.0
2575,2022-02-16 10:02:48,532956,1485830.0
2576,2022-02-16 10:02:53,532956,1469401.0
2577,2022-02-16 12:02:15,532956,1476329.0
2578,2022-02-16 12:02:22,532956,1493522.0
2579,2022-02-16 12:02:26,532956,1462841.0
2580,2022-02-16 02:02:59,532958,1488960.0
2581,2022-02-16 03:02:21,532958,1458269.0
2582,2022-02-16 04:02:33,532960,1472240.0
2583,2022-02-16 04:02:04,532964,1468600.0
2584,2022-02-16 05:02:42,532965,1463669.0
2585,2022-02-16 05:02:26,532967,1460331.0
2586,2022-02-16 05:02:25,532968,1459209.0
2587,2022-02-16 11:02:41,532971,1495881.0
2588,2022-02-17 03:02:55,532974,1482420.0
2589,2022-02-17 05:02:32,532974,1467902.0
2590,2022-02-17 06:02:04,532975,1472659.0
2591,2022-02-17 06:02:52,532975,1471719.0
2592,2022-02-17 08:02:49,532975,1472550.0
2593,2022-02-17 09:02:46,532976,1476562.0
2594,2022-02-17 10:02:13,532976,1493100.0
2595,2022-02-17 12:02:43,532977,1468930.0
2596,2022-02-17 02:02:04,532978,1475769.0
2597,2022-02-17 02:02:09,532978,1470269.0
2598,2022-02-17 02:02:00,532979,1473188.0
2599,2022-02-17 02:02:08,532979,1476511.0
2600,2022-02-17 02:02:55,532979,1482191.0
2601,2022-02-17 03:02:31,532983,1467920.0
2602,2022-02-17 04:02:33,532984,1464951.0
2603,2022-02-17 05:02:13,532986,1470041.0
2604,2022-02-17 07:02:44,532986,1450379.0
2605,2022-02-17 08:02:02,532988,1477940.0
2606,2022-02-17 09:02:25,532988,1471390.0
2607,2022-02-17 09:02:55,532988,1487739.0
2608,2022-02-17 10:02:10,532988,1486741.0
2609,2022-02-17 11:02:31,532988,1470850.0
2610,2022-02-18 02:02:27,532989,1479410.0
2611,2022-02-18 04:02:14,532989,1479820.0
2612,2022-02-18 06:02:56,532991,1469161.0
2613,2022-02-18 06:02:25,532992,1467870.0
2614,2022-02-18 10:02:21,532994,1467440.0
2615,2022-02-18 11:02:33,532996,1485020.0
2616,2022-02-18 01:02:02,532999,1469289.0
2617,2022-02-18 01:02:52,533000,1473880.0
2618,2022-02-18 01:02:56,533000,1470640.0
2619,2022-02-18 02:02:41,533001,1490510.0
2620,2022-02-18 03:02:05,533001,1471290.0
2621,2022-02-18 03:02:57,533002,1461430.0
2622,2022-02-18 05:02:37,533002,1460241.0
2623,2022-02-18 05:02:05,533003,1486240.0
2624,2022-02-18 05:02:40,533003,1483710.0
2625,2022-02-18 06:02:56,533003,1484671.0
2626,2022-02-18 08:02:41,533003,1468540.0
2627,2022-02-18 08:02:37,533004,1488580.0
2628,2022-02-19 01:02:08,533004,1492539.0
2629,2022-02-19 01:02:57,533004,1470600.0
2630,2022-02-19 02:02:02,533004,1489950.0
2631,2022-02-19 12:02:15,533004,1481279.0
2632,2022-02-19 04:02:05,533006,1501952.0
2633,2022-02-20 04:02:51,533006,1467320.0
2634,2022-02-21 10:02:23,533010,1488849.0
2635,2022-02-21 10:02:49,533010,1511099.0
2636,2022-02-21 01:02:16,533012,1470770.0
2637,2022-02-21 01:02:20,533012,1466321.0
2638,2022-02-21 02:02:38,533013,1483358.0
2639,2022-02-21 02:02:52,533013,1480692.0
2640,2022-02-21 02:02:13,533014,1472559.0
2641,2022-02-21 03:02:39,533017,1463149.0
2642,2022-02-21 04:02:43,533017,1487181.0
2643,2022-02-21 04:02:57,533017,1490250.0
2644,2022-02-21 05:02:50,533017,1496050.0
2645,2022-02-21 05:02:01,533018,1477940.0
2646,2022-02-21 06:02:40,533018,1498101.0
2647,2022-02-21 07:02:10,533018,1477651.0
2648,2022-02-21 07:02:52,533018,1508912.0
2649,2022-02-22 10:02:11,533021,1490910.0
2650,2022-02-22 10:02:15,533021,1470700.0
2651,2022-02-22 10:02:45,533021,1472211.0
2652,2022-02-22 11:02:29,533021,1487180.0
2653,2022-02-22 11:02:34,533021,1482979.0
2654,2022-02-22 11:02:57,533021,1483840.0
2655,2022-02-22 12:02:27,533022,1476590.0
2656,2022-02-22 01:02:12,533024,1470360.0
2657,2022-02-22 12:02:20,533024,1463609.0
2658,2022-02-22 02:02:30,533025,1473230.0
2659,2022-02-22 03:02:02,533026,1481141.0
2660,2022-02-22 05:02:53,533028,1473389.0
2661,2022-02-22 11:02:10,533032,1484788.0
2662,2022-02-23 05:02:03,533034,1481419.0
2663,2022-02-23 05:02:14,533034,1487251.0
2664,2022-02-23 07:02:58,533035,1498161.0
2665,2022-02-23 08:02:01,533036,1479511.0
2666,2022-02-23 09:02:40,533037,1477811.0
2667,2022-02-23 10:02:28,533039,1489842.0
2668,2022-02-23 01:02:41,533041,1471300.0
2669,2022-02-23 12:02:22,533042,1477040.0
2670,2022-02-23 02:02:46,533043,1488259.0
2671,2022-02-23 03:02:44,533044,1489491.0
2672,2022-02-23 04:02:21,533044,1489247.0
2673,2022-02-23 05:02:36,533044,1479531.0
2674,2022-02-23 05:02:50,533044,1481009.0
2675,2022-02-23 06:02:00,533044,1479359.0
2676,2022-02-23 06:02:27,533044,1479167.0
2677,2022-02-23 06:02:49,533044,1489720.0
2678,2022-02-23 06:02:50,533044,1473519.0
2679,2022-02-23 05:02:00,533045,1472660.0
2680,2022-02-23 05:02:51,533045,1463931.0
2681,2022-02-23 07:02:05,533046,1487978.0
2682,2022-02-23 08:02:11,533046,1476848.0
2683,2022-02-23 09:02:24,533046,1494201.0
2684,2022-02-24 05:02:09,533050,1469783.0
2685,2022-02-24 05:02:27,533050,1490641.0
2686,2022-02-24 05:02:47,533050,1495978.0
2687,2022-02-24 05:02:51,533050,1484969.0
2688,2022-02-24 06:02:11,533050,1499150.0
2689,2022-02-24 07:02:11,533050,1504399.0
2690,2022-02-24 10:02:25,533050,1474589.0
2691,2022-02-24 10:02:26,533050,1481821.0
2692,2022-02-24 10:02:36,533051,1484120.0
2693,2022-02-24 11:02:16,533051,1487580.0
2694,2022-02-24 11:02:35,533051,1478991.0
2695,2022-02-24 11:02:51,533051,1490911.0
2696,2022-02-24 11:02:57,533051,1469851.0
2697,2022-02-24 01:02:05,533053,1486560.0
2698,2022-02-24 01:02:53,533053,1463540.0
2699,2022-02-24 02:02:50,533053,1482660.0
2700,2022-02-24 02:02:08,533054,1473019.0
2701,2022-02-24 02:02:08,533054,1467170.0
2702,2022-02-24 02:02:45,533055,1466289.0
2703,2022-02-24 03:02:30,533056,1501031.0
2704,2022-02-24 05:02:28,533059,1478080.0
2705,2022-02-24 07:02:41,533061,1466019.0
2706,2022-02-24 08:02:03,533062,1508300.0
2707,2022-02-24 09:02:37,533062,1475910.0
2708,2022-02-24 11:02:21,533063,1477240.0
2709,2022-02-25 01:02:48,533063,1479650.0
2710,2022-02-25 03:02:23,533064,1470470.0
2711,2022-02-25 04:02:15,533064,1476731.0
2712,2022-02-25 04:02:45,533064,1471359.0
2713,2022-02-25 05:02:37,533065,1465119.0
2714,2022-02-25 06:02:55,533065,1475841.0
2715,2022-02-25 06:02:38,533066,1466879.0
2716,2022-02-25 08:02:02,533067,1467841.0
2717,2022-02-25 08:02:04,533067,1461481.0
2718,2022-02-25 09:02:44,533067,1483561.0
2719,2022-02-25 09:02:43,533068,1462868.0
2720,2022-02-25 11:02:15,533070,1472860.0
2721,2022-02-25 12:02:26,533071,1465941.0
2722,2022-02-25 01:02:56,533072,1467189.0
2723,2022-02-25 02:02:28,533072,1480310.0
2724,2022-02-25 02:02:30,533072,1477811.0
2725,2022-02-25 02:02:37,533072,1470390.0
2726,2022-02-25 02:02:42,533072,1492540.0
2727,2022-02-25 03:02:06,533072,1472541.0
2728,2022-02-25 03:02:20,533072,1477280.0
2729,2022-02-25 03:02:49,533072,1463609.0
2730,2022-02-25 04:02:24,533072,1455690.0
2731,2022-02-25 04:02:25,533072,1468300.0
2732,2022-02-25 04:02:51,533073,1463230.0
2733,2022-02-25 05:02:18,533075,1474729.0
2734,2022-02-25 06:02:05,533076,1478850.0
2735,2022-02-25 08:02:23,533079,1458122.0
2736,2022-02-25 10:02:41,533080,1475609.0
2737,2022-02-25 10:02:41,533080,1474240.0
2738,2022-02-26 02:02:45,533081,1468239.0
2739,2022-02-26 06:02:46,533082,1483421.0
2740,2022-02-27 04:02:46,533083,1473379.0
2741,2022-02-28 05:02:40,533084,1466910.0
2742,2022-02-28 05:02:41,533084,1459282.0
2743,2022-02-28 06:02:29,533087,1480789.0
2744,2022-02-28 06:02:47,533087,1468808.0
2745,2022-02-28 07:02:41,533087,1478351.0
2746,2022-02-28 11:02:45,533090,1469161.0
2747,2022-02-28 12:02:40,533091,1494311.0
2748,2022-02-28 01:02:12,533092,1457990.0
2749,2022-02-28 01:02:28,533092,1476362.0
2750,2022-02-28 03:02:17,533094,1462740.0
2751,2022-02-28 03:02:44,533094,1472760.0
2752,2022-02-28 04:02:15,533095,1470241.0
2753,2022-02-28 05:02:13,533095,1464640.0
2754,2022-02-28 06:02:01,533095,1464311.0
2755,2022-02-28 06:02:02,533095,1471660.0
2756,2022-02-28 07:02:29,533095,1474761.0
2757,2022-02-28 08:02:25,533095,1452130.0
2758,2022-02-28 09:02:34,533095,1469480.0
2759,2022-02-28 09:02:04,533096,1451911.0
2760,2022-02-28 11:02:54,533099,1456961.0