index_1based,timestamp,sut_version,value
1,2021-09-01 01:09:41,515219,3950.0
2,2021-09-01 12:09:11,515219,4010.0
3,2021-09-01 12:09:16,515219,3981.0
4,2021-09-01 12:09:28,515219,4039.0
5,2021-09-01 03:09:11,515220,3930.0
6,2021-09-01 04:09:30,515220,4020.0
7,2021-09-01 04:09:49,515220,4001.0
8,2021-09-01 05:09:05,515220,4009.0
9,2021-09-01 05:09:44,515220,3980.0
10,2021-09-01 08:09:14,515222,3950.0
11,2021-09-01 01:09:00,515224,3929.0
12,2021-09-01 01:09:02,515224,4049.0
13,2021-09-01 01:09:08,515224,4030.0
14,2021-09-01 01:09:16,515224,3929.0
15,2021-09-01 10:09:16,515224,4070.0
16,2021-09-01 10:09:20,515224,3990.0
17,2021-09-01 11:09:02,515224,3959.0
18,2021-09-01 11:09:02,515224,3840.0
19,2021-09-01 11:09:38,515224,3981.0
20,2021-09-01 12:09:31,515224,3931.0
21,2021-09-01 12:09:36,515224,4001.0
22,2021-09-01 12:09:44,515224,3981.0
23,2021-09-01 12:09:46,515224,4030.0
24,2021-09-01 12:09:52,515224,4040.0
25,2021-09-01 12:09:56,515224,3931.0
26,2021-09-01 01:09:05,515225,4050.0
27,2021-09-01 01:09:30,515225,3891.0
28,2021-09-01 01:09:44,515225,3940.0
29,2021-09-01 02:09:38,515225,3940.0
30,2021-09-01 02:09:56,515225,3810.0
31,2021-09-01 03:09:13,515228,3980.0
32,2021-09-01 04:09:51,515230,4010.0
33,2021-09-01 05:09:52,515230,4010.0
34,2021-09-01 09:09:20,515238,4069.0
35,2021-09-01 10:09:24,515238,4060.0
36,2021-09-01 11:09:37,515240,3990.0
37,2021-09-02 01:09:50,515240,3871.0
38,2021-09-02 05:09:26,515242,4030.0
39,2021-09-02 05:09:53,515242,4030.0
40,2021-09-02 05:09:56,515242,3960.0
41,2021-09-02 06:09:48,515242,4050.0
42,2021-09-02 07:09:33,515243,3910.0
43,2021-09-02 08:09:32,515243,3821.0
44,2021-09-02 09:09:04,515243,3940.0
45,2021-09-02 09:09:12,515243,3960.0
46,2021-09-02 10:09:49,515243,3830.0
47,2021-09-02 11:09:23,515243,3940.0
48,2021-09-02 11:09:43,515243,4049.0
49,2021-09-02 01:09:52,515244,3850.0
50,2021-09-02 11:09:24,515244,4029.0
51,2021-09-02 11:09:41,515244,3999.0
52,2021-09-02 12:09:02,515244,3930.0
53,2021-09-02 12:09:08,515244,3960.0
54,2021-09-02 12:09:58,515244,4051.0
55,2021-09-02 02:09:20,515246,3951.0
56,2021-09-02 03:09:03,515246,3929.0
57,2021-09-02 02:09:33,515247,3950.0
58,2021-09-02 03:09:15,515248,3919.0
59,2021-09-02 05:09:31,515251,3950.0
60,2021-09-02 06:09:04,515251,4040.0
61,2021-09-02 07:09:57,515251,4039.0
62,2021-09-02 06:09:34,515252,3940.0
63,2021-09-02 07:09:54,515254,3939.0
64,2021-09-02 08:09:13,515257,4071.0
65,2021-09-02 09:09:02,515257,3989.0
66,2021-09-03 01:09:53,515260,3880.0
67,2021-09-03 01:09:55,515260,3931.0
68,2021-09-03 02:09:37,515260,4021.0
69,2021-09-03 12:09:15,515260,3930.0
70,2021-09-03 12:09:55,515260,3959.0
71,2021-09-03 05:09:11,515262,4010.0
72,2021-09-03 06:09:08,515262,3959.0
73,2021-09-03 06:09:17,515262,4041.0
74,2021-09-03 07:09:46,515262,4040.0
75,2021-09-03 08:09:24,515263,4050.0
76,2021-09-03 09:09:22,515263,3921.0
77,2021-09-03 09:09:34,515263,3992.0
78,2021-09-03 09:09:34,515263,4020.0
79,2021-09-03 09:09:36,515263,3940.0
80,2021-09-03 10:09:04,515263,3831.0
81,2021-09-03 10:09:27,515263,4019.0
82,2021-09-03 10:09:50,515263,3840.0
83,2021-09-03 10:09:54,515263,3979.0
84,2021-09-03 09:09:38,515264,3930.0
85,2021-09-03 10:09:54,515264,4060.0
86,2021-09-03 01:09:45,515265,4040.0
87,2021-09-03 12:09:45,515265,3950.0
88,2021-09-03 01:09:13,515266,3958.0
89,2021-09-03 02:09:11,515266,3840.0
90,2021-09-03 12:09:24,515266,4010.0
91,2021-09-03 03:09:24,515268,4038.0
92,2021-09-03 03:09:47,515268,4028.0
93,2021-09-03 04:09:01,515268,4061.0
94,2021-09-03 04:09:04,515269,3981.0
95,2021-09-03 05:09:48,515272,3960.0
96,2021-09-03 10:09:50,515275,3950.0
97,2021-09-03 11:09:38,515277,3950.0
98,2021-09-04 01:09:29,515277,4001.0
99,2021-09-04 01:09:50,515277,4040.0
100,2021-09-04 01:09:52,515277,3989.0
101,2021-09-04 02:09:37,515277,4070.0
102,2021-09-04 02:09:51,515277,4001.0
103,2021-09-04 12:09:20,515277,3910.0
104,2021-09-04 12:09:39,515277,4050.0
105,2021-09-04 12:09:40,515277,3940.0
106,2021-09-04 12:09:48,515277,3971.0
107,2021-09-04 02:09:15,515278,3991.0
108,2021-09-04 03:09:49,515278,3979.0
109,2021-09-04 05:09:06,515279,3981.0
110,2021-09-04 05:09:07,515279,4070.0
111,2021-09-04 06:09:02,515279,3950.0
112,2021-09-04 06:09:52,515279,4050.0
113,2021-09-04 10:09:26,515281,3940.0
114,2021-09-05 04:09:13,515282,3971.0
115,2021-09-05 05:09:01,515282,3880.0
116,2021-09-05 07:09:19,515282,3990.0
117,2021-09-05 08:09:11,515282,3990.0
118,2021-09-06 01:09:32,515282,3951.0
119,2021-09-06 05:09:44,515282,4061.0
120,2021-09-06 06:09:57,515282,4030.0
121,2021-09-06 08:09:04,515282,3980.0
122,2021-09-06 08:09:18,515282,3940.0
123,2021-09-06 08:09:39,515282,3880.0
124,2021-09-06 09:09:11,515282,4001.0
125,2021-09-06 09:09:26,515282,3989.0
126,2021-09-06 10:09:31,515282,3959.0
127,2021-09-06 11:09:19,515282,3979.0
128,2021-09-06 11:09:29,515282,3930.0
129,2021-09-06 11:09:36,515282,4060.0
130,2021-09-06 12:09:10,515282,3841.0
131,2021-09-06 12:09:21,515282,3871.0
132,2021-09-06 12:09:21,515282,4020.0
133,2021-09-06 01:09:19,515283,4029.0
134,2021-09-06 12:09:56,515283,3962.0
135,2021-09-06 01:09:26,515284,4060.0
136,2021-09-06 01:09:11,515285,3969.0
137,2021-09-06 02:09:34,515285,3841.0
138,2021-09-06 03:09:08,515286,3991.0
139,2021-09-06 03:09:33,515286,3960.0
140,2021-09-06 03:09:51,515286,4021.0
141,2021-09-06 04:09:07,515286,4040.0
142,2021-09-06 05:09:27,515290,3970.0
143,2021-09-06 06:09:01,515290,4031.0
144,2021-09-06 06:09:11,515290,4000.0
145,2021-09-06 06:09:34,515290,3860.0
146,2021-09-06 07:09:57,515291,4070.0
147,2021-09-06 08:09:28,515291,4020.0
148,2021-09-06 08:09:15,515292,4060.0
149,2021-09-06 08:09:01,515293,4020.0
150,2021-09-06 09:09:42,515293,4021.0
151,2021-09-06 10:09:24,515293,3830.0
152,2021-09-06 10:09:47,515293,4041.0
153,2021-09-06 09:09:16,515294,4019.0
154,2021-09-06 09:09:17,515294,3910.0
155,2021-09-06 09:09:45,515294,4010.0
156,2021-09-06 10:09:03,515294,3860.0
157,2021-09-06 10:09:09,515294,3980.0
158,2021-09-06 10:09:47,515294,4021.0
159,2021-09-06 10:09:23,515295,3970.0
160,2021-09-06 11:09:37,515295,4030.0
161,2021-09-07 12:09:39,515296,3920.0
162,2021-09-07 02:09:28,515297,4030.0
163,2021-09-07 03:09:38,515297,3960.0
164,2021-09-07 05:09:57,515303,3891.0
165,2021-09-07 06:09:49,515303,4059.0
166,2021-09-07 05:09:17,515304,3900.0
167,2021-09-07 06:09:16,515304,3939.0
168,2021-09-07 06:09:34,515304,3990.0
169,2021-09-07 08:09:22,515304,4000.0
170,2021-09-07 08:09:54,515304,4030.0
171,2021-09-07 09:09:28,515304,4031.0
172,2021-09-07 10:09:29,515308,4011.0
173,2021-09-07 10:09:57,515308,4071.0
174,2021-09-07 11:09:41,515308,3991.0
175,2021-09-07 11:09:51,515308,4050.0
176,2021-09-07 12:09:21,515308,4061.0
177,2021-09-07 12:09:23,515308,4009.0
178,2021-09-07 12:09:25,515308,4041.0
179,2021-09-07 12:09:29,515308,4041.0
180,2021-09-07 01:09:01,515309,3909.0
181,2021-09-07 01:09:04,515309,3980.0
182,2021-09-07 01:09:23,515309,3939.0
183,2021-09-07 01:09:48,515309,3949.0
184,2021-09-07 02:09:09,515309,4001.0
185,2021-09-07 02:09:22,515309,3970.0
186,2021-09-07 02:09:24,515309,4061.0
187,2021-09-07 02:09:34,515309,3830.0
188,2021-09-07 02:09:42,515309,3861.0
189,2021-09-07 03:09:09,515309,4019.0
190,2021-09-07 03:09:11,515309,3960.0
191,2021-09-07 03:09:12,515309,4031.0
192,2021-09-07 03:09:13,515309,4038.0
193,2021-09-07 03:09:18,515309,4000.0
194,2021-09-07 03:09:30,515309,4030.0
195,2021-09-07 03:09:32,515309,4019.0
196,2021-09-07 03:09:43,515309,3951.0
197,2021-09-07 03:09:46,515309,3840.0
198,2021-09-07 03:09:52,515309,4050.0
199,2021-09-07 06:09:03,515309,4020.0
200,2021-09-07 06:09:25,515309,3859.0
201,2021-09-07 07:09:24,515309,3910.0
202,2021-09-07 07:09:56,515309,4030.0
203,2021-09-07 12:09:34,515309,4010.0
204,2021-09-07 01:09:22,515310,3960.0
205,2021-09-07 02:09:18,515310,3990.0
206,2021-09-07 03:09:10,515310,3949.0
207,2021-09-07 03:09:12,515310,3849.0
208,2021-09-07 03:09:47,515310,3940.0
209,2021-09-07 12:09:03,515310,3940.0
210,2021-09-07 02:09:22,515311,3940.0
211,2021-09-07 02:09:48,515311,4030.0
212,2021-09-07 03:09:02,515311,3961.0
213,2021-09-07 03:09:03,515311,4050.0
214,2021-09-07 03:09:10,515311,4060.0
215,2021-09-07 03:09:20,515311,3961.0
216,2021-09-07 04:09:01,515311,3979.0
217,2021-09-07 04:09:01,515311,4000.0
218,2021-09-07 04:09:31,515311,3950.0
219,2021-09-07 04:09:55,515311,3831.0
220,2021-09-07 05:09:14,515311,4060.0
221,2021-09-07 05:09:26,515311,4031.0
222,2021-09-07 05:09:53,515311,4029.0
223,2021-09-07 05:09:54,515311,3981.0
224,2021-09-07 04:09:29,515313,4029.0
225,2021-09-07 05:09:51,515313,4030.0
226,2021-09-07 05:09:52,515313,3960.0
227,2021-09-07 06:09:07,515313,4081.0
228,2021-09-07 06:09:51,515313,4009.0
229,2021-09-07 07:09:10,515313,3978.0
230,2021-09-07 07:09:58,515313,3908.0
231,2021-09-07 08:09:04,515313,3991.0
232,2021-09-07 08:09:29,515313,4029.0
233,2021-09-07 08:09:41,515313,4050.0
234,2021-09-07 09:09:08,515313,3870.0
235,2021-09-07 09:09:58,515313,3900.0
236,2021-09-07 07:09:34,515314,3931.0
237,2021-09-07 08:09:00,515314,3930.0
238,2021-09-07 08:09:28,515314,3940.0
239,2021-09-07 08:09:52,515314,3941.0
240,2021-09-07 09:09:04,515314,3950.0
241,2021-09-07 09:09:48,515314,3961.0
242,2021-09-07 10:09:04,515314,4019.0
243,2021-09-07 10:09:32,515314,4030.0
244,2021-09-07 10:09:39,515314,3950.0
245,2021-09-07 10:09:41,515314,3990.0
246,2021-09-07 10:09:48,515314,4009.0
247,2021-09-07 10:09:57,515314,3920.0
248,2021-09-07 11:09:00,515314,3938.0
249,2021-09-07 11:09:25,515314,3940.0
250,2021-09-08 12:09:12,515314,3850.0
251,2021-09-08 12:09:13,515314,3991.0
252,2021-09-08 12:09:39,515314,4030.0
253,2021-09-08 12:09:58,515314,4030.0
254,2021-09-07 11:09:52,515317,4011.0
255,2021-09-08 01:09:21,515317,4030.0
256,2021-09-08 01:09:55,515317,4150.0
257,2021-09-08 12:09:24,515317,4050.0
258,2021-09-08 01:09:41,515318,3949.0
259,2021-09-08 02:09:39,515318,3910.0
260,2021-09-08 03:09:12,515318,4040.0
261,2021-09-08 03:09:40,515318,4010.0
262,2021-09-08 05:09:50,515318,3909.0
263,2021-09-08 06:09:03,515318,3940.0
264,2021-09-08 06:09:08,515318,3960.0
265,2021-09-08 06:09:27,515318,3899.0
266,2021-09-08 06:09:55,515318,4041.0
267,2021-09-08 07:09:04,515318,3948.0
268,2021-09-08 07:09:09,515318,3989.0
269,2021-09-08 07:09:24,515318,3960.0
270,2021-09-08 07:09:26,515318,3940.0
271,2021-09-08 07:09:40,515318,3871.0
272,2021-09-08 08:09:26,515318,4040.0
273,2021-09-08 10:09:50,515318,4030.0
274,2021-09-08 11:09:13,515318,4060.0
275,2021-09-08 11:09:26,515318,3960.0
276,2021-09-08 11:09:29,515318,3941.0
277,2021-09-08 11:09:46,515318,4081.0
278,2021-09-08 11:09:53,515318,4040.0
279,2021-09-08 11:09:58,515318,3931.0
280,2021-09-08 01:09:02,515320,3950.0
281,2021-09-08 02:09:44,515320,3960.0
282,2021-09-08 02:09:15,515321,4029.0
283,2021-09-08 02:09:18,515321,4091.0
284,2021-09-08 02:09:48,515321,4029.0
285,2021-09-08 02:09:51,515321,3950.0
286,2021-09-08 03:09:46,515321,3900.0
287,2021-09-08 04:09:48,515323,3919.0
288,2021-09-08 05:09:04,515323,3960.0
289,2021-09-08 06:09:00,515323,3830.0
290,2021-09-08 09:09:36,515323,4050.0
291,2021-09-08 10:09:00,515323,4011.0
292,2021-09-08 04:09:46,515324,3969.0
293,2021-09-08 05:09:31,515324,3949.0
294,2021-09-08 05:09:49,515324,4030.0
295,2021-09-08 05:09:56,515324,3999.0
296,2021-09-08 06:09:31,515325,3978.0
297,2021-09-08 10:09:06,515325,4010.0
298,2021-09-08 10:09:59,515325,4000.0
299,2021-09-08 11:09:28,515325,3930.0
300,2021-09-09 12:09:55,515325,3970.0
301,2021-09-08 11:09:13,515326,3930.0
302,2021-09-08 11:09:59,515326,4010.0
303,2021-09-09 12:09:37,515326,3870.0
304,2021-09-08 11:09:33,515327,3920.0
305,2021-09-09 12:09:03,515327,4030.0
306,2021-09-09 02:09:14,515334,3990.0
307,2021-09-09 03:09:48,515335,3950.0
308,2021-09-09 04:09:54,515335,4000.0
309,2021-09-09 04:09:57,515335,4030.0
310,2021-09-09 03:09:40,515336,3910.0
311,2021-09-09 03:09:49,515336,3980.0
312,2021-09-09 06:09:46,515337,3920.0
313,2021-09-09 06:09:07,515338,4009.0
314,2021-09-09 08:09:16,515338,3951.0
315,2021-09-09 09:09:19,515341,3920.0
316,2021-09-09 09:09:51,515341,3941.0
317,2021-09-09 09:09:58,515341,3940.0
318,2021-09-09 10:09:23,515341,4030.0
319,2021-09-09 10:09:28,515341,4070.0
320,2021-09-09 10:09:28,515341,3950.0
321,2021-09-09 11:09:12,515341,3981.0
322,2021-09-09 11:09:22,515341,3961.0
323,2021-09-09 11:09:24,515341,4089.0
324,2021-09-09 11:09:48,515341,4019.0
325,2021-09-09 12:09:12,515341,3940.0
326,2021-09-09 12:09:21,515341,4040.0
327,2021-09-09 01:09:36,515342,3921.0
328,2021-09-09 02:09:19,515342,4050.0
329,2021-09-09 03:09:38,515344,4040.0
330,2021-09-09 04:09:24,515344,3950.0
331,2021-09-09 04:09:39,515344,3919.0
332,2021-09-09 05:09:46,515345,4020.0
333,2021-09-09 07:09:09,515347,3911.0
334,2021-09-09 08:09:56,515347,4020.0
335,2021-09-09 08:09:38,515348,4021.0
336,2021-09-09 10:09:48,515350,3920.0
337,2021-09-09 10:09:51,515350,4010.0
338,2021-09-09 11:09:18,515351,4040.0
339,2021-09-09 11:09:53,515351,4029.0
340,2021-09-09 11:09:55,515351,3920.0
341,2021-09-10 12:09:04,515351,4039.0
342,2021-09-10 12:09:45,515351,3980.0
343,2021-09-10 01:09:14,515352,3840.0
344,2021-09-10 12:09:06,515352,3969.0
345,2021-09-10 12:09:39,515352,4059.0
346,2021-09-10 12:09:44,515352,3958.0
347,2021-09-10 02:09:09,515356,3919.0
348,2021-09-10 03:09:15,515356,4040.0
349,2021-09-10 03:09:44,515356,3960.0
350,2021-09-10 04:09:37,515356,4000.0
351,2021-09-10 04:09:58,515357,3910.0
352,2021-09-10 05:09:09,515358,4060.0
353,2021-09-10 06:09:44,515362,4040.0
354,2021-09-10 07:09:37,515362,4040.0
355,2021-09-10 06:09:17,515364,4070.0
356,2021-09-10 06:09:46,515364,3950.0
357,2021-09-10 01:09:16,515366,4139.0
358,2021-09-10 01:09:32,515366,3931.0
359,2021-09-10 01:09:37,515366,3932.0
360,2021-09-10 01:09:43,515366,3970.0
361,2021-09-10 01:09:48,515366,3960.0
362,2021-09-10 01:09:51,515366,4040.0
363,2021-09-10 02:09:09,515366,3992.0
364,2021-09-10 02:09:21,515366,4030.0
365,2021-09-10 02:09:40,515366,3931.0
366,2021-09-10 08:09:33,515366,3950.0
367,2021-09-10 08:09:38,515366,3900.0
368,2021-09-10 10:09:32,515366,4070.0
369,2021-09-10 10:09:56,515366,4078.0
370,2021-09-10 02:09:08,515367,3960.0
371,2021-09-10 02:09:31,515367,3970.0
372,2021-09-10 02:09:51,515367,4008.0
373,2021-09-10 03:09:51,515367,3879.0
374,2021-09-10 02:09:46,515368,3940.0
375,2021-09-10 04:09:25,515368,4080.0
376,2021-09-10 04:09:10,515369,3940.0
377,2021-09-10 05:09:56,515371,3949.0
378,2021-09-10 05:09:18,515373,4060.0
379,2021-09-13 04:09:35,515375,3929.0
380,2021-09-10 09:09:53,515377,4029.0
381,2021-09-10 11:09:49,515378,3970.0
382,2021-09-10 11:09:16,515379,3950.0
383,2021-09-11 12:09:27,515379,3960.0
384,2021-09-11 01:09:21,515380,4049.0
385,2021-09-11 12:09:47,515380,3980.0
386,2021-09-11 01:09:20,515381,3991.0
387,2021-09-11 01:09:44,515381,3971.0
388,2021-09-11 02:09:02,515381,3940.0
389,2021-09-13 04:09:14,515381,3930.0
390,2021-09-13 06:09:19,515382,3970.0
391,2021-09-13 07:09:50,515382,4010.0
392,2021-09-11 02:09:11,515385,3970.0
393,2021-09-11 03:09:41,515385,3920.0
394,2021-09-11 05:09:45,515387,3950.0
395,2021-09-11 01:09:17,515388,4051.0
396,2021-09-11 12:09:32,515388,3960.0
397,2021-09-11 08:09:59,515389,3900.0
398,2021-09-12 05:09:31,515390,4020.0
399,2021-09-12 03:09:07,515391,3940.0
400,2021-09-13 04:09:30,515391,3929.0
401,2021-09-13 05:09:05,515391,4033.0
402,2021-09-13 05:09:40,515391,4000.0
403,2021-09-13 06:09:05,515391,3973.0
404,2021-09-13 06:09:21,515391,4010.0
405,2021-09-13 07:09:20,515391,3920.0
406,2021-09-13 07:09:34,515391,4009.0
407,2021-09-13 07:09:58,515391,3920.0
408,2021-09-13 01:09:21,515393,4079.0
409,2021-09-13 10:09:53,515393,4070.0
410,2021-09-13 11:09:14,515393,4030.0
411,2021-09-13 11:09:27,515393,4040.0
412,2021-09-13 12:09:43,515393,4030.0
413,2021-09-13 01:09:42,515394,4082.0
414,2021-09-13 11:09:55,515394,3900.0
415,2021-09-13 12:09:48,515394,3900.0
416,2021-09-14 12:09:09,515396,4039.0
417,2021-09-14 12:09:28,515396,3950.0
418,2021-09-14 01:09:05,515397,3980.0
419,2021-09-14 01:09:05,515397,3980.0
420,2021-09-14 07:09:01,515397,3949.0
421,2021-09-14 09:09:38,515397,3960.0
422,2021-09-14 11:09:20,515397,4060.0
423,2021-09-14 11:09:41,515397,4030.0
424,2021-09-13 03:09:30,515398,3911.0
425,2021-09-14 07:09:18,515398,3950.0
426,2021-09-14 09:09:39,515398,3900.0
427,2021-09-14 09:09:50,515398,4010.0
428,2021-09-14 09:09:49,515399,3940.0
429,2021-09-14 12:09:47,515399,3991.0
430,2021-09-14 08:09:46,515401,4030.0
431,2021-09-14 02:09:19,515403,3921.0
432,2021-09-14 08:09:00,515403,3960.0
433,2021-09-14 09:09:11,515403,3960.0
434,2021-09-14 09:09:22,515403,3970.0
435,2021-09-14 09:09:49,515403,3960.0
436,2021-09-14 11:09:35,515403,4019.0
437,2021-09-14 11:09:41,515403,4040.0
438,2021-09-14 12:09:35,515403,4060.0
439,2021-09-14 12:09:38,515403,3911.0
440,2021-09-14 05:09:13,515405,3919.0
441,2021-09-14 05:09:39,515405,3930.0
442,2021-09-14 06:09:18,515405,4009.0
443,2021-09-14 07:09:10,515405,3950.0
444,2021-09-14 07:09:36,515405,3921.0
445,2021-09-14 07:09:52,515405,3909.0
446,2021-09-14 08:09:40,515405,3961.0
447,2021-09-14 08:09:20,515406,4019.0
448,2021-09-14 09:09:02,515406,4030.0
449,2021-09-14 09:09:18,515406,3920.0
450,2021-09-14 09:09:51,515406,3880.0
451,2021-09-14 09:09:57,515406,3930.0
452,2021-09-14 10:09:12,515406,3962.0
453,2021-09-14 10:09:15,515406,3971.0
454,2021-09-14 10:09:34,515406,4041.0
455,2021-09-14 11:09:29,515406,4049.0
456,2021-09-15 12:09:12,515406,3850.0
457,2021-09-15 12:09:16,515406,3920.0
458,2021-09-14 10:09:18,515407,3970.0
459,2021-09-14 11:09:38,515407,4020.0
460,2021-09-14 07:09:05,515409,4050.0
461,2021-09-14 11:09:09,515410,3980.0
462,2021-09-14 11:09:23,515410,3970.0
463,2021-09-14 11:09:30,515410,4040.0
464,2021-09-14 11:09:40,515410,3940.0
465,2021-09-14 11:09:47,515410,3991.0
466,2021-09-15 01:09:45,515410,4100.0
467,2021-09-15 12:09:18,515410,4070.0
468,2021-09-15 12:09:32,515412,3970.0
469,2021-09-15 02:09:35,515415,4031.0
470,2021-09-15 03:09:41,515415,3940.0
471,2021-09-15 05:09:55,515415,4020.0
472,2021-09-15 03:09:23,515416,3920.0
473,2021-09-15 03:09:44,515416,3930.0
474,2021-09-15 04:09:02,515416,3981.0
475,2021-09-15 04:09:48,515416,3950.0
476,2021-09-15 06:09:18,515416,3919.0
477,2021-09-15 06:09:54,515416,3919.0
478,2021-09-15 07:09:44,515416,4072.0
479,2021-09-15 01:09:00,515418,3971.0
480,2021-09-15 01:09:40,515418,3939.0
481,2021-09-15 02:09:00,515418,3941.0
482,2021-09-15 02:09:03,515418,3999.0
483,2021-09-15 02:09:20,515418,3930.0
484,2021-09-15 02:09:21,515418,3960.0
485,2021-09-15 08:09:08,515418,3970.0
486,2021-09-15 08:09:32,515418,3920.0
487,2021-09-15 10:09:38,515418,4040.0
488,2021-09-15 02:09:22,515420,4060.0
489,2021-09-15 06:09:55,515420,3869.0
490,2021-09-15 07:09:06,515422,4031.0
491,2021-09-15 04:09:35,515423,3950.0
492,2021-09-15 06:09:27,515424,4010.0
493,2021-09-15 07:09:03,515428,3919.0
494,2021-09-15 07:09:13,515428,3940.0
495,2021-09-15 07:09:25,515428,4020.0
496,2021-09-15 08:09:43,515428,3900.0
497,2021-09-15 08:09:54,515428,3958.0
498,2021-09-15 07:09:02,515429,3990.0
499,2021-09-15 08:09:14,515429,3879.0
500,2021-09-15 09:09:25,515429,3969.0
501,2021-09-15 09:09:47,515429,4042.0
502,2021-09-15 11:09:53,515429,4059.0
503,2021-09-15 09:09:12,515430,3950.0
504,2021-09-15 09:09:58,515430,3950.0
505,2021-09-15 09:09:29,515431,3980.0
506,2021-09-15 11:09:59,515432,3960.0
507,2021-09-16 01:09:34,515432,3940.0
508,2021-09-16 01:09:41,515434,3942.0
509,2021-09-16 01:09:18,515435,3961.0
510,2021-09-16 02:09:08,515435,4070.0
511,2021-09-16 01:09:49,515436,3930.0
512,2021-09-16 02:09:02,515436,3990.0
513,2021-09-16 02:09:47,515436,3872.0
514,2021-09-16 02:09:19,515438,4000.0
515,2021-09-16 02:09:09,515442,4030.0
516,2021-09-16 05:09:33,515442,3980.0
517,2021-09-16 06:09:34,515442,3960.0
518,2021-09-16 06:09:38,515442,3911.0
519,2021-09-16 06:09:36,515444,3919.0
520,2021-09-16 08:09:23,515444,3989.0
521,2021-09-16 08:09:07,515446,3980.0
522,2021-09-16 08:09:22,515446,3960.0
523,2021-09-16 08:09:35,515446,3980.0
524,2021-09-16 09:09:02,515446,3971.0
525,2021-09-16 09:09:45,515446,4059.0
526,2021-09-16 10:09:39,515446,4030.0
527,2021-09-16 11:09:45,515446,4030.0
528,2021-09-16 12:09:49,515446,3960.0
529,2021-09-16 12:09:52,515446,3920.0
530,2021-09-16 01:09:22,515449,4000.0
531,2021-09-16 01:09:35,515449,3930.0
532,2021-09-16 05:09:15,515449,4040.0
533,2021-09-16 05:09:18,515449,4049.0
534,2021-09-16 05:09:24,515449,3939.0
535,2021-09-16 05:09:45,515449,3940.0
536,2021-09-16 07:09:04,515449,4010.0
537,2021-09-16 08:09:22,515449,3880.0
538,2021-09-16 08:09:30,515449,4030.0
539,2021-09-16 10:09:07,515449,4031.0
540,2021-09-16 10:09:32,515449,4121.0
541,2021-09-16 10:09:53,515449,3800.0
542,2021-09-16 11:09:01,515449,3819.0
543,2021-09-16 11:09:33,515449,4030.0
544,2021-09-16 12:09:08,515449,3970.0
545,2021-09-16 06:09:17,515451,3920.0
546,2021-09-16 06:09:44,515451,3980.0
547,2021-09-16 08:09:07,515451,3980.0
548,2021-09-16 08:09:15,515451,4011.0
549,2021-09-16 08:09:45,515451,3939.0
550,2021-09-16 10:09:09,515451,4069.0
551,2021-09-16 10:09:39,515451,4040.0
552,2021-09-16 10:09:40,515451,3810.0
553,2021-09-16 11:09:08,515451,3930.0
554,2021-09-17 01:09:49,515451,4040.0
555,2021-09-17 12:09:08,515451,4001.0
556,2021-09-16 09:09:48,515452,3960.0
557,2021-09-16 11:09:25,515452,3989.0
558,2021-09-16 09:09:03,515453,3940.0
559,2021-09-16 09:09:33,515453,3980.0
560,2021-09-17 02:09:17,515453,4020.0
561,2021-09-17 02:09:44,515453,4021.0
562,2021-09-17 02:09:39,515454,4019.0
563,2021-09-17 12:09:20,515454,3929.0
564,2021-09-16 09:09:46,515455,4030.0
565,2021-09-17 05:09:39,515455,3990.0
566,2021-09-17 05:09:50,515455,4010.0
567,2021-09-17 12:09:45,515455,4000.0
568,2021-09-16 11:09:39,515456,4030.0
569,2021-09-17 02:09:11,515456,3920.0
570,2021-09-17 02:09:03,515457,3940.0
571,2021-09-17 12:09:41,515457,3969.0
572,2021-09-17 02:09:15,515458,4040.0
573,2021-09-17 05:09:05,515458,4040.0
574,2021-09-17 05:09:14,515458,4010.0
575,2021-09-17 12:09:44,515458,3950.0
576,2021-09-17 02:09:12,515459,3879.0
577,2021-09-17 05:09:43,515459,3870.0
578,2021-09-17 05:09:48,515459,4040.0
579,2021-09-17 12:09:27,515459,4042.0
580,2021-09-17 12:09:50,515460,4079.0
581,2021-09-17 12:09:18,515461,4049.0
582,2021-09-17 04:09:46,515467,3940.0
583,2021-09-17 05:09:01,515467,3999.0
584,2021-09-17 06:09:12,515467,4002.0
585,2021-09-17 07:09:42,515467,3960.0
586,2021-09-17 07:09:52,515469,3930.0
587,2021-09-17 07:09:53,515469,3940.0
588,2021-09-17 08:09:42,515469,4010.0
589,2021-09-17 01:09:00,515470,3890.0
590,2021-09-17 01:09:07,515470,3991.0
591,2021-09-17 02:09:07,515470,3840.0
592,2021-09-17 08:09:08,515470,4049.0
593,2021-09-17 10:09:02,515470,3958.0
594,2021-09-17 10:09:57,515470,3960.0
595,2021-09-17 11:09:37,515470,3950.0
596,2021-09-17 11:09:56,515470,3910.0
597,2021-09-17 11:09:57,515470,3999.0
598,2021-09-17 12:09:12,515470,3999.0
599,2021-09-17 12:09:18,515470,3949.0
600,2021-09-17 01:09:17,515471,4020.0
601,2021-09-17 02:09:57,515471,4050.0
602,2021-09-17 01:09:47,515472,3970.0
603,2021-09-17 02:09:03,515472,3939.0
604,2021-09-17 02:09:22,515472,3991.0
605,2021-09-17 02:09:24,515472,3930.0
606,2021-09-17 02:09:36,515472,4010.0
607,2021-09-17 02:09:41,515472,3940.0
608,2021-09-17 03:09:02,515472,4070.0
609,2021-09-17 04:09:40,515472,4061.0
610,2021-09-17 04:09:52,515472,3989.0
611,2021-09-17 02:09:31,515473,3950.0
612,2021-09-17 04:09:54,515474,4020.0
613,2021-09-17 05:09:23,515475,3931.0
614,2021-09-17 05:09:26,515475,3940.0
615,2021-09-17 05:09:39,515475,4041.0
616,2021-09-17 05:09:05,515476,3940.0
617,2021-09-17 05:09:01,515478,4002.0
618,2021-09-17 05:09:47,515478,4029.0
619,2021-09-17 07:09:43,515481,4090.0
620,2021-09-17 09:09:48,515482,3959.0
621,2021-09-18 12:09:56,515487,3930.0
622,2021-09-18 12:09:59,515487,4011.0
623,2021-09-18 01:09:29,515489,3951.0
624,2021-09-18 01:09:46,515489,3991.0
625,2021-09-18 03:09:39,515489,3909.0
626,2021-09-18 02:09:41,515491,4030.0
627,2021-09-18 02:09:21,515492,3952.0
628,2021-09-18 06:09:04,515499,4020.0
629,2021-09-18 07:09:38,515499,3881.0
630,2021-09-18 08:09:36,515503,4050.0
631,2021-09-18 12:09:33,515503,4019.0
632,2021-09-19 01:09:45,515504,3950.0
633,2021-09-19 01:09:28,515505,3940.0
634,2021-09-19 08:09:47,515507,4121.0
635,2021-09-20 06:09:46,515507,3981.0
636,2021-09-20 07:09:04,515507,4050.0
637,2021-09-20 08:09:11,515507,3998.0
638,2021-09-20 10:09:10,515507,4030.0
639,2021-09-20 11:09:06,515507,3939.0
640,2021-09-20 11:09:29,515507,4060.0
641,2021-09-20 11:09:50,515507,3949.0
642,2021-09-20 12:09:07,515507,3960.0
643,2021-09-20 12:09:39,515507,4011.0
644,2021-09-20 12:09:41,515507,3961.0
645,2021-09-20 12:09:38,515508,4020.0
646,2021-09-20 01:09:38,515510,3960.0
647,2021-09-20 02:09:48,515510,4060.0
648,2021-09-20 03:09:14,515511,4019.0
649,2021-09-20 03:09:16,515511,3929.0
650,2021-09-20 03:09:29,515511,4049.0
651,2021-09-20 03:09:42,515511,4010.0
652,2021-09-20 05:09:18,515511,3959.0
653,2021-09-20 07:09:00,515514,3980.0
654,2021-09-20 07:09:49,515514,4031.0
655,2021-09-20 08:09:23,515514,3960.0
656,2021-09-20 08:09:24,515514,4009.0
657,2021-09-20 09:09:20,515514,3961.0
658,2021-09-20 09:09:50,515515,4061.0
659,2021-09-20 10:09:01,515515,4020.0
660,2021-09-21 01:09:04,515515,3951.0
661,2021-09-21 02:09:23,515515,4039.0
662,2021-09-21 07:09:43,515519,3940.0
663,2021-09-21 08:09:18,515519,4050.0
664,2021-09-21 08:09:56,515519,3951.0
665,2021-09-21 09:09:13,515519,4041.0
666,2021-09-21 10:09:53,515519,3951.0
667,2021-09-21 11:09:04,515519,4040.0
668,2021-09-21 01:09:30,515520,3940.0
669,2021-09-21 01:09:53,515520,4140.0
670,2021-09-21 02:09:15,515520,4000.0
671,2021-09-21 10:09:49,515520,3941.0
672,2021-09-21 02:09:20,515522,4021.0
673,2021-09-21 03:09:31,515522,4040.0
674,2021-09-21 04:09:44,515523,3940.0
675,2021-09-21 05:09:39,515523,3920.0
676,2021-09-21 02:09:36,515524,4081.0
677,2021-09-21 04:09:35,515524,3950.0
678,2021-09-21 05:09:08,515524,3931.0
679,2021-09-21 06:09:05,515524,4050.0
680,2021-09-21 05:09:00,515525,3970.0
681,2021-09-21 06:09:58,515526,3910.0
682,2021-09-21 05:09:51,515527,4010.0
683,2021-09-21 05:09:30,515528,4069.0
684,2021-09-21 07:09:13,515529,4051.0
685,2021-09-21 06:09:49,515530,3989.0
686,2021-09-21 08:09:04,515530,4020.0
687,2021-09-21 08:09:14,515530,4019.0
688,2021-09-21 08:09:44,515530,3971.0
689,2021-09-21 08:09:54,515531,4040.0
690,2021-09-21 09:09:55,515532,3940.0
691,2021-09-21 10:09:48,515532,4021.0
692,2021-09-21 11:09:07,515536,3940.0
693,2021-09-22 12:09:59,515536,3881.0
694,2021-09-22 02:09:38,515538,4049.0
695,2021-09-22 05:09:45,515538,3930.0
696,2021-09-22 05:09:58,515538,3920.0
697,2021-09-22 06:09:54,515538,4230.0
698,2021-09-22 07:09:24,515538,3990.0
699,2021-09-22 07:09:27,515538,4021.0
700,2021-09-22 09:09:19,515539,4051.0
701,2021-09-22 10:09:14,515539,3970.0
702,2021-09-22 10:09:24,515539,3969.0
703,2021-09-22 10:09:46,515539,4011.0
704,2021-09-22 11:09:45,515539,3881.0
705,2021-09-22 01:09:55,515540,4030.0
706,2021-09-22 12:09:32,515540,3941.0
707,2021-09-22 01:09:36,515541,3930.0
708,2021-09-22 12:09:11,515541,3971.0
709,2021-09-22 12:09:28,515541,3940.0
710,2021-09-22 12:09:35,515541,4191.0
711,2021-09-22 03:09:14,515543,3980.0
712,2021-09-22 03:09:29,515543,3980.0
713,2021-09-22 03:09:22,515544,3940.0
714,2021-09-22 04:09:13,515545,3950.0
715,2021-09-22 06:09:11,515546,3930.0
716,2021-09-22 04:09:02,515547,3980.0
717,2021-09-22 04:09:06,515547,4050.0
718,2021-09-22 04:09:25,515547,4009.0
719,2021-09-22 05:09:26,515547,3960.0
720,2021-09-22 05:09:54,515549,3921.0
721,2021-09-22 07:09:24,515551,3899.0
722,2021-09-22 08:09:59,515551,3830.0
723,2021-09-22 08:09:11,515553,3939.0
724,2021-09-23 01:09:49,515559,4030.0
725,2021-09-23 12:09:23,515559,3899.0
726,2021-09-23 05:09:13,515562,3910.0
727,2021-09-23 05:09:32,515562,3971.0
728,2021-09-23 06:09:06,515562,4079.0
729,2021-09-23 06:09:41,515562,4029.0
730,2021-09-23 07:09:09,515562,3990.0
731,2021-09-23 07:09:18,515562,3870.0
732,2021-09-23 08:09:30,515562,4049.0
733,2021-09-23 08:09:37,515562,4060.0
734,2021-09-23 08:09:52,515562,4041.0
735,2021-09-23 08:09:59,515562,4030.0
736,2021-09-23 09:09:28,515562,3930.0
737,2021-09-23 09:09:47,515562,3870.0
738,2021-09-23 10:09:30,515562,3940.0
739,2021-09-23 11:09:07,515563,3910.0
740,2021-09-23 11:09:29,515564,4039.0
741,2021-09-23 12:09:31,515564,3960.0
742,2021-09-23 12:09:43,515564,3901.0
743,2021-09-23 12:09:50,515564,3920.0
744,2021-09-23 02:09:26,515565,3939.0
745,2021-09-23 03:09:25,515565,3980.0
746,2021-09-23 03:09:37,515565,4070.0
747,2021-09-23 02:09:11,515566,4020.0
748,2021-09-23 02:09:45,515566,3940.0
749,2021-09-23 03:09:22,515566,4050.0
750,2021-09-23 03:09:40,515567,3949.0
751,2021-09-23 05:09:30,515569,3981.0
752,2021-09-23 06:09:09,515570,4009.0
753,2021-09-23 06:09:20,515570,4020.0
754,2021-09-23 06:09:31,515570,3970.0
755,2021-09-23 07:09:11,515570,4060.0
756,2021-09-23 08:09:04,515570,4000.0
757,2021-09-23 07:09:05,515571,3929.0
758,2021-09-23 07:09:46,515571,3941.0
759,2021-09-23 08:09:57,515571,3989.0
760,2021-09-23 09:09:42,515573,4070.0
761,2021-09-23 10:09:59,515573,3990.0
762,2021-09-23 10:09:04,515575,4039.0
763,2021-09-23 10:09:59,515575,3981.0
764,2021-09-23 11:09:39,515575,3930.0
765,2021-09-23 11:09:50,515575,3929.0
766,2021-09-24 10:09:14,515575,3870.0
767,2021-09-24 10:09:15,515575,4069.0
768,2021-09-24 10:09:46,515575,4040.0
769,2021-09-24 11:09:46,515575,4050.0
770,2021-09-23 11:09:19,515576,4109.0
771,2021-09-24 01:09:16,515576,3989.0
772,2021-09-24 01:09:46,515576,3949.0
773,2021-09-24 01:09:57,515576,4040.0
774,2021-09-24 12:09:00,515576,3981.0
775,2021-09-24 12:09:31,515576,4041.0
776,2021-09-24 01:09:51,515577,3910.0
777,2021-09-24 02:09:05,515577,3910.0
778,2021-09-24 02:09:42,515577,4030.0
779,2021-09-24 04:09:17,515578,3919.0
780,2021-09-24 05:09:34,515578,4009.0
781,2021-09-24 05:09:36,515580,4040.0
782,2021-09-24 06:09:25,515580,3969.0
783,2021-09-24 07:09:06,515581,4050.0
784,2021-09-24 07:09:57,515582,4010.0
785,2021-09-24 09:09:27,515582,4060.0
786,2021-09-24 08:09:30,515583,3941.0
787,2021-09-24 08:09:34,515583,3949.0
788,2021-09-24 09:09:55,515583,4002.0
789,2021-09-24 01:09:20,515586,4000.0
790,2021-09-24 01:09:20,515586,3960.0
791,2021-09-24 01:09:37,515586,3981.0
792,2021-09-24 01:09:47,515586,4041.0
793,2021-09-24 12:09:11,515586,3949.0
794,2021-09-24 12:09:14,515586,3989.0
795,2021-09-24 12:09:37,515586,3952.0
796,2021-09-24 01:09:15,515587,3959.0
797,2021-09-24 02:09:42,515588,3890.0
798,2021-09-24 03:09:23,515589,4041.0
799,2021-09-24 03:09:29,515589,4059.0
800,2021-09-24 04:09:04,515590,3920.0
801,2021-09-24 04:09:12,515590,4040.0
802,2021-09-24 04:09:31,515590,3930.0
803,2021-09-24 05:09:33,515591,3949.0
804,2021-09-24 06:09:55,515592,3930.0
805,2021-09-24 08:09:18,515594,3989.0
806,2021-09-24 08:09:18,515594,3910.0
807,2021-09-24 09:09:46,515594,4000.0
808,2021-09-24 09:09:45,515595,4039.0
809,2021-09-24 10:09:38,515595,4070.0
810,2021-09-24 08:09:51,515596,3951.0
811,2021-09-24 08:09:11,515597,3980.0
812,2021-09-24 09:09:32,515597,3989.0
813,2021-09-25 01:09:11,515602,3840.0
814,2021-09-25 01:09:56,515602,4050.0
815,2021-09-25 02:09:27,515602,4090.0
816,2021-09-25 02:09:34,515602,4031.0
817,2021-09-25 12:09:11,515602,3921.0
818,2021-09-25 12:09:52,515602,4020.0
819,2021-09-25 01:09:05,515603,3949.0
820,2021-09-25 01:09:28,515603,4000.0
821,2021-09-25 01:09:49,515603,3980.0
822,2021-09-25 02:09:42,515603,4001.0
823,2021-09-25 02:09:46,515605,3899.0
824,2021-09-25 03:09:20,515607,3932.0
825,2021-09-25 03:09:25,515607,3950.0
826,2021-09-25 03:09:30,515607,4041.0
827,2021-09-25 03:09:45,515607,3979.0
828,2021-09-25 04:09:09,515607,3840.0
829,2021-09-25 04:09:11,515607,3970.0
830,2021-09-25 04:09:13,515607,3920.0
831,2021-09-25 04:09:34,515607,3880.0
832,2021-09-25 05:09:10,515607,3928.0
833,2021-09-25 05:09:34,515607,4030.0
834,2021-09-25 05:09:53,515607,3810.0
835,2021-09-25 06:09:26,515607,4019.0
836,2021-09-25 07:09:44,515607,4051.0
837,2021-09-25 09:09:03,515608,3920.0
838,2021-09-25 01:09:15,515609,3950.0
839,2021-09-25 01:09:17,515609,4060.0
840,2021-09-25 01:09:24,515609,4010.0
841,2021-09-25 04:09:24,515609,4020.0
842,2021-09-25 12:09:34,515609,3940.0
843,2021-09-25 05:09:17,515611,3960.0
844,2021-09-25 06:09:51,515611,4039.0
845,2021-09-25 07:09:42,515615,3960.0
846,2021-09-25 08:09:12,515615,4010.0
847,2021-09-25 08:09:36,515615,4000.0
848,2021-09-26 04:09:23,515616,4020.0
849,2021-09-26 05:09:15,515616,3951.0
850,2021-09-26 02:09:41,515617,4011.0
851,2021-09-26 03:09:50,515617,4070.0
852,2021-09-26 04:09:37,515617,3939.0
853,2021-09-26 04:09:37,515617,4021.0
854,2021-09-26 06:09:05,515617,4031.0
855,2021-09-26 06:09:14,515617,3960.0
856,2021-09-26 06:09:15,515617,3901.0
857,2021-09-26 07:09:45,515617,4111.0
858,2021-09-26 07:09:56,515617,4020.0
859,2021-09-26 12:09:02,515617,4001.0
860,2021-09-26 11:09:44,515618,3930.0
861,2021-09-27 04:09:10,515618,3999.0
862,2021-09-27 04:09:13,515618,4000.0
863,2021-09-27 04:09:25,515618,3990.0
864,2021-09-27 05:09:00,515618,3949.0
865,2021-09-27 05:09:15,515618,3921.0
866,2021-09-27 05:09:15,515618,4020.0
867,2021-09-27 05:09:58,515618,3930.0
868,2021-09-27 06:09:28,515618,3960.0
869,2021-09-27 06:09:29,515618,3949.0
870,2021-09-27 06:09:30,515618,3961.0
871,2021-09-27 06:09:33,515618,4061.0
872,2021-09-27 06:09:51,515618,4029.0
873,2021-09-27 07:09:28,515618,4021.0
874,2021-09-27 07:09:35,515618,4129.0
875,2021-09-27 07:09:45,515618,4010.0
876,2021-09-27 07:09:49,515618,4009.0
877,2021-09-27 08:09:51,515618,3970.0
878,2021-09-27 08:09:58,515618,3931.0
879,2021-09-27 12:09:33,515618,3850.0
880,2021-09-27 08:09:30,515619,3910.0
881,2021-09-27 09:09:00,515619,3830.0
882,2021-09-27 10:09:15,515619,3980.0
883,2021-09-27 11:09:28,515619,3981.0
884,2021-09-27 11:09:36,515619,3940.0
885,2021-09-27 11:09:50,515619,3860.0
886,2021-09-27 11:09:54,515619,4010.0
887,2021-09-27 01:09:51,515620,4011.0
888,2021-09-27 02:09:15,515620,3939.0
889,2021-09-27 11:09:04,515620,3950.0
890,2021-09-27 12:09:36,515620,4030.0
891,2021-09-27 12:09:53,515620,3919.0
892,2021-09-27 03:09:36,515621,3960.0
893,2021-09-27 03:09:36,515621,3990.0
894,2021-09-27 03:09:56,515622,4020.0
895,2021-09-27 04:09:09,515622,4140.0
896,2021-09-27 04:09:50,515622,3950.0
897,2021-09-27 04:09:45,515623,4010.0
898,2021-09-27 04:09:56,515623,4069.0
899,2021-09-27 05:09:12,515624,3891.0
900,2021-09-27 05:09:52,515625,3971.0
901,2021-09-27 06:09:57,515626,4040.0
902,2021-09-27 07:09:46,515627,4019.0
903,2021-09-27 08:09:36,515627,3940.0
904,2021-09-27 08:09:49,515627,4030.0
905,2021-09-27 09:09:18,515627,3912.0
906,2021-09-27 09:09:30,515628,4040.0
907,2021-09-27 10:09:25,515630,4051.0
908,2021-09-27 11:09:17,515630,4029.0
909,2021-09-27 11:09:10,515632,4010.0
910,2021-09-28 01:09:40,515633,3999.0
911,2021-09-28 12:09:39,515633,3920.0
912,2021-09-28 12:09:47,515633,3909.0
913,2021-09-28 01:09:22,515634,4009.0
914,2021-09-28 02:09:23,515634,4031.0
915,2021-09-28 02:09:31,515634,3930.0
916,2021-09-28 03:09:08,515634,3989.0
917,2021-09-28 03:09:55,515634,4029.0
918,2021-09-28 04:09:26,515634,4102.0
919,2021-09-28 05:09:06,515634,4000.0
920,2021-09-28 05:09:09,515634,4030.0
921,2021-09-28 05:09:29,515634,4030.0
922,2021-09-28 05:09:39,515634,4010.0
923,2021-09-28 05:09:40,515634,4088.0
924,2021-09-28 05:09:42,515634,4011.0
925,2021-09-28 05:09:48,515634,3959.0
926,2021-09-28 05:09:50,515634,3880.0
927,2021-09-28 06:09:00,515634,4000.0
928,2021-09-28 06:09:11,515634,4010.0
929,2021-09-28 06:09:16,515634,3960.0
930,2021-09-28 06:09:19,515634,4072.0
931,2021-09-28 06:09:21,515634,4039.0
932,2021-09-28 06:09:25,515634,4040.0
933,2021-09-28 07:09:02,515634,3920.0
934,2021-09-28 07:09:17,515634,4069.0
935,2021-09-28 07:09:24,515634,4000.0
936,2021-09-28 07:09:26,515634,4070.0
937,2021-09-28 07:09:27,515634,4088.0
938,2021-09-28 07:09:30,515634,4039.0
939,2021-09-28 07:09:45,515634,4052.0
940,2021-09-28 07:09:49,515634,4020.0
941,2021-09-28 08:09:21,515634,4042.0
942,2021-09-28 08:09:22,515634,4001.0
943,2021-09-28 08:09:31,515634,4031.0
944,2021-09-28 08:09:36,515634,3960.0
945,2021-09-28 09:09:33,515634,4010.0
946,2021-09-28 09:09:39,515634,4031.0
947,2021-09-28 09:09:49,515634,4060.0
948,2021-09-28 09:09:50,515634,4050.0
949,2021-09-28 09:09:11,515635,3871.0
950,2021-09-28 10:09:20,515635,3972.0
951,2021-09-28 10:09:29,515635,3979.0
952,2021-09-28 10:09:32,515635,4040.0
953,2021-09-28 10:09:50,515635,3910.0
954,2021-09-28 11:09:12,515635,3979.0
955,2021-09-28 01:09:27,515636,4050.0
956,2021-09-28 12:09:55,515636,3930.0
957,2021-09-28 01:09:15,515637,3950.0
958,2021-09-28 02:09:01,515637,4070.0
959,2021-09-28 02:09:30,515637,4049.0
960,2021-09-28 02:09:47,515637,4069.0
961,2021-09-28 03:09:00,515637,3889.0
962,2021-09-28 03:09:09,515637,4040.0
963,2021-09-28 03:09:28,515637,4039.0
964,2021-09-28 03:09:33,515637,3860.0
965,2021-09-28 02:09:38,515638,3960.0
966,2021-09-28 03:09:20,515638,3910.0
967,2021-09-28 02:09:48,515639,3961.0
968,2021-09-28 03:09:07,515639,3951.0
969,2021-09-28 03:09:24,515639,3940.0
970,2021-09-28 03:09:04,515640,3962.0
971,2021-09-28 04:09:08,515640,3880.0
972,2021-09-28 05:09:19,515641,3910.0
973,2021-09-28 05:09:12,515642,3910.0
974,2021-09-28 06:09:09,515642,3990.0
975,2021-09-28 06:09:38,515643,4060.0
976,2021-09-28 07:09:14,515643,4029.0
977,2021-09-28 07:09:48,515644,4010.0
978,2021-09-28 08:09:04,515644,4029.0
979,2021-09-28 08:09:12,515645,3941.0
980,2021-09-28 08:09:18,515645,3969.0
981,2021-09-28 08:09:53,515645,4060.0
982,2021-09-28 09:09:27,515645,4021.0
983,2021-09-28 09:09:42,515645,3929.0
984,2021-09-28 10:09:09,515645,3831.0
985,2021-09-28 09:09:02,515646,3960.0
986,2021-09-28 09:09:17,515646,4040.0
987,2021-09-28 10:09:16,515647,3960.0
988,2021-09-28 11:09:10,515648,4000.0
989,2021-09-29 12:09:39,515648,4050.0
990,2021-09-28 11:09:17,515650,3990.0
991,2021-09-29 03:09:01,515657,4020.0
992,2021-09-29 05:09:09,515661,4041.0
993,2021-09-29 06:09:21,515662,4020.0
994,2021-09-29 06:09:44,515662,4010.0
995,2021-09-29 07:09:14,515662,3889.0
996,2021-09-29 09:09:07,515666,3999.0
997,2021-09-29 09:09:31,515666,3931.0
998,2021-09-29 11:09:24,515666,4058.0
999,2021-09-29 11:09:38,515666,3931.0
1000,2021-09-29 12:09:35,515666,3979.0
1001,2021-09-29 01:09:07,515667,3980.0
1002,2021-09-29 12:09:07,515667,4040.0
1003,2021-09-29 12:09:36,515667,4040.0
1004,2021-09-29 01:09:07,515668,4020.0
1005,2021-09-29 01:09:38,515668,4040.0
1006,2021-09-29 01:09:23,515669,3939.0
1007,2021-09-29 02:09:22,515669,3920.0
1008,2021-09-29 02:09:49,515669,3929.0
1009,2021-09-29 03:09:27,515669,4010.0
1010,2021-09-29 05:09:35,515672,4000.0
1011,2021-09-29 05:09:42,515672,4020.0
1012,2021-09-29 05:09:43,515672,4032.0
1013,2021-09-29 06:09:12,515672,3940.0
1014,2021-09-29 07:09:56,515673,3940.0
1015,2021-09-29 07:09:57,515673,4011.0
1016,2021-09-29 08:09:58,515673,3909.0
1017,2021-09-29 07:09:38,515674,3920.0
1018,2021-09-29 08:09:33,515675,4030.0
1019,2021-09-29 08:09:36,515675,4040.0
1020,2021-09-29 08:09:37,515675,3940.0
1021,2021-09-29 08:09:52,515675,3971.0
1022,2021-09-29 09:09:47,515675,4060.0
1023,2021-09-29 09:09:53,515675,3990.0
1024,2021-09-29 09:09:58,515675,4050.0
1025,2021-09-29 10:09:12,515676,4081.0
1026,2021-09-30 01:09:05,515679,4048.0
1027,2021-09-30 12:09:46,515679,3929.0
1028,2021-09-30 01:09:37,515680,3960.0
1029,2021-09-30 02:09:42,515682,3980.0
1030,2021-09-30 04:09:04,515684,3989.0
1031,2021-09-30 04:09:18,515685,4020.0
1032,2021-09-30 06:09:23,515687,4009.0
1033,2021-09-30 06:09:30,515687,3950.0
1034,2021-09-30 07:09:21,515687,4041.0
1035,2021-09-30 07:09:49,515687,3980.0
1036,2021-09-30 08:09:23,515687,4030.0
1037,2021-09-30 08:09:52,515687,4001.0
1038,2021-09-30 11:09:40,515693,3980.0
1039,2021-09-30 10:09:24,515694,3921.0
1040,2021-09-30 11:09:25,515694,4000.0
1041,2021-09-30 11:09:46,515694,3950.0
1042,2021-09-30 12:09:18,515694,3959.0
1043,2021-09-30 10:09:50,515695,4000.0
1044,2021-09-30 11:09:26,515696,3980.0
1045,2021-09-30 01:09:39,515697,3970.0
1046,2021-09-30 01:09:55,515697,4070.0
1047,2021-09-30 02:09:36,515697,4020.0
1048,2021-09-30 12:09:50,515697,3930.0
1049,2021-09-30 02:09:39,515698,4020.0
1050,2021-09-30 02:09:50,515698,3951.0
1051,2021-09-30 02:09:35,515699,3989.0
1052,2021-09-30 03:09:02,515700,4049.0
1053,2021-09-30 04:09:15,515701,4019.0
1054,2021-09-30 05:09:07,515701,4009.0
1055,2021-09-30 05:09:25,515702,4010.0
1056,2021-09-30 06:09:10,515704,3960.0
1057,2021-09-30 06:09:29,515704,3990.0
1058,2021-09-30 06:09:39,515704,4010.0
1059,2021-09-30 06:09:40,515704,3951.0
1060,2021-09-30 07:09:33,515705,3950.0
1061,2021-09-30 08:09:17,515705,3930.0
1062,2021-09-30 08:09:48,515705,4020.0
1063,2021-09-30 09:09:36,515707,3988.0
1064,2021-10-01 11:10:38,515707,4010.0
1065,2021-10-01 11:10:49,515707,3870.0
1066,2021-10-01 11:10:55,515707,3830.0
1067,2021-10-01 11:10:57,515707,3870.0
1068,2021-09-30 11:09:20,515710,4049.0
1069,2021-09-30 11:09:23,515710,3990.0
1070,2021-09-30 11:09:33,515710,3991.0
1071,2021-10-01 12:10:28,515711,3912.0
1072,2021-10-01 11:10:02,515713,4000.0
1073,2021-10-01 12:10:08,515713,3949.0
1074,2021-10-01 05:10:08,515717,3930.0
1075,2021-10-01 06:10:02,515717,3870.0
1076,2021-10-01 05:10:52,515718,3921.0
1077,2021-10-01 06:10:12,515718,4030.0
1078,2021-10-01 10:10:16,515728,3910.0
1079,2021-10-01 02:10:10,515730,3949.0
1080,2021-10-01 03:10:27,515730,3800.0
1081,2021-10-01 03:10:48,515730,3950.0
1082,2021-10-01 05:10:34,515730,4021.0
1083,2021-10-01 11:10:06,515730,3999.0
1084,2021-10-01 11:10:13,515730,3980.0
1085,2021-10-01 11:10:36,515730,3961.0
1086,2021-10-01 11:10:56,515730,3930.0
1087,2021-10-01 12:10:15,515730,4011.0
1088,2021-10-01 12:10:26,515730,3960.0
1089,2021-10-01 04:10:46,515731,4000.0
1090,2021-10-01 06:10:53,515732,3931.0
1091,2021-10-01 07:10:42,515732,3960.0
1092,2021-10-01 08:10:24,515732,4040.0
1093,2021-10-01 07:10:12,515733,4061.0
1094,2021-10-02 01:10:24,515735,3980.0
1095,2021-10-02 01:10:26,515735,4019.0
1096,2021-10-02 12:10:34,515735,4010.0
1097,2021-10-02 01:10:15,515736,3980.0
1098,2021-10-02 02:10:08,515736,3950.0
1099,2021-10-02 03:10:25,515736,4011.0
1100,2021-10-02 03:10:58,515736,3950.0
1101,2021-10-02 04:10:17,515736,3949.0
1102,2021-10-02 04:10:30,515736,4019.0
1103,2021-10-02 04:10:51,515736,4079.0
1104,2021-10-02 07:10:27,515736,4030.0
1105,2021-10-02 07:10:44,515736,3910.0
1106,2021-10-02 08:10:08,515736,4052.0
1107,2021-10-02 09:10:05,515736,3970.0
1108,2021-10-02 10:10:39,515736,3970.0
1109,2021-10-02 12:10:37,515736,3920.0
1110,2021-10-02 12:10:45,515736,4031.0
1111,2021-10-03 02:10:15,515737,3989.0
1112,2021-10-03 04:10:42,515737,3910.0
1113,2021-10-03 06:10:03,515737,3931.0
1114,2021-10-03 12:10:53,515737,3981.0
1115,2021-10-03 02:10:15,515738,3940.0
1116,2021-10-03 03:10:10,515738,3940.0
1117,2021-10-03 03:10:15,515738,3931.0
1118,2021-10-03 03:10:27,515738,4010.0
1119,2021-10-03 03:10:34,515738,4050.0
1120,2021-10-03 03:10:42,515738,3939.0
1121,2021-10-03 03:10:43,515738,3980.0
1122,2021-10-03 06:10:13,515738,4011.0
1123,2021-10-03 06:10:35,515738,3919.0
1124,2021-10-03 04:10:20,515739,4010.0
1125,2021-10-03 05:10:19,515739,3901.0
1126,2021-10-03 07:10:02,515739,3959.0
1127,2021-10-03 09:10:07,515739,4079.0
1128,2021-10-04 12:10:49,515739,4040.0
1129,2021-10-04 01:10:00,515741,3949.0
1130,2021-10-04 01:10:43,515741,3969.0
1131,2021-10-04 09:10:01,515741,3951.0
1132,2021-10-04 10:10:36,515741,3871.0
1133,2021-10-04 10:10:56,515741,3970.0
1134,2021-10-04 11:10:50,515741,3911.0
1135,2021-10-04 11:10:59,515741,3950.0
1136,2021-10-04 12:10:00,515741,3931.0
1137,2021-10-04 03:10:34,515743,4010.0
1138,2021-10-04 04:10:35,515743,4030.0
1139,2021-10-04 04:10:45,515745,3911.0
1140,2021-10-04 05:10:07,515747,3960.0
1141,2021-10-04 05:10:10,515747,3940.0
1142,2021-10-04 05:10:59,515747,3981.0
1143,2021-10-04 06:10:10,515747,3949.0
1144,2021-10-04 06:10:25,515747,3940.0
1145,2021-10-04 07:10:43,515748,3941.0
1146,2021-10-04 08:10:13,515748,4060.0
1147,2021-10-04 09:10:11,515748,3950.0
1148,2021-10-04 09:10:31,515748,3950.0
1149,2021-10-04 09:10:54,515748,3951.0
1150,2021-10-04 10:10:15,515748,3970.0
1151,2021-10-04 10:10:43,515748,3919.0
1152,2021-10-04 10:10:47,515748,3940.0
1153,2021-10-04 11:10:38,515748,3930.0
1154,2021-10-05 11:10:40,515748,4259.0
1155,2021-10-05 11:10:40,515748,3851.0
1156,2021-10-05 11:10:54,515748,4070.0
1157,2021-10-05 11:10:54,515748,3941.0
1158,2021-10-05 11:10:57,515748,3860.0
1159,2021-10-05 11:10:58,515748,4020.0
1160,2021-10-05 11:10:59,515748,3870.0
1161,2021-10-05 12:10:23,515748,4000.0
1162,2021-10-04 11:10:44,515749,3950.0
1163,2021-10-05 12:10:15,515749,3900.0
1164,2021-10-05 02:10:18,515750,3990.0
1165,2021-10-05 02:10:27,515750,4000.0
1166,2021-10-05 12:10:02,515750,3931.0
1167,2021-10-05 06:10:06,515753,3960.0
1168,2021-10-05 06:10:22,515753,4010.0
1169,2021-10-05 08:10:14,515753,3959.0
1170,2021-10-05 06:10:27,515754,3950.0
1171,2021-10-05 07:10:18,515754,3959.0
1172,2021-10-05 07:10:30,515754,3950.0
1173,2021-10-05 07:10:39,515754,3980.0
1174,2021-10-05 08:10:11,515754,3990.0
1175,2021-10-05 09:10:17,515754,4030.0
1176,2021-10-05 01:10:02,515757,3969.0
1177,2021-10-05 01:10:19,515757,3959.0
1178,2021-10-05 01:10:45,515757,4070.0
1179,2021-10-05 02:10:09,515757,3900.0
1180,2021-10-05 09:10:07,515757,3940.0
1181,2021-10-05 09:10:51,515757,3940.0
1182,2021-10-05 10:10:41,515757,3961.0
1183,2021-10-05 11:10:40,515757,3981.0
1184,2021-10-05 11:10:44,515757,4052.0
1185,2021-10-05 12:10:30,515757,3940.0
1186,2021-10-05 12:10:38,515757,3940.0
1187,2021-10-05 02:10:12,515758,3910.0
1188,2021-10-05 02:10:44,515758,3969.0
1189,2021-10-05 04:10:42,515759,3930.0
1190,2021-10-05 04:10:29,515760,3940.0
1191,2021-10-05 06:10:24,515761,3931.0
1192,2021-10-05 08:10:19,515764,3940.0
1193,2021-10-05 09:10:21,515768,4010.0
1194,2021-10-05 10:10:57,515768,3931.0
1195,2021-10-05 11:10:22,515768,4020.0
1196,2021-10-05 11:10:11,515769,3920.0
1197,2021-10-06 12:10:11,515769,3940.0
1198,2021-10-06 12:10:32,515770,3950.0
1199,2021-10-06 01:10:28,515772,3950.0
1200,2021-10-06 01:10:13,515779,4010.0
1201,2021-10-06 01:10:17,515779,3949.0
1202,2021-10-06 01:10:51,515779,4020.0
1203,2021-10-06 01:10:53,515779,3901.0
1204,2021-10-06 02:10:36,515779,4090.0
1205,2021-10-06 06:10:09,515779,3949.0
1206,2021-10-06 06:10:19,515779,3960.0
1207,2021-10-06 06:10:44,515779,3979.0
1208,2021-10-06 07:10:49,515779,4010.0
1209,2021-10-06 07:10:58,515779,4061.0
1210,2021-10-06 08:10:35,515779,4070.0
1211,2021-10-06 09:10:14,515779,3900.0
1212,2021-10-06 10:10:35,515779,3950.0
1213,2021-10-06 10:10:49,515779,3960.0
1214,2021-10-06 11:10:16,515779,3889.0
1215,2021-10-06 11:10:21,515779,4070.0
1216,2021-10-06 11:10:31,515779,4010.0
1217,2021-10-06 11:10:37,515779,4030.0
1218,2021-10-06 12:10:32,515779,3920.0
1219,2021-10-06 02:10:32,515780,3950.0
1220,2021-10-06 03:10:36,515780,4000.0
1221,2021-10-06 03:10:42,515780,4070.0
1222,2021-10-06 03:10:55,515780,3930.0
1223,2021-10-06 04:10:16,515780,4080.0
1224,2021-10-06 04:10:52,515780,4051.0
1225,2021-10-06 04:10:54,515780,3980.0
1226,2021-10-06 04:10:11,515781,4030.0
1227,2021-10-06 05:10:42,515781,3930.0
1228,2021-10-06 05:10:54,515781,3950.0
1229,2021-10-06 07:10:37,515783,3981.0
1230,2021-10-06 07:10:50,515783,3951.0
1231,2021-10-06 09:10:16,515784,4021.0
1232,2021-10-07 04:10:48,515785,3931.0
1233,2021-10-07 05:10:35,515785,3940.0
1234,2021-10-07 06:10:22,515785,3922.0
1235,2021-10-07 07:10:39,515785,4009.0
1236,2021-10-07 06:10:26,515787,3950.0
1237,2021-10-07 07:10:00,515787,3920.0
1238,2021-10-07 02:10:51,515791,3999.0
1239,2021-10-07 12:10:48,515791,3959.0
1240,2021-10-07 05:10:10,515797,3980.0
1241,2021-10-07 05:10:58,515797,3940.0
1242,2021-10-07 06:10:01,515797,3960.0
1243,2021-10-07 06:10:13,515797,3899.0
1244,2021-10-07 06:10:46,515797,4021.0
1245,2021-10-07 06:10:46,515797,4009.0
1246,2021-10-07 07:10:01,515797,3969.0
1247,2021-10-07 07:10:16,515797,3950.0
1248,2021-10-07 07:10:54,515797,4041.0
1249,2021-10-07 07:10:55,515797,3988.0
1250,2021-10-07 10:10:49,515797,4070.0
1251,2021-10-07 09:10:01,515798,3951.0
1252,2021-10-07 10:10:14,515798,3949.0
1253,2021-10-07 10:10:45,515799,3989.0
1254,2021-10-07 11:10:36,515799,3960.0
1255,2021-10-07 11:10:41,515799,3890.0
1256,2021-10-08 01:10:31,515800,4041.0
1257,2021-10-08 01:10:38,515800,4021.0
1258,2021-10-08 02:10:30,515800,3970.0
1259,2021-10-08 03:10:50,515800,3820.0
1260,2021-10-08 04:10:43,515800,4010.0
1261,2021-10-08 04:10:59,515800,4020.0
1262,2021-10-08 12:10:34,515800,4051.0
1263,2021-10-08 04:10:12,515801,4001.0
1264,2021-10-08 04:10:15,515801,3970.0
1265,2021-10-08 04:10:44,515801,3950.0
1266,2021-10-08 04:10:52,515801,3950.0
1267,2021-10-08 04:10:52,515801,4049.0
1268,2021-10-08 04:10:55,515801,4021.0
1269,2021-10-08 05:10:43,515801,3919.0
1270,2021-10-08 05:10:56,515801,3929.0
1271,2021-10-08 07:10:06,515802,3911.0
1272,2021-10-08 08:10:05,515802,4070.0
1273,2021-10-08 08:10:16,515802,4040.0
1274,2021-10-08 08:10:34,515802,3950.0
1275,2021-10-08 09:10:04,515802,3959.0
1276,2021-10-08 09:10:05,515802,3940.0
1277,2021-10-08 09:10:32,515802,3990.0
1278,2021-10-08 09:10:38,515802,4081.0
1279,2021-10-08 09:10:47,515802,3940.0
1280,2021-10-08 10:10:36,515802,4041.0
1281,2021-10-08 10:10:48,515802,3969.0
1282,2021-10-08 01:10:01,515803,4030.0
1283,2021-10-08 01:10:18,515803,4020.0
1284,2021-10-08 01:10:36,515803,4119.0
1285,2021-10-08 02:10:13,515803,4019.0
1286,2021-10-08 02:10:58,515803,4010.0
1287,2021-10-08 03:10:05,515803,4020.0
1288,2021-10-08 07:10:22,515803,3919.0
1289,2021-10-08 08:10:08,515803,3829.0
1290,2021-10-08 09:10:15,515803,3989.0
1291,2021-10-08 10:10:34,515803,4000.0
1292,2021-10-08 10:10:59,515803,3961.0
1293,2021-10-08 11:10:19,515803,3960.0
1294,2021-10-08 11:10:54,515803,3920.0
1295,2021-10-08 12:10:13,515803,3930.0
1296,2021-10-08 12:10:13,515803,4001.0
1297,2021-10-08 12:10:23,515803,3911.0
1298,2021-10-08 12:10:33,515803,4000.0
1299,2021-10-08 12:10:46,515803,3970.0
1300,2021-10-08 02:10:22,515804,3921.0
1301,2021-10-08 02:10:46,515804,3970.0
1302,2021-10-08 06:10:09,515804,3969.0
1303,2021-10-09 02:10:48,515804,3820.0
1304,2021-10-09 03:10:06,515804,4030.0
1305,2021-10-08 01:10:08,515805,3952.0
1306,2021-10-08 04:10:05,515806,4009.0
1307,2021-10-08 06:10:17,515806,3970.0
1308,2021-10-08 06:10:02,515808,3990.0
1309,2021-10-08 07:10:50,515808,3919.0
1310,2021-10-08 09:10:07,515808,3969.0
1311,2021-10-08 09:10:09,515808,3990.0
1312,2021-10-08 08:10:57,515809,4030.0
1313,2021-10-09 05:10:32,515811,4010.0
1314,2021-10-09 07:10:52,515811,3939.0
1315,2021-10-09 10:10:13,515811,4011.0
1316,2021-10-09 10:10:32,515811,4031.0
1317,2021-10-09 10:10:33,515811,3940.0
1318,2021-10-09 01:10:17,515813,3930.0
1319,2021-10-09 11:10:23,515813,3961.0
1320,2021-10-09 11:10:27,515813,4060.0
1321,2021-10-09 12:10:01,515813,4020.0
1322,2021-10-09 02:10:14,515814,3950.0
1323,2021-10-09 04:10:27,515814,4040.0
1324,2021-10-09 02:10:55,515816,3919.0
1325,2021-10-09 04:10:52,515816,3960.0
1326,2021-10-09 08:10:44,515818,3960.0
1327,2021-10-10 05:10:30,515818,4041.0
1328,2021-10-10 07:10:19,515818,3931.0
1329,2021-10-09 09:10:12,515819,3940.0
1330,2021-10-09 09:10:31,515819,3960.0
1331,2021-10-10 06:10:38,515819,4000.0
1332,2021-10-10 10:10:05,515819,3941.0
1333,2021-10-09 10:10:31,515820,3961.0
1334,2021-10-09 10:10:43,515820,3940.0
1335,2021-10-09 10:10:25,515822,3920.0
1336,2021-10-10 09:10:57,515822,3919.0
1337,2021-10-10 10:10:13,515822,4009.0
1338,2021-10-09 10:10:15,515825,4010.0
1339,2021-10-10 03:10:37,515825,4020.0
1340,2021-10-10 04:10:17,515825,3881.0
1341,2021-10-10 04:10:42,515825,3901.0
1342,2021-10-10 03:10:20,515827,3980.0
1343,2021-10-10 11:10:13,515827,4010.0
1344,2021-10-10 11:10:52,515827,3899.0
1345,2021-10-10 11:10:54,515827,4031.0
1346,2021-10-10 03:10:35,515829,3999.0
1347,2021-10-10 04:10:21,515829,3929.0
1348,2021-10-10 06:10:47,515829,3861.0
1349,2021-10-10 10:10:18,515829,3930.0
1350,2021-10-10 06:10:19,515830,4020.0
1351,2021-10-10 06:10:49,515830,3971.0
1352,2021-10-10 09:10:01,515830,3960.0
1353,2021-10-10 09:10:24,515832,4040.0
1354,2021-10-10 09:10:52,515832,3940.0
1355,2021-10-11 12:10:54,515832,4080.0
1356,2021-10-11 02:10:04,515835,4080.0
1357,2021-10-11 04:10:34,515836,4010.0
1358,2021-10-11 06:10:52,515836,3850.0
1359,2021-10-11 01:10:45,515837,4030.0
1360,2021-10-11 06:10:52,515837,4049.0
1361,2021-10-11 06:10:54,515837,4130.0
1362,2021-10-11 09:10:00,515837,3981.0
1363,2021-10-11 09:10:36,515837,3931.0
1364,2021-10-11 09:10:48,515837,4070.0
1365,2021-10-11 10:10:11,515837,4030.0
1366,2021-10-11 11:10:13,515837,3960.0
1367,2021-10-11 01:10:29,515838,4030.0
1368,2021-10-11 01:10:30,515838,4010.0
1369,2021-10-11 02:10:07,515838,4030.0
1370,2021-10-11 05:10:06,515838,4000.0
1371,2021-10-12 03:10:50,515838,4051.0
1372,2021-10-12 03:10:19,515839,3940.0
1373,2021-10-13 06:10:38,515840,3970.0
1374,2021-10-14 05:10:34,515840,3951.0
1375,2021-10-12 07:10:19,515841,3949.0
1376,2021-10-13 01:10:27,515841,3999.0
1377,2021-10-12 04:10:40,515843,4012.0
1378,2021-10-12 04:10:41,515843,4091.0
1379,2021-10-12 05:10:43,515843,4030.0
1380,2021-10-12 10:10:26,515843,3908.0
1381,2021-10-12 10:10:38,515843,3990.0
1382,2021-10-12 11:10:30,515843,3970.0
1383,2021-10-13 06:10:13,515843,4120.0
1384,2021-10-12 04:10:25,515846,3949.0
1385,2021-10-13 01:10:50,515846,4030.0
1386,2021-10-13 02:10:22,515846,3940.0
1387,2021-10-13 02:10:26,515846,4040.0
1388,2021-10-14 06:10:43,515846,4061.0
1389,2021-10-14 07:10:53,515846,4021.0
1390,2021-10-14 08:10:34,515846,4039.0
1391,2021-10-13 04:10:26,515852,3930.0
1392,2021-10-13 04:10:55,515852,4009.0
1393,2021-10-13 05:10:09,515852,4060.0
1394,2021-10-13 05:10:11,515852,3931.0
1395,2021-10-13 05:10:11,515852,3929.0
1396,2021-10-13 05:10:13,515852,3950.0
1397,2021-10-13 05:10:35,515852,4011.0
1398,2021-10-13 11:10:49,515852,4081.0
1399,2021-10-14 06:10:21,515852,3939.0
1400,2021-10-14 06:10:32,515852,4020.0
1401,2021-10-14 07:10:27,515852,3980.0
1402,2021-10-14 08:10:39,515852,3850.0
1403,2021-10-14 09:10:11,515852,4049.0
1404,2021-10-14 09:10:17,515852,4029.0
1405,2021-10-14 09:10:24,515852,3980.0
1406,2021-10-14 09:10:35,515852,3960.0
1407,2021-10-14 09:10:41,515852,3961.0
1408,2021-10-14 09:10:58,515852,3950.0
1409,2021-10-14 10:10:01,515852,3940.0
1410,2021-10-14 10:10:11,515852,3908.0
1411,2021-10-14 10:10:19,515852,3910.0
1412,2021-10-14 10:10:40,515852,3950.0
1413,2021-10-14 11:10:30,515852,4020.0
1414,2021-10-14 11:10:52,515852,4038.0
1415,2021-10-14 11:10:52,515852,4009.0
1416,2021-10-15 12:10:03,515852,3841.0
1417,2021-10-15 12:10:33,515852,4049.0
1418,2021-10-14 11:10:23,515853,4050.0
1419,2021-10-15 02:10:28,515853,3841.0
1420,2021-10-15 02:10:29,515853,3908.0
1421,2021-10-15 02:10:34,515853,4000.0
1422,2021-10-15 12:10:01,515853,3951.0
1423,2021-10-15 12:10:05,515853,3949.0
1424,2021-10-15 12:10:20,515853,4030.0
1425,2021-10-15 12:10:33,515853,4101.0
1426,2021-10-15 12:10:35,515853,4050.0
1427,2021-10-13 12:10:23,515854,3930.0
1428,2021-10-14 04:10:08,515854,3941.0
1429,2021-10-14 05:10:26,515854,4049.0
1430,2021-10-14 08:10:52,515854,3920.0
1431,2021-10-14 09:10:55,515854,3961.0
1432,2021-10-15 01:10:07,515854,3928.0
1433,2021-10-15 01:10:24,515854,4040.0
1434,2021-10-15 01:10:33,515854,3920.0
1435,2021-10-15 01:10:41,515854,4010.0
1436,2021-10-15 02:10:20,515854,4010.0
1437,2021-10-15 03:10:21,515854,4010.0
1438,2021-10-15 04:10:13,515854,3940.0
1439,2021-10-15 04:10:16,515854,3960.0
1440,2021-10-15 04:10:41,515854,3959.0
1441,2021-10-15 05:10:04,515854,3920.0
1442,2021-10-15 05:10:08,515854,3930.0
1443,2021-10-15 05:10:21,515854,3960.0
1444,2021-10-15 05:10:58,515854,3970.0
1445,2021-10-15 06:10:09,515854,4050.0
1446,2021-10-15 06:10:24,515854,3908.0
1447,2021-10-15 06:10:46,515854,4039.0
1448,2021-10-15 06:10:55,515854,4151.0
1449,2021-10-14 04:10:13,515855,3980.0
1450,2021-10-15 05:10:06,515855,3950.0
1451,2021-10-15 05:10:29,515855,3959.0
1452,2021-10-15 05:10:43,515855,4029.0
1453,2021-10-15 06:10:01,515855,3949.0
1454,2021-10-15 06:10:02,515855,4020.0
1455,2021-10-15 06:10:20,515855,4001.0
1456,2021-10-15 06:10:49,515855,3960.0
1457,2021-10-15 06:10:49,515855,3999.0
1458,2021-10-15 07:10:16,515855,4000.0
1459,2021-10-15 07:10:19,515855,3938.0
1460,2021-10-15 07:10:22,515855,4010.0
1461,2021-10-15 07:10:29,515855,3959.0
1462,2021-10-15 07:10:30,515855,3959.0
1463,2021-10-15 07:10:32,515855,4011.0
1464,2021-10-15 07:10:41,515855,3930.0
1465,2021-10-15 08:10:28,515855,4029.0
1466,2021-10-15 08:10:29,515855,4020.0
1467,2021-10-15 08:10:38,515855,3950.0
1468,2021-10-15 08:10:49,515855,3991.0
1469,2021-10-15 08:10:51,515855,3950.0
1470,2021-10-15 09:10:06,515855,4030.0
1471,2021-10-15 09:10:10,515855,3890.0
1472,2021-10-15 09:10:13,515855,4069.0
1473,2021-10-15 09:10:19,515855,3979.0
1474,2021-10-15 09:10:42,515855,3970.0
1475,2021-10-15 09:10:44,515855,4031.0
1476,2021-10-15 10:10:24,515855,3970.0
1477,2021-10-15 10:10:44,515855,3940.0
1478,2021-10-15 10:10:48,515855,3980.0
1479,2021-10-15 10:10:09,515856,3931.0
1480,2021-10-15 10:10:21,515856,3930.0
1481,2021-10-15 10:10:36,515856,3940.0
1482,2021-10-15 11:10:02,515856,3980.0
1483,2021-10-15 11:10:04,515856,4000.0
1484,2021-10-15 11:10:16,515856,3989.0
1485,2021-10-15 11:10:17,515856,4029.0
1486,2021-10-15 11:10:22,515856,3959.0
1487,2021-10-15 11:10:24,515856,3940.0
1488,2021-10-15 11:10:43,515856,3890.0
1489,2021-10-15 11:10:55,515856,3910.0
1490,2021-10-15 11:10:58,515856,3930.0
1491,2021-10-15 12:10:11,515856,3981.0
1492,2021-10-15 12:10:24,515856,4029.0
1493,2021-10-15 12:10:25,515856,4020.0
1494,2021-10-15 12:10:59,515856,3890.0
1495,2021-10-15 12:10:59,515856,3970.0
1496,2021-10-15 01:10:00,515857,4021.0
1497,2021-10-15 01:10:06,515857,4001.0
1498,2021-10-15 01:10:54,515857,4047.0
1499,2021-10-15 01:10:58,515857,3950.0
1500,2021-10-15 01:10:19,515874,3960.0
1501,2021-10-15 01:10:22,515874,3951.0
1502,2021-10-15 01:10:46,515874,3990.0
1503,2021-10-15 02:10:17,515874,3950.0
1504,2021-10-15 02:10:21,515874,3970.0
1505,2021-10-15 03:10:14,515874,3910.0
1506,2021-10-15 03:10:53,515874,4000.0
1507,2021-10-15 03:10:33,515879,3940.0
1508,2021-10-15 04:10:26,515879,4020.0
1509,2021-10-15 03:10:06,515880,3902.0
1510,2021-10-15 04:10:33,515880,4050.0
1511,2021-10-15 03:10:05,515881,3940.0
1512,2021-10-15 04:10:55,515881,4010.0
1513,2021-10-15 03:10:36,515882,3980.0
1514,2021-10-15 03:10:36,515882,3940.0
1515,2021-10-15 04:10:33,515882,4011.0
1516,2021-10-15 04:10:16,515884,3961.0
1517,2021-10-15 04:10:37,515884,3900.0
1518,2021-10-15 04:10:16,515885,4020.0
1519,2021-10-15 04:10:29,515885,3940.0
1520,2021-10-15 04:10:49,515885,3912.0
1521,2021-10-15 05:10:00,515885,4001.0
1522,2021-10-15 09:10:02,515885,3929.0
1523,2021-10-15 09:10:10,515885,3960.0
1524,2021-10-15 11:10:27,515885,4030.0
1525,2021-10-16 01:10:09,515885,3871.0
1526,2021-10-16 01:10:57,515885,3850.0
1527,2021-10-16 02:10:22,515885,4019.0
1528,2021-10-16 02:10:38,515885,4020.0
1529,2021-10-16 02:10:45,515885,3830.0
1530,2021-10-16 02:10:46,515885,4061.0
1531,2021-10-17 08:10:01,515885,4020.0
1532,2021-10-17 08:10:16,515885,3861.0
1533,2021-10-17 08:10:28,515885,4060.0
1534,2021-10-17 08:10:35,515885,3840.0
1535,2021-10-15 05:10:19,515886,3989.0
1536,2021-10-15 05:10:21,515886,3900.0
1537,2021-10-15 05:10:15,515887,3959.0
1538,2021-10-15 05:10:31,515887,3969.0
1539,2021-10-15 09:10:43,515887,4031.0
1540,2021-10-16 03:10:03,515887,3981.0
1541,2021-10-15 05:10:32,515888,3960.0
1542,2021-10-15 09:10:26,515888,3999.0
1543,2021-10-16 03:10:12,515888,4051.0
1544,2021-10-16 03:10:41,515888,3981.0
1545,2021-10-16 02:10:17,515889,3930.0
1546,2021-10-15 10:10:42,515890,3980.0
1547,2021-10-16 02:10:13,515890,3919.0
1548,2021-10-15 10:10:33,515892,3930.0
1549,2021-10-15 10:10:37,515892,3949.0
1550,2021-10-16 03:10:22,515892,4020.0
1551,2021-10-16 04:10:45,515892,3940.0
1552,2021-10-15 10:10:31,515893,3900.0
1553,2021-10-15 10:10:55,515893,3941.0
1554,2021-10-16 04:10:34,515893,3921.0
1555,2021-10-16 05:10:51,515893,3950.0
1556,2021-10-16 05:10:59,515893,3930.0
1557,2021-10-16 09:10:40,515893,3980.0
1558,2021-10-16 11:10:39,515893,3910.0
1559,2021-10-16 11:10:54,515893,4041.0
1560,2021-10-16 05:10:40,515894,4029.0
1561,2021-10-16 12:10:36,515894,3900.0
1562,2021-10-16 01:10:27,515895,3950.0
1563,2021-10-16 01:10:41,515895,3930.0
1564,2021-10-16 01:10:53,515895,4008.0
1565,2021-10-16 01:10:44,515896,4041.0
1566,2021-10-16 06:10:09,515897,3969.0
1567,2021-10-16 06:10:25,515897,4040.0
1568,2021-10-16 11:10:05,515897,4000.0
1569,2021-10-16 11:10:12,515897,3950.0
1570,2021-10-16 10:10:32,515898,4059.0
1571,2021-10-16 10:10:34,515898,3991.0
1572,2021-10-16 06:10:13,515899,3940.0
1573,2021-10-16 11:10:27,515899,3921.0
1574,2021-10-16 12:10:14,515899,3950.0
1575,2021-10-16 12:10:30,515899,3960.0
1576,2021-10-16 10:10:37,515905,3999.0
1577,2021-10-16 01:10:32,515910,3950.0
1578,2021-10-16 02:10:14,515910,3939.0
1579,2021-10-16 10:10:44,515910,3960.0
1580,2021-10-16 11:10:57,515910,3961.0
1581,2021-10-17 12:10:33,515911,4148.0
1582,2021-10-17 02:10:19,515912,4011.0
1583,2021-10-17 02:10:37,515912,3941.0
1584,2021-10-17 05:10:57,515918,3950.0
1585,2021-10-17 06:10:07,515921,4010.0
1586,2021-10-17 01:10:38,515925,3951.0
1587,2021-10-17 02:10:19,515925,4050.0
1588,2021-10-17 01:10:11,515926,4010.0
1589,2021-10-17 03:10:15,515926,4000.0
1590,2021-10-17 03:10:12,515930,4010.0
1591,2021-10-17 05:10:02,515930,3949.0
1592,2021-10-17 07:10:30,515930,3951.0
1593,2021-10-18 01:10:40,515936,3940.0
1594,2021-10-18 12:10:28,515936,3959.0
1595,2021-10-18 04:10:22,515938,3989.0
1596,2021-10-18 05:10:21,515938,4020.0
1597,2021-10-18 05:10:43,515938,3910.0
1598,2021-10-18 05:10:48,515938,3959.0
1599,2021-10-18 06:10:03,515938,3931.0
1600,2021-10-18 06:10:13,515938,3960.0
1601,2021-10-18 06:10:29,515938,3959.0
1602,2021-10-18 07:10:01,515938,4031.0
1603,2021-10-18 07:10:09,515938,3930.0
1604,2021-10-18 07:10:18,515938,3941.0
1605,2021-10-18 07:10:37,515938,3950.0
1606,2021-10-18 07:10:38,515938,3959.0
1607,2021-10-18 07:10:57,515938,4071.0
1608,2021-10-18 07:10:57,515938,4039.0
1609,2021-10-18 08:10:19,515938,3920.0
1610,2021-10-18 08:10:45,515938,4031.0
1611,2021-10-18 08:10:49,515938,4031.0
1612,2021-10-18 01:10:05,515939,4010.0
1613,2021-10-18 01:10:54,515939,4050.0
1614,2021-10-18 01:10:57,515939,3980.0
1615,2021-10-18 02:10:44,515939,4110.0
1616,2021-10-18 03:10:04,515939,4050.0
1617,2021-10-18 03:10:16,515939,3940.0
1618,2021-10-18 04:10:28,515939,3949.0
1619,2021-10-18 08:10:13,515939,3950.0
1620,2021-10-18 09:10:09,515939,4020.0
1621,2021-10-18 09:10:58,515939,4050.0
1622,2021-10-18 11:10:32,515939,3952.0
1623,2021-10-18 12:10:26,515939,3991.0
1624,2021-10-18 12:10:38,515939,3900.0
1625,2021-10-18 02:10:01,515940,3970.0
1626,2021-10-18 03:10:29,515940,3980.0
1627,2021-10-18 04:10:01,515940,4020.0
1628,2021-10-18 04:10:43,515940,4040.0
1629,2021-10-18 04:10:46,515940,3979.0
1630,2021-10-18 04:10:56,515940,3950.0
1631,2021-10-18 05:10:02,515940,3819.0
1632,2021-10-18 05:10:13,515940,3839.0
1633,2021-10-18 05:10:17,515940,4050.0
1634,2021-10-18 05:10:37,515940,3931.0
1635,2021-10-18 05:10:56,515940,3961.0
1636,2021-10-18 06:10:22,515940,3951.0
1637,2021-10-18 06:10:27,515940,3890.0
1638,2021-10-18 06:10:54,515942,4020.0
1639,2021-10-18 08:10:42,515943,3941.0
1640,2021-10-18 09:10:01,515943,3980.0
1641,2021-10-18 08:10:33,515944,3959.0
1642,2021-10-18 09:10:30,515944,4072.0
1643,2021-10-18 09:10:04,515945,3880.0
1644,2021-10-18 09:10:05,515945,3979.0
1645,2021-10-18 09:10:36,515945,4050.0
1646,2021-10-18 10:10:01,515945,3861.0
1647,2021-10-18 10:10:46,515945,3830.0
1648,2021-10-18 10:10:11,515947,3970.0
1649,2021-10-18 10:10:19,515947,3980.0
1650,2021-10-18 10:10:30,515947,3991.0
1651,2021-10-18 10:10:40,515947,3938.0
1652,2021-10-18 11:10:11,515947,3990.0
1653,2021-10-18 11:10:18,515948,3961.0
1654,2021-10-18 11:10:21,515948,4039.0
1655,2021-10-19 01:10:38,515948,4040.0
1656,2021-10-19 01:10:19,515949,3990.0
1657,2021-10-19 01:10:57,515949,4031.0
1658,2021-10-19 03:10:22,515949,4061.0
1659,2021-10-19 01:10:52,515950,3949.0
1660,2021-10-19 04:10:03,515953,3959.0
1661,2021-10-19 04:10:28,515953,4020.0
1662,2021-10-19 04:10:36,515953,4061.0
1663,2021-10-19 04:10:56,515953,3919.0
1664,2021-10-19 06:10:13,515953,4010.0
1665,2021-10-19 06:10:45,515953,4050.0
1666,2021-10-19 06:10:55,515953,4000.0
1667,2021-10-19 04:10:05,515954,4050.0
1668,2021-10-19 05:10:07,515954,3989.0
1669,2021-10-19 05:10:21,515954,4021.0
1670,2021-10-19 06:10:38,515954,3938.0
1671,2021-10-19 06:10:39,515954,4010.0
1672,2021-10-19 06:10:40,515954,3859.0
1673,2021-10-19 07:10:49,515954,3860.0
1674,2021-10-19 07:10:35,515956,3998.0
1675,2021-10-19 09:10:40,515956,3981.0
1676,2021-10-19 09:10:24,515958,3940.0
1677,2021-10-19 10:10:22,515958,3970.0
1678,2021-10-19 10:10:22,515959,3930.0
1679,2021-10-19 10:10:46,515959,4040.0
1680,2021-10-19 10:10:51,515959,4041.0
1681,2021-10-19 11:10:10,515959,3961.0
1682,2021-10-19 11:10:45,515959,3970.0
1683,2021-10-19 12:10:16,515959,3920.0
1684,2021-10-19 12:10:30,515959,3919.0
1685,2021-10-19 01:10:30,515961,3910.0
1686,2021-10-19 02:10:01,515961,4070.0
1687,2021-10-19 12:10:06,515961,3961.0
1688,2021-10-19 01:10:03,515962,3959.0
1689,2021-10-19 01:10:14,515962,3930.0
1690,2021-10-19 01:10:25,515962,3980.0
1691,2021-10-19 01:10:38,515962,3950.0
1692,2021-10-19 02:10:39,515962,4050.0
1693,2021-10-19 03:10:48,515963,3989.0
1694,2021-10-19 05:10:45,515963,3920.0
1695,2021-10-19 06:10:34,515963,3980.0
1696,2021-10-19 03:10:05,515964,3972.0
1697,2021-10-19 04:10:25,515964,4010.0
1698,2021-10-19 03:10:19,515965,4020.0
1699,2021-10-19 03:10:31,515965,3981.0
1700,2021-10-19 04:10:08,515965,4041.0
1701,2021-10-19 05:10:53,515967,3990.0
1702,2021-10-19 06:10:57,515968,4001.0
1703,2021-10-19 08:10:33,515968,3990.0
1704,2021-10-19 07:10:02,515969,3940.0
1705,2021-10-19 10:10:53,515969,4040.0
1706,2021-10-19 08:10:11,515970,3942.0
1707,2021-10-19 08:10:32,515970,3911.0
1708,2021-10-19 08:10:39,515970,3951.0
1709,2021-10-19 10:10:43,515970,3850.0
1710,2021-10-19 11:10:44,515970,4030.0
1711,2021-10-19 11:10:18,515971,4030.0
1712,2021-10-19 11:10:34,515971,4121.0
1713,2021-10-20 01:10:01,515971,4020.0
1714,2021-10-20 01:10:04,515971,3859.0
1715,2021-10-20 12:10:48,515971,4000.0
1716,2021-10-20 01:10:26,515972,3861.0
1717,2021-10-20 01:10:54,515972,4010.0
1718,2021-10-20 12:10:36,515972,3960.0
1719,2021-10-20 12:10:38,515972,3960.0
1720,2021-10-20 01:10:00,515973,4031.0
1721,2021-10-20 12:10:51,515973,3990.0
1722,2021-10-20 01:10:09,515977,4079.0
1723,2021-10-20 12:10:03,515977,3900.0
1724,2021-10-20 01:10:10,515978,3990.0
1725,2021-10-20 01:10:21,515978,3930.0
1726,2021-10-20 03:10:19,515978,3880.0
1727,2021-10-20 02:10:47,515979,4050.0
1728,2021-10-20 05:10:55,515982,3980.0
1729,2021-10-20 06:10:44,515982,4059.0
1730,2021-10-20 05:10:39,515983,3912.0
1731,2021-10-20 01:10:18,515984,3950.0
1732,2021-10-20 01:10:25,515984,3969.0
1733,2021-10-20 06:10:17,515984,4021.0
1734,2021-10-20 06:10:54,515984,3921.0
1735,2021-10-20 07:10:12,515984,4020.0
1736,2021-10-20 08:10:07,515984,3971.0
1737,2021-10-20 10:10:46,515984,3980.0
1738,2021-10-20 11:10:08,515984,4011.0
1739,2021-10-20 11:10:15,515984,4031.0
1740,2021-10-20 11:10:27,515984,3919.0
1741,2021-10-20 11:10:33,515984,3880.0
1742,2021-10-20 11:10:54,515984,3990.0
1743,2021-10-20 12:10:53,515984,4049.0
1744,2021-10-20 02:10:29,515985,3930.0
1745,2021-10-20 03:10:02,515985,4009.0
1746,2021-10-20 03:10:24,515985,3960.0
1747,2021-10-20 03:10:45,515986,4001.0
1748,2021-10-20 03:10:49,515986,3950.0
1749,2021-10-20 04:10:44,515987,3990.0
1750,2021-10-20 05:10:43,515987,4041.0
1751,2021-10-20 05:10:04,515988,3960.0
1752,2021-10-20 06:10:13,515988,4079.0
1753,2021-10-20 06:10:11,515989,3910.0
1754,2021-10-20 05:10:13,515990,4039.0
1755,2021-10-20 07:10:17,515990,3950.0
1756,2021-10-20 08:10:26,515990,4020.0
1757,2021-10-20 07:10:16,515991,4020.0
1758,2021-10-20 09:10:44,515991,4060.0
1759,2021-10-20 08:10:06,515992,4039.0
1760,2021-10-20 08:10:08,515993,4019.0
1761,2021-10-20 08:10:42,515993,4060.0
1762,2021-10-20 08:10:53,515993,4079.0
1763,2021-10-20 10:10:36,515993,4029.0
1764,2021-10-20 10:10:41,515993,3921.0
1765,2021-10-20 11:10:46,515995,3991.0
1766,2021-10-20 11:10:47,515995,4010.0
1767,2021-10-21 12:10:12,515999,3949.0
1768,2021-10-21 12:10:47,515999,3930.0
1769,2021-10-21 02:10:00,516001,3920.0
1770,2021-10-22 01:10:05,516001,4070.0
1771,2021-10-22 01:10:13,516001,4070.0
1772,2021-10-22 01:10:19,516001,4050.0
1773,2021-10-22 01:10:31,516001,3850.0
1774,2021-10-21 03:10:55,516002,3959.0
1775,2021-10-21 04:10:30,516002,3959.0
1776,2021-10-21 04:10:16,516005,3969.0
1777,2021-10-21 05:10:19,516005,4011.0
1778,2021-10-21 05:10:17,516006,3959.0
1779,2021-10-21 06:10:12,516007,3970.0
1780,2021-10-21 06:10:28,516007,4010.0
1781,2021-10-21 06:10:37,516007,4000.0
1782,2021-10-21 07:10:13,516007,3960.0
1783,2021-10-21 08:10:14,516011,4070.0
1784,2021-10-21 08:10:18,516011,3969.0
1785,2021-10-21 09:10:39,516011,3929.0
1786,2021-10-21 09:10:11,516012,4029.0
1787,2021-10-21 10:10:06,516012,3960.0
1788,2021-10-21 02:10:11,516013,4010.0
1789,2021-10-21 02:10:58,516013,3921.0
1790,2021-10-21 03:10:31,516013,4000.0
1791,2021-10-21 03:10:33,516013,3961.0
1792,2021-10-21 03:10:44,516013,3910.0
1793,2021-10-21 04:10:13,516013,3939.0
1794,2021-10-21 12:10:44,516013,4010.0
1795,2021-10-21 04:10:06,516015,3970.0
1796,2021-10-21 05:10:31,516015,4060.0
1797,2021-10-21 03:10:43,516016,3919.0
1798,2021-10-21 05:10:00,516016,4050.0
1799,2021-10-21 05:10:22,516016,3959.0
1800,2021-10-21 05:10:52,516016,3949.0
1801,2021-10-21 07:10:22,516016,4039.0
1802,2021-10-21 07:10:16,516017,3980.0
1803,2021-10-21 07:10:43,516018,4040.0
1804,2021-10-21 07:10:04,516019,4040.0
1805,2021-10-21 07:10:47,516019,4019.0
1806,2021-10-21 08:10:03,516020,3900.0
1807,2021-10-21 08:10:05,516021,3990.0
1808,2021-10-21 09:10:10,516021,3941.0
1809,2021-10-21 11:10:15,516021,4010.0
1810,2021-10-21 11:10:37,516021,3930.0
1811,2021-10-21 11:10:40,516021,3920.0
1812,2021-10-22 12:10:30,516021,4020.0
1813,2021-10-22 12:10:39,516021,4080.0
1814,2021-10-22 01:10:12,516022,4062.0
1815,2021-10-22 01:10:36,516022,3920.0
1816,2021-10-22 01:10:57,516022,4030.0
1817,2021-10-22 02:10:01,516022,3940.0
1818,2021-10-22 02:10:17,516022,4049.0
1819,2021-10-22 02:10:45,516022,4040.0
1820,2021-10-22 05:10:21,516022,4050.0
1821,2021-10-22 05:10:37,516022,4009.0
1822,2021-10-22 06:10:47,516022,3840.0
1823,2021-10-22 06:10:53,516022,4089.0
1824,2021-10-22 02:10:00,516023,4009.0
1825,2021-10-22 02:10:17,516023,4051.0
1826,2021-10-22 02:10:57,516023,3929.0
1827,2021-10-22 07:10:10,516023,4030.0
1828,2021-10-22 07:10:22,516023,3989.0
1829,2021-10-22 07:10:23,516023,4070.0
1830,2021-10-22 06:10:24,516027,3940.0
1831,2021-10-22 07:10:13,516027,3940.0
1832,2021-10-22 07:10:22,516027,4080.0
1833,2021-10-22 06:10:39,516029,3950.0
1834,2021-10-22 08:10:11,516029,4010.0
1835,2021-10-22 07:10:09,516030,3970.0
1836,2021-10-22 08:10:18,516030,3961.0
1837,2021-10-22 07:10:03,516031,4049.0
1838,2021-10-22 07:10:09,516031,4030.0
1839,2021-10-22 07:10:15,516031,3959.0
1840,2021-10-22 08:10:10,516031,4002.0
1841,2021-10-22 08:10:26,516031,3950.0
1842,2021-10-22 09:10:15,516031,3880.0
1843,2021-10-22 09:10:16,516031,4060.0
1844,2021-10-22 09:10:35,516031,4040.0
1845,2021-10-22 08:10:37,516032,3910.0
1846,2021-10-22 10:10:17,516036,4039.0
1847,2021-10-22 11:10:16,516037,3949.0
1848,2021-10-22 12:10:01,516037,3951.0
1849,2021-10-22 11:10:58,516038,3961.0
1850,2021-10-22 12:10:36,516038,4019.0
1851,2021-10-22 01:10:03,516039,4040.0
1852,2021-10-22 01:10:53,516039,3990.0
1853,2021-10-22 02:10:06,516039,3881.0
1854,2021-10-22 01:10:04,516040,4050.0
1855,2021-10-22 01:10:33,516040,4011.0
1856,2021-10-22 01:10:45,516040,3959.0
1857,2021-10-22 02:10:40,516040,4070.0
1858,2021-10-22 02:10:58,516040,3920.0
1859,2021-10-22 03:10:43,516040,4039.0
1860,2021-10-22 02:10:18,516041,4010.0
1861,2021-10-22 02:10:50,516041,3950.0
1862,2021-10-22 03:10:00,516041,3989.0
1863,2021-10-22 03:10:03,516042,4069.0
1864,2021-10-22 03:10:08,516042,3970.0
1865,2021-10-22 03:10:28,516042,3999.0
1866,2021-10-22 04:10:25,516042,4048.0
1867,2021-10-22 04:10:40,516042,3989.0
1868,2021-10-22 04:10:18,516044,3962.0
1869,2021-10-22 04:10:30,516044,3971.0
1870,2021-10-22 05:10:54,516044,3910.0
1871,2021-10-22 06:10:41,516044,4019.0
1872,2021-10-22 05:10:01,516045,3940.0
1873,2021-10-22 05:10:26,516045,3920.0
1874,2021-10-22 06:10:10,516045,3861.0
1875,2021-10-22 06:10:26,516045,3930.0
1876,2021-10-22 07:10:43,516045,4050.0
1877,2021-10-22 05:10:01,516046,3950.0
1878,2021-10-22 06:10:39,516046,3960.0
1879,2021-10-22 06:10:43,516046,4020.0
1880,2021-10-22 06:10:53,516046,3929.0
1881,2021-10-22 07:10:06,516046,3901.0
1882,2021-10-22 07:10:27,516046,3941.0
1883,2021-10-22 06:10:27,516047,3968.0
1884,2021-10-22 08:10:59,516047,3990.0
1885,2021-10-22 07:10:38,516048,3939.0
1886,2021-10-22 08:10:31,516049,4029.0
1887,2021-10-22 09:10:11,516050,3970.0
1888,2021-10-22 11:10:46,516051,3999.0
1889,2021-10-23 12:10:53,516051,3921.0
1890,2021-10-22 11:10:15,516053,4029.0
1891,2021-10-23 01:10:19,516054,3950.0
1892,2021-10-23 12:10:21,516054,3978.0
1893,2021-10-23 12:10:37,516054,4040.0
1894,2021-10-23 01:10:04,516055,3970.0
1895,2021-10-23 01:10:19,516056,4030.0
1896,2021-10-23 01:10:21,516056,3950.0
1897,2021-10-23 01:10:52,516056,3961.0
1898,2021-10-23 12:10:41,516056,4029.0
1899,2021-10-23 02:10:22,516058,3929.0
1900,2021-10-23 02:10:31,516066,4039.0
1901,2021-10-23 03:10:13,516066,3939.0
1902,2021-10-23 04:10:43,516066,4049.0
1903,2021-10-23 05:10:03,516066,4091.0
1904,2021-10-23 05:10:22,516066,3999.0
1905,2021-10-23 06:10:39,516066,3950.0
1906,2021-10-23 06:10:45,516066,4020.0
1907,2021-10-23 07:10:03,516066,3960.0
1908,2021-10-23 09:10:31,516066,3962.0
1909,2021-10-23 11:10:15,516066,3962.0
1910,2021-10-24 05:10:04,516066,4028.0
1911,2021-10-24 09:10:49,516066,4091.0
1912,2021-10-24 10:10:32,516066,3970.0
1913,2021-10-24 10:10:35,516066,4061.0
1914,2021-10-24 11:10:04,516066,4060.0
1915,2021-10-24 11:10:18,516066,4020.0
1916,2021-10-24 11:10:49,516066,4069.0
1917,2021-10-24 11:10:55,516066,4039.0
1918,2021-10-24 12:10:20,516066,4040.0
1919,2021-10-24 12:10:55,516066,3950.0
1920,2021-10-24 12:10:31,516067,3940.0
1921,2021-10-25 10:10:22,516076,4000.0
1922,2021-10-25 10:10:57,516076,3940.0
1923,2021-10-25 11:10:37,516076,4039.0
1924,2021-10-25 01:10:10,516079,4050.0
1925,2021-10-25 01:10:12,516079,4070.0
1926,2021-10-25 01:10:20,516079,4052.0
1927,2021-10-25 01:10:27,516079,3961.0
1928,2021-10-25 01:10:31,516079,3941.0
1929,2021-10-25 01:10:38,516079,3980.0
1930,2021-10-25 01:10:51,516079,4000.0
1931,2021-10-25 03:10:00,516079,4040.0
1932,2021-10-25 03:10:17,516079,4060.0
1933,2021-10-25 03:10:24,516079,4050.0
1934,2021-10-25 03:10:32,516079,3869.0
1935,2021-10-25 04:10:00,516079,3980.0
1936,2021-10-25 02:10:07,516080,4001.0
1937,2021-10-25 03:10:20,516080,4051.0
1938,2021-10-25 03:10:51,516080,4001.0
1939,2021-10-25 06:10:05,516080,4040.0
1940,2021-10-25 06:10:08,516080,3931.0
1941,2021-10-25 02:10:37,516081,4050.0
1942,2021-10-25 03:10:00,516081,4050.0
1943,2021-10-25 03:10:38,516081,3920.0
1944,2021-10-25 04:10:52,516081,3970.0
1945,2021-10-25 04:10:52,516081,3950.0
1946,2021-10-25 06:10:22,516081,3930.0
1947,2021-10-25 06:10:27,516081,3950.0
1948,2021-10-25 06:10:29,516081,3999.0
1949,2021-10-25 06:10:50,516081,3960.0
1950,2021-10-25 08:10:31,516081,3951.0
1951,2021-10-25 06:10:17,516082,4050.0
1952,2021-10-25 06:10:27,516082,4070.0
1953,2021-10-25 09:10:16,516082,3980.0
1954,2021-10-25 07:10:01,516083,4001.0
1955,2021-10-25 07:10:28,516083,3950.0
1956,2021-10-25 07:10:55,516083,4062.0
1957,2021-10-25 07:10:58,516083,4062.0
1958,2021-10-25 09:10:53,516083,3961.0
1959,2021-10-25 07:10:08,516084,4002.0
1960,2021-10-25 11:10:04,516084,4050.0
1961,2021-10-25 11:10:22,516085,3950.0
1962,2021-10-26 01:10:14,516085,4031.0
1963,2021-10-26 09:10:22,516085,4100.0
1964,2021-10-26 09:10:35,516085,3912.0
1965,2021-10-26 09:10:43,516085,4089.0
1966,2021-10-26 12:10:00,516085,4081.0
1967,2021-10-26 12:10:37,516085,4020.0
1968,2021-10-26 12:10:35,516086,4079.0
1969,2021-10-26 02:10:26,516087,3911.0
1970,2021-10-26 12:10:03,516087,3930.0
1971,2021-10-26 12:10:14,516087,4010.0
1972,2021-10-26 01:10:53,516090,4039.0
1973,2021-10-26 01:10:24,516091,3990.0
1974,2021-10-26 02:10:43,516092,3989.0
1975,2021-10-26 02:10:08,516093,4030.0
1976,2021-10-26 02:10:51,516093,4089.0
1977,2021-10-26 04:10:17,516093,3950.0
1978,2021-10-26 03:10:14,516094,3970.0
1979,2021-10-26 04:10:33,516096,4041.0
1980,2021-10-26 04:10:47,516096,3961.0
1981,2021-10-26 04:10:02,516097,3980.0
1982,2021-10-26 05:10:06,516097,3980.0
1983,2021-10-26 06:10:59,516098,4059.0
1984,2021-10-26 07:10:04,516098,3979.0
1985,2021-10-26 07:10:14,516098,3951.0
1986,2021-10-26 07:10:23,516098,4030.0
1987,2021-10-26 07:10:33,516098,3919.0
1988,2021-10-26 08:10:00,516098,3949.0
1989,2021-10-26 08:10:13,516098,3909.0
1990,2021-10-26 08:10:23,516098,4041.0
1991,2021-10-26 08:10:34,516098,4020.0
1992,2021-10-26 01:10:10,516099,3910.0
1993,2021-10-26 01:10:15,516099,4081.0
1994,2021-10-26 01:10:19,516099,4059.0
1995,2021-10-26 01:10:30,516099,4010.0
1996,2021-10-26 12:10:05,516099,3970.0
1997,2021-10-26 12:10:09,516099,3969.0
1998,2021-10-26 12:10:41,516099,4128.0
1999,2021-10-26 02:10:26,516100,3910.0
2000,2021-10-26 02:10:33,516100,3940.0
2001,2021-10-26 03:10:12,516101,3928.0
2002,2021-10-26 03:10:50,516102,4030.0
2003,2021-10-26 03:10:37,516103,4051.0
2004,2021-10-26 03:10:58,516103,3959.0
2005,2021-10-26 04:10:01,516103,3970.0
2006,2021-10-26 04:10:25,516103,3950.0
2007,2021-10-26 04:10:51,516103,4050.0
2008,2021-10-26 06:10:50,516103,4010.0
2009,2021-10-26 05:10:12,516104,3961.0
2010,2021-10-26 05:10:18,516104,3990.0
2011,2021-10-26 05:10:41,516104,4050.0
2012,2021-10-26 07:10:24,516104,4061.0
2013,2021-10-26 07:10:54,516104,4070.0
2014,2021-10-26 06:10:10,516107,4009.0
2015,2021-10-26 08:10:06,516107,3940.0
2016,2021-10-26 09:10:04,516108,3939.0
2017,2021-10-26 09:10:38,516108,3930.0
2018,2021-10-26 09:10:00,516109,4060.0
2019,2021-10-26 09:10:20,516109,4029.0
2020,2021-10-26 09:10:31,516109,4040.0
2021,2021-10-26 11:10:10,516109,4070.0
2022,2021-10-26 10:10:06,516112,4031.0
2023,2021-10-26 10:10:55,516112,3920.0
2024,2021-10-26 11:10:09,516112,4071.0
2025,2021-10-26 09:10:23,516114,3980.0
2026,2021-10-26 10:10:41,516114,4109.0
2027,2021-10-26 11:10:08,516116,3960.0
2028,2021-10-26 11:10:28,516116,3969.0
2029,2021-10-26 11:10:12,516117,3930.0
2030,2021-10-26 11:10:12,516117,3991.0
2031,2021-10-26 11:10:51,516117,4058.0
2032,2021-10-27 12:10:07,516117,4030.0
2033,2021-10-27 12:10:40,516117,3829.0
2034,2021-10-27 01:10:50,516119,4059.0
2035,2021-10-27 02:10:32,516119,3940.0
2036,2021-10-27 03:10:47,516119,3921.0
2037,2021-10-27 12:10:21,516119,3940.0
2038,2021-10-27 04:10:39,516122,3960.0
2039,2021-10-27 04:10:50,516124,3930.0
2040,2021-10-27 05:10:12,516126,3961.0
2041,2021-10-27 05:10:40,516127,3990.0
2042,2021-10-27 06:10:42,516128,4061.0
2043,2021-10-27 06:10:59,516128,3970.0
2044,2021-10-27 07:10:05,516128,4051.0
2045,2021-10-27 07:10:35,516129,3998.0
2046,2021-10-27 09:10:00,516130,3980.0
2047,2021-10-27 10:10:13,516130,4030.0
2048,2021-10-27 01:10:00,516133,3940.0
2049,2021-10-27 01:10:49,516133,3960.0
2050,2021-10-27 02:10:48,516133,4000.0
2051,2021-10-27 03:10:23,516133,3940.0
2052,2021-10-27 03:10:41,516133,4050.0
2053,2021-10-27 12:10:00,516133,3970.0
2054,2021-10-27 12:10:19,516133,3939.0
2055,2021-10-27 04:10:07,516134,4072.0
2056,2021-10-27 04:10:20,516134,3950.0
2057,2021-10-27 04:10:21,516134,3940.0
2058,2021-10-27 05:10:38,516134,4091.0
2059,2021-10-27 10:10:10,516134,3948.0
2060,2021-10-27 05:10:14,516136,4050.0
2061,2021-10-27 06:10:36,516138,3950.0
2062,2021-10-27 07:10:15,516139,4000.0
2063,2021-10-27 07:10:43,516139,4000.0
2064,2021-10-27 09:10:17,516139,3989.0
2065,2021-10-27 11:10:51,516139,4051.0
2066,2021-10-28 01:10:05,516140,3970.0
2067,2021-10-28 01:10:31,516140,4100.0
2068,2021-10-28 12:10:38,516140,4081.0
2069,2021-10-28 03:10:34,516144,4020.0
2070,2021-10-28 04:10:26,516144,4090.0
2071,2021-10-28 03:10:22,516146,3972.0
2072,2021-10-28 03:10:07,516149,4061.0
2073,2021-10-28 05:10:53,516149,4039.0
2074,2021-10-28 04:10:26,516150,4021.0
2075,2021-10-28 05:10:29,516150,3960.0
2076,2021-10-28 04:10:21,516151,3941.0
2077,2021-10-28 04:10:26,516152,3930.0
2078,2021-10-28 06:10:14,516152,4090.0
2079,2021-10-28 05:10:37,516153,3951.0
2080,2021-10-28 06:10:27,516153,3990.0
2081,2021-10-28 05:10:30,516159,4010.0
2082,2021-10-28 07:10:45,516159,4081.0
2083,2021-10-28 07:10:08,516163,3970.0
2084,2021-10-28 07:10:45,516163,4050.0
2085,2021-10-28 07:10:50,516163,3941.0
2086,2021-10-28 08:10:48,516163,3900.0
2087,2021-10-28 09:10:02,516163,4001.0
2088,2021-10-28 04:10:37,516164,4071.0
2089,2021-10-28 04:10:53,516164,3921.0
2090,2021-10-28 11:10:34,516164,3969.0
2091,2021-10-28 04:10:12,516165,3981.0
2092,2021-10-28 05:10:09,516165,4001.0
2093,2021-10-28 06:10:49,516165,3990.0
2094,2021-10-28 05:10:23,516166,3960.0
2095,2021-10-28 05:10:51,516168,4091.0
2096,2021-10-28 06:10:36,516168,4020.0
2097,2021-10-28 06:10:37,516168,4030.0
2098,2021-10-28 07:10:57,516169,3970.0
2099,2021-10-28 11:10:21,516169,4010.0
2100,2021-10-28 06:10:50,516170,3989.0
2101,2021-10-28 10:10:55,516170,4050.0
2102,2021-10-29 01:10:26,516171,3969.0
2103,2021-10-29 01:10:27,516171,3961.0
2104,2021-10-29 01:10:37,516171,3941.0
2105,2021-10-29 02:10:21,516171,4041.0
2106,2021-10-29 03:10:26,516171,4070.0
2107,2021-10-29 02:10:24,516172,3980.0
2108,2021-10-29 02:10:16,516174,4089.0
2109,2021-10-29 06:10:54,516174,3980.0
2110,2021-10-29 07:10:03,516174,4100.0
2111,2021-10-29 07:10:57,516174,3979.0
2112,2021-10-29 08:10:14,516175,3940.0
2113,2021-10-29 08:10:07,516176,4070.0
2114,2021-10-29 08:10:17,516176,3929.0
2115,2021-10-29 08:10:46,516176,4070.0
2116,2021-10-29 08:10:51,516176,4081.0
2117,2021-10-29 08:10:58,516176,3939.0
2118,2021-10-29 09:10:03,516176,3940.0
2119,2021-10-29 09:10:47,516176,4070.0
2120,2021-10-29 10:10:03,516176,3910.0
2121,2021-10-29 10:10:43,516176,4031.0
2122,2021-10-29 11:10:19,516176,4080.0
2123,2021-10-29 01:10:08,516177,4060.0
2124,2021-10-29 02:10:23,516177,4061.0
2125,2021-10-29 02:10:44,516177,3930.0
2126,2021-10-29 03:10:46,516177,3980.0
2127,2021-10-29 07:10:24,516177,3960.0
2128,2021-10-29 07:10:30,516177,4000.0
2129,2021-10-29 07:10:49,516177,3980.0
2130,2021-10-29 09:10:36,516177,4080.0
2131,2021-10-29 10:10:54,516177,4040.0
2132,2021-10-29 02:10:22,516178,4019.0
2133,2021-10-29 02:10:42,516178,3931.0
2134,2021-10-29 04:10:24,516178,3889.0
2135,2021-10-29 04:10:24,516178,3929.0
2136,2021-10-29 04:10:24,516178,3951.0
2137,2021-10-29 04:10:59,516179,3968.0
2138,2021-10-29 06:10:35,516179,4040.0
2139,2021-10-29 09:10:58,516179,3960.0
2140,2021-10-29 10:10:14,516179,4039.0
2141,2021-10-29 11:10:21,516180,3920.0
2142,2021-10-30 12:10:10,516180,4041.0
2143,2021-10-30 12:10:18,516180,4040.0
2144,2021-10-29 09:10:10,516181,4061.0
2145,2021-10-29 10:10:58,516181,4041.0
2146,2021-10-29 11:10:03,516181,4060.0
2147,2021-10-29 11:10:51,516181,3980.0
2148,2021-10-30 01:10:53,516181,3960.0
2149,2021-10-30 04:10:58,516181,4000.0
2150,2021-10-30 05:10:28,516181,4040.0
2151,2021-10-30 05:10:59,516181,4049.0
2152,2021-10-30 06:10:23,516181,3980.0
2153,2021-10-30 06:10:26,516181,4041.0
2154,2021-10-30 06:10:39,516181,4069.0
2155,2021-10-30 12:10:32,516181,4040.0
2156,2021-10-30 07:10:20,516182,4050.0
2157,2021-10-30 07:10:44,516182,3950.0
2158,2021-10-30 07:10:46,516182,4050.0
2159,2021-10-30 07:10:22,516184,3950.0
2160,2021-10-30 07:10:52,516184,3979.0
2161,2021-10-30 09:10:34,516184,4069.0
2162,2021-10-30 08:10:45,516187,4070.0
2163,2021-10-30 10:10:28,516187,3960.0
2164,2021-10-30 09:10:19,516189,4060.0
2165,2021-10-30 02:10:25,516190,3971.0
2166,2021-10-30 03:10:00,516193,3910.0
2167,2021-10-30 05:10:34,516193,4069.0
2168,2021-10-30 05:10:50,516193,3960.0
2169,2021-10-30 07:10:35,516193,3951.0
2170,2021-10-30 08:10:15,516194,4091.0
2171,2021-10-31 04:10:41,516194,4040.0
2172,2021-10-31 11:10:22,516195,3970.0
2173,2021-10-31 04:10:19,516199,3970.0
2174,2021-10-31 06:10:35,516199,4040.0
2175,2021-10-31 07:10:13,516199,3950.0
2176,2021-10-31 07:10:30,516199,4058.0
2177,2021-10-31 08:10:18,516199,3920.0
2178,2021-10-31 09:10:00,516199,3990.0
2179,2021-10-31 09:10:00,516199,3980.0
2180,2021-10-31 09:10:11,516199,3950.0
2181,2021-10-31 09:10:20,516199,3960.0
2182,2021-10-31 09:10:28,516199,4050.0
2183,2021-10-31 09:10:32,516199,3990.0
2184,2021-10-31 09:10:35,516199,3979.0
2185,2021-10-31 10:10:54,516199,4040.0
2186,2021-10-31 11:10:20,516199,4090.0
2187,2021-11-01 05:11:46,516207,3961.0
2188,2021-11-01 01:11:44,516217,4011.0
2189,2021-11-01 10:11:28,516217,4020.0
2190,2021-11-01 10:11:46,516217,4001.0
2191,2021-11-01 10:11:57,516217,4071.0
2192,2021-11-01 11:11:07,516217,4010.0
2193,2021-11-01 11:11:26,516217,4080.0
2194,2021-11-01 11:11:35,516217,4000.0
2195,2021-11-01 03:11:29,516219,3950.0
2196,2021-11-01 04:11:11,516219,3959.0
2197,2021-11-01 04:11:15,516219,3979.0
2198,2021-11-01 05:11:26,516221,3958.0
2199,2021-11-01 06:11:30,516222,4020.0
2200,2021-11-01 07:11:47,516222,4260.0
2201,2021-11-01 09:11:47,516223,4039.0
2202,2021-11-02 07:11:26,516223,3900.0
2203,2021-11-02 07:11:48,516223,4100.0
2204,2021-11-02 07:11:52,516223,4160.0
2205,2021-11-02 12:11:54,516223,3950.0
2206,2021-11-02 03:11:14,516224,4060.0
2207,2021-11-02 05:11:11,516224,4020.0
2208,2021-11-02 05:11:18,516224,4079.0
2209,2021-11-02 04:11:16,516225,4031.0
2210,2021-11-02 04:11:55,516225,3989.0
2211,2021-11-02 04:11:56,516225,4061.0
2212,2021-11-02 04:11:57,516225,4090.0
2213,2021-11-02 05:11:20,516225,4041.0
2214,2021-11-02 07:11:23,516225,4030.0
2215,2021-11-02 08:11:00,516225,4120.0
2216,2021-11-02 08:11:01,516225,4030.0
2217,2021-11-02 06:11:06,516226,4030.0
2218,2021-11-02 07:11:33,516226,3972.0
2219,2021-11-02 09:11:55,516227,3921.0
2220,2021-11-02 10:11:41,516227,4030.0
2221,2021-11-02 01:11:17,516228,3870.0
2222,2021-11-02 02:11:23,516228,3951.0
2223,2021-11-02 11:11:45,516228,4039.0
2224,2021-11-02 12:11:02,516228,4090.0
2225,2021-11-02 12:11:11,516228,3989.0
2226,2021-11-02 12:11:53,516228,4030.0
2227,2021-11-02 12:11:59,516228,3971.0
2228,2021-11-02 01:11:29,516229,3991.0
2229,2021-11-02 02:11:43,516229,3978.0
2230,2021-11-02 02:11:46,516229,3941.0
2231,2021-11-02 02:11:56,516229,4071.0
2232,2021-11-02 02:11:59,516229,4020.0
2233,2021-11-02 04:11:44,516229,3971.0
2234,2021-11-02 04:11:48,516229,3960.0
2235,2021-11-02 12:11:05,516229,3950.0
2236,2021-11-02 05:11:33,516231,4030.0
2237,2021-11-02 05:11:08,516232,4072.0
2238,2021-11-02 05:11:33,516232,4060.0
2239,2021-11-02 07:11:03,516232,4071.0
2240,2021-11-02 07:11:35,516232,3940.0
2241,2021-11-02 07:11:51,516232,3940.0
2242,2021-11-02 07:11:53,516232,3999.0
2243,2021-11-02 08:11:35,516232,3930.0
2244,2021-11-02 08:11:39,516232,4080.0
2245,2021-11-02 09:11:40,516232,3961.0
2246,2021-11-02 09:11:52,516232,3970.0
2247,2021-11-02 10:11:30,516233,3970.0
2248,2021-11-02 11:11:41,516236,4011.0
2249,2021-11-03 01:11:35,516236,4040.0
2250,2021-11-02 11:11:06,516237,4010.0
2251,2021-11-02 11:11:34,516239,3989.0
2252,2021-11-03 02:11:21,516239,3982.0
2253,2021-11-03 12:11:14,516239,3970.0
2254,2021-11-03 05:11:17,516243,4069.0
2255,2021-11-03 05:11:19,516243,3931.0
2256,2021-11-03 05:11:40,516243,3949.0
2257,2021-11-03 06:11:49,516244,3970.0
2258,2021-11-03 06:11:50,516244,3960.0
2259,2021-11-03 07:11:47,516244,3969.0
2260,2021-11-03 08:11:46,516244,4069.0
2261,2021-11-03 08:11:51,516244,3941.0
2262,2021-11-03 08:11:56,516244,4011.0
2263,2021-11-03 09:11:37,516244,3950.0
2264,2021-11-03 10:11:36,516244,4031.0
2265,2021-11-03 09:11:02,516245,3971.0
2266,2021-11-03 11:11:56,516245,3980.0
2267,2021-11-03 12:11:09,516245,3950.0
2268,2021-11-03 12:11:33,516245,3960.0
2269,2021-11-03 01:11:02,516246,4080.0
2270,2021-11-03 01:11:26,516247,3990.0
2271,2021-11-03 02:11:13,516247,4040.0
2272,2021-11-03 03:11:05,516247,4070.0
2273,2021-11-03 02:11:31,516248,4070.0
2274,2021-11-03 02:11:36,516248,3960.0
2275,2021-11-03 03:11:41,516248,4140.0
2276,2021-11-03 03:11:50,516248,4049.0
2277,2021-11-03 04:11:27,516248,3929.0
2278,2021-11-03 03:11:20,516249,4000.0
2279,2021-11-03 03:11:32,516249,4030.0
2280,2021-11-03 04:11:13,516249,3990.0
2281,2021-11-03 05:11:11,516249,4090.0
2282,2021-11-03 03:11:52,516250,4040.0
2283,2021-11-03 05:11:07,516251,3920.0
2284,2021-11-03 05:11:59,516251,4030.0
2285,2021-11-03 06:11:38,516251,4010.0
2286,2021-11-03 06:11:52,516251,4040.0
2287,2021-11-03 05:11:16,516252,4051.0
2288,2021-11-03 05:11:16,516252,4000.0
2289,2021-11-03 06:11:54,516252,4039.0
2290,2021-11-03 06:11:10,516253,3950.0
2291,2021-11-03 06:11:17,516253,4020.0
2292,2021-11-03 06:11:30,516253,4059.0
2293,2021-11-03 07:11:51,516254,3930.0
2294,2021-11-03 09:11:15,516254,3971.0
2295,2021-11-03 09:11:34,516254,4050.0
2296,2021-11-03 09:11:38,516254,4030.0
2297,2021-11-03 09:11:59,516254,4140.0
2298,2021-11-03 10:11:37,516254,4071.0
2299,2021-11-03 11:11:31,516254,4060.0
2300,2021-11-03 11:11:54,516254,4130.0
2301,2021-11-03 09:11:27,516256,4041.0
2302,2021-11-03 10:11:41,516256,3939.0
2303,2021-11-04 12:11:17,516256,4031.0
2304,2021-11-03 11:11:47,516258,3940.0
2305,2021-11-04 01:11:27,516258,4080.0
2306,2021-11-04 03:11:25,516258,4050.0
2307,2021-11-04 12:11:35,516258,4050.0
2308,2021-11-04 12:11:38,516258,3930.0
2309,2021-11-04 04:11:22,516262,3951.0
2310,2021-11-04 04:11:48,516262,4000.0
2311,2021-11-04 05:11:23,516262,4010.0
2312,2021-11-04 05:11:13,516263,3939.0
2313,2021-11-04 06:11:12,516263,4010.0
2314,2021-11-04 05:11:19,516264,3969.0
2315,2021-11-04 06:11:19,516264,3968.0
2316,2021-11-04 06:11:32,516264,3960.0
2317,2021-11-04 07:11:11,516264,3870.0
2318,2021-11-04 07:11:48,516264,4040.0
2319,2021-11-04 06:11:29,516265,4001.0
2320,2021-11-04 07:11:17,516267,4030.0
2321,2021-11-04 07:11:29,516267,3930.0
2322,2021-11-04 08:11:03,516267,3939.0
2323,2021-11-04 09:11:10,516267,4080.0
2324,2021-11-04 09:11:58,516267,4020.0
2325,2021-11-04 08:11:08,516268,3981.0
2326,2021-11-04 11:11:31,516270,3969.0
2327,2021-11-04 11:11:57,516270,4010.0
2328,2021-11-04 12:11:43,516270,3941.0
2329,2021-11-04 12:11:53,516270,4049.0
2330,2021-11-04 12:11:27,516271,4040.0
2331,2021-11-04 01:11:08,516272,3960.0
2332,2021-11-04 03:11:20,516272,3960.0
2333,2021-11-04 03:11:36,516272,3930.0
2334,2021-11-04 12:11:45,516272,3960.0
2335,2021-11-04 03:11:37,516274,3920.0
2336,2021-11-04 06:11:18,516274,4001.0
2337,2021-11-04 06:11:21,516274,3959.0
2338,2021-11-04 07:11:06,516274,3930.0
2339,2021-11-04 06:11:12,516275,3940.0
2340,2021-11-04 07:11:31,516275,4030.0
2341,2021-11-04 07:11:34,516275,4030.0
2342,2021-11-04 07:11:40,516275,4050.0
2343,2021-11-05 01:11:51,516275,4160.0
2344,2021-11-05 01:11:55,516275,4050.0
2345,2021-11-05 04:11:53,516276,3940.0
2346,2021-11-05 05:11:55,516276,4090.0
2347,2021-11-05 05:11:04,516278,4030.0
2348,2021-11-05 05:11:39,516278,3973.0
2349,2021-11-05 05:11:53,516278,3991.0
2350,2021-11-05 07:11:07,516278,4050.0
2351,2021-11-05 06:11:33,516279,4021.0
2352,2021-11-05 09:11:51,516279,3960.0
2353,2021-11-05 10:11:20,516281,4060.0
2354,2021-11-05 12:11:28,516281,3970.0
2355,2021-11-05 12:11:46,516281,3978.0
2356,2021-11-05 01:11:46,516282,4021.0
2357,2021-11-05 12:11:37,516282,4020.0
2358,2021-11-05 04:11:19,516284,4020.0
2359,2021-11-05 12:11:37,516284,4009.0
2360,2021-11-05 01:11:02,516285,4040.0
2361,2021-11-05 01:11:35,516285,3979.0
2362,2021-11-05 04:11:08,516285,4040.0
2363,2021-11-05 04:11:26,516285,4060.0
2364,2021-11-05 01:11:50,516286,3970.0
2365,2021-11-05 03:11:03,516286,3990.0
2366,2021-11-05 03:11:12,516286,4050.0
2367,2021-11-05 05:11:18,516286,3849.0
2368,2021-11-05 02:11:02,516290,3969.0
2369,2021-11-05 03:11:49,516290,3962.0
2370,2021-11-05 02:11:08,516292,4040.0
2371,2021-11-05 02:11:30,516292,4001.0
2372,2021-11-05 02:11:49,516292,3941.0
2373,2021-11-05 03:11:50,516292,4039.0
2374,2021-11-05 05:11:10,516292,4060.0
2375,2021-11-05 05:11:12,516292,3860.0
2376,2021-11-05 06:11:30,516292,4079.0
2377,2021-11-05 06:11:35,516292,3968.0
2378,2021-11-05 06:11:49,516292,4050.0
2379,2021-11-05 07:11:28,516292,3949.0
2380,2021-11-05 07:11:35,516292,3989.0
2381,2021-11-05 07:11:57,516292,4052.0
2382,2021-11-05 08:11:00,516292,4020.0
2383,2021-11-05 08:11:12,516292,3940.0
2384,2021-11-05 08:11:53,516292,4021.0
2385,2021-11-05 10:11:21,516292,3950.0
2386,2021-11-05 02:11:13,516293,3968.0
2387,2021-11-05 09:11:23,516293,4041.0
2388,2021-11-05 09:11:46,516293,3950.0
2389,2021-11-05 10:11:22,516294,3971.0
2390,2021-11-05 10:11:24,516294,3880.0
2391,2021-11-05 10:11:59,516294,4050.0
2392,2021-11-05 11:11:03,516294,4051.0
2393,2021-11-05 11:11:37,516294,3960.0
2394,2021-11-05 11:11:58,516294,4081.0
2395,2021-11-06 01:11:02,516294,4020.0
2396,2021-11-06 12:11:03,516294,3970.0
2397,2021-11-06 12:11:49,516294,4050.0
2398,2021-11-06 01:11:24,516295,3910.0
2399,2021-11-06 02:11:00,516295,3940.0
2400,2021-11-06 02:11:14,516296,3960.0
2401,2021-11-06 02:11:18,516296,4080.0
2402,2021-11-06 03:11:21,516296,4059.0
2403,2021-11-06 03:11:53,516296,3921.0
2404,2021-11-06 03:11:37,516298,3930.0
2405,2021-11-06 03:11:34,516299,3921.0
2406,2021-11-06 05:11:04,516299,3848.0
2407,2021-11-06 04:11:44,516300,3942.0
2408,2021-11-06 05:11:02,516300,4060.0
2409,2021-11-06 06:11:14,516300,4071.0
2410,2021-11-06 06:11:34,516301,3930.0
2411,2021-11-06 06:11:54,516301,4031.0
2412,2021-11-06 07:11:27,516302,3970.0
2413,2021-11-06 08:11:17,516302,3849.0
2414,2021-11-06 07:11:21,516304,3920.0
2415,2021-11-06 07:11:46,516304,4010.0
2416,2021-11-06 08:11:27,516308,4100.0
2417,2021-11-06 09:11:10,516308,3870.0
2418,2021-11-06 08:11:55,516313,3911.0
2419,2021-11-06 09:11:49,516316,3971.0
2420,2021-11-06 10:11:06,516318,4069.0
2421,2021-11-07 04:11:57,516322,3940.0
2422,2021-11-07 05:11:31,516322,4040.0
2423,2021-11-07 10:11:31,516322,3969.0
2424,2021-11-07 11:11:21,516322,3961.0
2425,2021-11-07 11:11:59,516322,3851.0
2426,2021-11-07 02:11:54,516323,3970.0
2427,2021-11-07 06:11:53,516326,4051.0
2428,2021-11-07 07:11:42,516326,3871.0
2429,2021-11-07 08:11:38,516326,4029.0
2430,2021-11-07 09:11:21,516326,3970.0
2431,2021-11-08 02:11:20,516326,4050.0
2432,2021-11-08 04:11:53,516326,3941.0
2433,2021-11-08 05:11:09,516326,4020.0
2434,2021-11-08 05:11:54,516326,4070.0
2435,2021-11-08 05:11:54,516326,3991.0
2436,2021-11-08 06:11:00,516326,4031.0
2437,2021-11-08 06:11:20,516326,4049.0
2438,2021-11-08 06:11:38,516326,3990.0
2439,2021-11-08 06:11:57,516326,3970.0
2440,2021-11-08 07:11:15,516326,4040.0
2441,2021-11-08 07:11:21,516326,4050.0
2442,2021-11-08 07:11:24,516326,3970.0
2443,2021-11-08 07:11:46,516326,3890.0
2444,2021-11-08 08:11:08,516326,3941.0
2445,2021-11-08 08:11:12,516326,4010.0
2446,2021-11-08 08:11:24,516326,3960.0
2447,2021-11-08 08:11:47,516326,4000.0
2448,2021-11-08 08:11:47,516326,3870.0
2449,2021-11-08 08:11:49,516326,3980.0
2450,2021-11-08 09:11:07,516326,4040.0
2451,2021-11-08 10:11:13,516326,3869.0
2452,2021-11-08 10:11:21,516326,4030.0
2453,2021-11-08 11:11:51,516326,3991.0
2454,2021-11-08 10:11:51,516327,3990.0
2455,2021-11-08 11:11:28,516328,3980.0
2456,2021-11-08 12:11:33,516328,3920.0
2457,2021-11-08 12:11:32,516329,3940.0
2458,2021-11-08 02:11:07,516330,3800.0
2459,2021-11-08 02:11:23,516330,4020.0
2460,2021-11-08 02:11:55,516330,3899.0
2461,2021-11-08 03:11:18,516330,3910.0
2462,2021-11-08 12:11:17,516330,3970.0
2463,2021-11-08 02:11:30,516332,3899.0
2464,2021-11-08 03:11:19,516332,4000.0
2465,2021-11-08 03:11:39,516332,3940.0
2466,2021-11-08 03:11:44,516333,3931.0
2467,2021-11-08 04:11:47,516333,3960.0
2468,2021-11-08 04:11:33,516334,3960.0
2469,2021-11-08 06:11:25,516335,3989.0
2470,2021-11-08 07:11:03,516335,4000.0
2471,2021-11-08 06:11:04,516336,3950.0
2472,2021-11-08 06:11:16,516336,3920.0
2473,2021-11-08 06:11:19,516336,3989.0
2474,2021-11-08 06:11:49,516336,3970.0
2475,2021-11-08 07:11:26,516336,3990.0
2476,2021-11-08 07:11:27,516336,4000.0
2477,2021-11-08 07:11:59,516336,3961.0
2478,2021-11-08 07:11:09,516338,3930.0
2479,2021-11-08 07:11:23,516338,4020.0
2480,2021-11-08 07:11:27,516338,3939.0
2481,2021-11-08 07:11:27,516338,3971.0
2482,2021-11-08 07:11:45,516338,3941.0
2483,2021-11-08 07:11:58,516338,3991.0
2484,2021-11-08 08:11:58,516338,4000.0
2485,2021-11-08 09:11:18,516338,3969.0
2486,2021-11-08 09:11:32,516338,3820.0
2487,2021-11-08 08:11:12,516340,3990.0
2488,2021-11-08 08:11:21,516340,3890.0
2489,2021-11-08 09:11:01,516340,4030.0
2490,2021-11-08 10:11:57,516340,3940.0
2491,2021-11-08 10:11:43,516343,3920.0
2492,2021-11-08 11:11:39,516343,3910.0
2493,2021-11-08 10:11:44,516345,3930.0
2494,2021-11-09 12:11:35,516345,3910.0
2495,2021-11-09 01:11:05,516349,3930.0
2496,2021-11-09 02:11:21,516349,3960.0
2497,2021-11-09 03:11:50,516349,3910.0
2498,2021-11-09 06:11:15,516349,3910.0
2499,2021-11-09 07:11:05,516349,3960.0
2500,2021-11-09 07:11:54,516349,3919.0
2501,2021-11-09 08:11:46,516349,3800.0
2502,2021-11-09 08:11:25,516350,3930.0
2503,2021-11-09 08:11:59,516350,3918.0
2504,2021-11-09 09:11:14,516350,4010.0
2505,2021-11-09 09:11:48,516350,3911.0
2506,2021-11-09 10:11:10,516350,3990.0
2507,2021-11-09 10:11:19,516350,3800.0
2508,2021-11-09 10:11:56,516350,4000.0
2509,2021-11-09 01:11:38,516351,4040.0
2510,2021-11-09 01:11:49,516351,3951.0
2511,2021-11-09 02:11:48,516351,3899.0
2512,2021-11-09 02:11:58,516351,4011.0
2513,2021-11-09 02:11:59,516351,3860.0
2514,2021-11-09 03:11:16,516351,4021.0
2515,2021-11-09 04:11:05,516351,4001.0
2516,2021-11-09 04:11:48,516351,3820.0
2517,2021-11-09 12:11:40,516351,3980.0
2518,2021-11-09 12:11:42,516351,3911.0
2519,2021-11-09 02:11:57,516352,3929.0
2520,2021-11-09 04:11:18,516352,4021.0
2521,2021-11-09 04:11:29,516352,3989.0
2522,2021-11-09 04:11:30,516352,3969.0
2523,2021-11-09 03:11:12,516353,4010.0
2524,2021-11-09 04:11:10,516353,3900.0
2525,2021-11-09 04:11:22,516353,3940.0
2526,2021-11-09 05:11:27,516353,4010.0
2527,2021-11-09 05:11:49,516353,4030.0
2528,2021-11-09 06:11:40,516353,3840.0
2529,2021-11-09 05:11:16,516356,4019.0
2530,2021-11-09 07:11:27,516358,4020.0
2531,2021-11-09 08:11:51,516358,3989.0
2532,2021-11-09 06:11:58,516359,4020.0
2533,2021-11-09 07:11:16,516359,3991.0
2534,2021-11-09 07:11:46,516359,3929.0
2535,2021-11-09 08:11:45,516359,3971.0
2536,2021-11-09 08:11:49,516359,3899.0
2537,2021-11-09 09:11:28,516359,3830.0
2538,2021-11-09 10:11:49,516359,3830.0
2539,2021-11-09 11:11:00,516361,3951.0
2540,2021-11-10 01:11:45,516362,4020.0
2541,2021-11-10 12:11:33,516362,4009.0
2542,2021-11-10 01:11:41,516363,4009.0
2543,2021-11-10 12:11:03,516363,3950.0
2544,2021-11-10 03:11:38,516365,3959.0
2545,2021-11-10 04:11:10,516365,4020.0
2546,2021-11-10 05:11:55,516368,3961.0
2547,2021-11-10 06:11:18,516368,3849.0
2548,2021-11-10 08:11:47,516371,3961.0
2549,2021-11-10 08:11:00,516372,3990.0
2550,2021-11-10 09:11:46,516372,3919.0
2551,2021-11-10 10:11:00,516372,4029.0
2552,2021-11-10 10:11:24,516374,3920.0
2553,2021-11-10 11:11:20,516374,3939.0
2554,2021-11-10 11:11:53,516374,3999.0
2555,2021-11-10 11:11:50,516375,3939.0
2556,2021-11-10 12:11:42,516375,3939.0
2557,2021-11-10 12:11:20,516376,3908.0
2558,2021-11-10 12:11:47,516376,3990.0
2559,2021-11-10 01:11:14,516377,3920.0
2560,2021-11-10 01:11:23,516377,4030.0
2561,2021-11-10 01:11:49,516377,3931.0
2562,2021-11-10 01:11:56,516377,3912.0
2563,2021-11-10 02:11:23,516377,4010.0
2564,2021-11-10 03:11:18,516377,4000.0
2565,2021-11-10 02:11:52,516378,3900.0
2566,2021-11-10 03:11:50,516379,3980.0
2567,2021-11-10 05:11:02,516379,4010.0
2568,2021-11-10 03:11:07,516380,3940.0
2569,2021-11-10 04:11:25,516380,3920.0
2570,2021-11-10 04:11:39,516381,3930.0
2571,2021-11-10 05:11:03,516381,3930.0
2572,2021-11-10 06:11:38,516381,3950.0
2573,2021-11-10 06:11:40,516381,3840.0
2574,2021-11-10 07:11:58,516381,4000.0
2575,2021-11-10 06:11:15,516382,3940.0
2576,2021-11-10 08:11:05,516382,3850.0
2577,2021-11-10 07:11:14,516383,4022.0
2578,2021-11-10 08:11:12,516383,4020.0
2579,2021-11-10 09:11:07,516383,3991.0
2580,2021-11-10 08:11:13,516385,3911.0
2581,2021-11-10 09:11:12,516385,3959.0
2582,2021-11-10 09:11:48,516385,3910.0
2583,2021-11-10 09:11:01,516386,3910.0
2584,2021-11-10 09:11:02,516386,3970.0
2585,2021-11-10 09:11:32,516386,3921.0
2586,2021-11-10 10:11:43,516386,3991.0
2587,2021-11-10 11:11:29,516386,4021.0
2588,2021-11-11 12:11:01,516386,3971.0
2589,2021-11-11 12:11:31,516386,3940.0
2590,2021-11-10 11:11:32,516387,3920.0
2591,2021-11-10 11:11:55,516387,3991.0
2592,2021-11-11 12:11:08,516390,3990.0
2593,2021-11-11 01:11:03,516391,3920.0
2594,2021-11-11 01:11:19,516392,3959.0
2595,2021-11-11 02:11:33,516392,3920.0
2596,2021-11-11 03:11:55,516392,3980.0
2597,2021-11-11 05:11:35,516397,3970.0
2598,2021-11-11 07:11:03,516397,4032.0
2599,2021-11-11 06:11:27,516398,3980.0
2600,2021-11-11 06:11:55,516398,4001.0
2601,2021-11-11 07:11:39,516398,4011.0
2602,2021-11-11 08:11:40,516398,3931.0
2603,2021-11-11 07:11:24,516399,4001.0
2604,2021-11-11 09:11:01,516400,4020.0
2605,2021-11-11 10:11:36,516400,4000.0
2606,2021-11-11 10:11:00,516401,3919.0
2607,2021-11-11 10:11:57,516401,4050.0
2608,2021-11-11 11:11:23,516401,3950.0
2609,2021-11-11 12:11:08,516401,3830.0
2610,2021-11-11 12:11:54,516401,3992.0
2611,2021-11-11 09:11:57,516402,3909.0
2612,2021-11-11 01:11:58,516403,3909.0
2613,2021-11-11 11:11:31,516403,4010.0
2614,2021-11-11 12:11:15,516403,3940.0
2615,2021-11-11 12:11:38,516403,3990.0
2616,2021-11-11 01:11:42,516404,3929.0
2617,2021-11-11 01:11:45,516404,3840.0
2618,2021-11-11 01:11:48,516404,4000.0
2619,2021-11-11 11:11:28,516404,3910.0
2620,2021-11-11 12:11:01,516404,4000.0
2621,2021-11-11 12:11:28,516404,3939.0
2622,2021-11-11 12:11:29,516404,3930.0
2623,2021-11-11 01:11:36,516405,3940.0
2624,2021-11-11 02:11:22,516405,4011.0
2625,2021-11-11 02:11:49,516405,3968.0
2626,2021-11-11 12:11:41,516405,3980.0
2627,2021-11-11 02:11:37,516406,3950.0
2628,2021-11-11 02:11:58,516406,3930.0
2629,2021-11-11 03:11:48,516406,3841.0
2630,2021-11-11 03:11:53,516406,3949.0
2631,2021-11-11 02:11:36,516408,4010.0
2632,2021-11-11 03:11:04,516408,3941.0
2633,2021-11-11 03:11:20,516408,3919.0
2634,2021-11-11 04:11:18,516408,3981.0
2635,2021-11-11 03:11:50,516409,3950.0
2636,2021-11-11 04:11:14,516411,3961.0
2637,2021-11-11 04:11:28,516411,4011.0
2638,2021-11-11 05:11:01,516412,4040.0
2639,2021-11-11 05:11:04,516412,3970.0
2640,2021-11-11 06:11:13,516412,4050.0
2641,2021-11-11 06:11:32,516413,3939.0
2642,2021-11-11 06:11:43,516413,3921.0
2643,2021-11-11 08:11:41,516413,4000.0
2644,2021-11-11 08:11:48,516413,4011.0
2645,2021-11-11 06:11:56,516414,4070.0
2646,2021-11-11 09:11:13,516414,3889.0
2647,2021-11-11 10:11:03,516415,3949.0
2648,2021-11-11 10:11:14,516415,3940.0
2649,2021-11-11 10:11:46,516415,3970.0
2650,2021-11-11 10:11:50,516415,3910.0
2651,2021-11-11 11:11:18,516415,4030.0
2652,2021-11-11 11:11:33,516415,3830.0
2653,2021-11-11 11:11:45,516415,3909.0
2654,2021-11-11 11:11:00,516416,4032.0
2655,2021-11-12 01:11:34,516419,3961.0
2656,2021-11-12 01:11:30,516420,4000.0
2657,2021-11-12 01:11:02,516421,3990.0
2658,2021-11-12 02:11:41,516421,3970.0
2659,2021-11-12 03:11:00,516421,4010.0
2660,2021-11-12 04:11:07,516421,4010.0
2661,2021-11-12 04:11:29,516421,3889.0
2662,2021-11-12 05:11:59,516424,3999.0
2663,2021-11-12 06:11:59,516424,4001.0
2664,2021-11-12 07:11:47,516424,4040.0
2665,2021-11-12 08:11:10,516424,3949.0
2666,2021-11-12 08:11:10,516424,3861.0
2667,2021-11-12 08:11:43,516424,4029.0
2668,2021-11-12 07:11:13,516425,3950.0
2669,2021-11-12 09:11:44,516425,3820.0
2670,2021-11-12 08:11:33,516426,3990.0
2671,2021-11-12 09:11:11,516426,4001.0
2672,2021-11-12 09:11:36,516426,3970.0
2673,2021-11-12 01:11:50,516427,3999.0
2674,2021-11-12 09:11:11,516427,3961.0
2675,2021-11-12 11:11:07,516427,3959.0
2676,2021-11-12 11:11:14,516427,3989.0
2677,2021-11-12 11:11:16,516427,4051.0
2678,2021-11-12 11:11:31,516427,3961.0
2679,2021-11-12 11:11:53,516427,3950.0
2680,2021-11-12 12:11:19,516427,4009.0
2681,2021-11-12 12:11:46,516427,4051.0
2682,2021-11-12 01:11:19,516428,3969.0
2683,2021-11-12 02:11:11,516428,4001.0
2684,2021-11-12 02:11:40,516428,3969.0
2685,2021-11-12 03:11:41,516428,4020.0
2686,2021-11-12 03:11:57,516428,4040.0
2687,2021-11-12 12:11:31,516428,4101.0
2688,2021-11-12 12:11:45,516428,4049.0
2689,2021-11-12 02:11:29,516429,3960.0
2690,2021-11-12 02:11:48,516429,3949.0
2691,2021-11-12 03:11:30,516429,3919.0
2692,2021-11-12 04:11:01,516429,3940.0
2693,2021-11-12 04:11:18,516429,3980.0
2694,2021-11-12 03:11:08,516430,4030.0
2695,2021-11-12 03:11:21,516430,4051.0
2696,2021-11-12 05:11:33,516430,3961.0
2697,2021-11-12 03:11:53,516431,3901.0
2698,2021-11-12 05:11:01,516433,3990.0
2699,2021-11-12 05:11:25,516434,3931.0
2700,2021-11-12 06:11:22,516436,3949.0
2701,2021-11-12 07:11:01,516436,4011.0
2702,2021-11-12 09:11:49,516436,3990.0
2703,2021-11-12 07:11:30,516437,4000.0
2704,2021-11-12 07:11:36,516437,4051.0
2705,2021-11-12 09:11:29,516437,3932.0
2706,2021-11-12 09:11:52,516437,3901.0
2707,2021-11-12 10:11:04,516437,4000.0
2708,2021-11-12 10:11:21,516437,3941.0
2709,2021-11-12 10:11:39,516437,4000.0
2710,2021-11-12 11:11:36,516437,4021.0
2711,2021-11-12 11:11:50,516437,3970.0
2712,2021-11-12 11:11:56,516437,4000.0
2713,2021-11-12 10:11:14,516440,3921.0
2714,2021-11-12 10:11:29,516440,4021.0
2715,2021-11-12 11:11:01,516440,4040.0
2716,2021-11-13 12:11:24,516440,3920.0
2717,2021-11-13 01:11:30,516447,3998.0
2718,2021-11-13 02:11:59,516447,4039.0
2719,2021-11-13 02:11:22,516448,3949.0
2720,2021-11-13 04:11:47,516448,3870.0
2721,2021-11-13 02:11:39,516453,3991.0
2722,2021-11-13 03:11:18,516453,3991.0
2723,2021-11-13 05:11:59,516453,4032.0
2724,2021-11-13 07:11:18,516453,3849.0
2725,2021-11-13 08:11:20,516453,3950.0
2726,2021-11-13 08:11:34,516453,4020.0
2727,2021-11-13 09:11:14,516453,4020.0
2728,2021-11-13 10:11:47,516453,4010.0
2729,2021-11-13 11:11:03,516453,3820.0
2730,2021-11-13 11:11:18,516453,4011.0
2731,2021-11-14 03:11:32,516453,4029.0
2732,2021-11-14 05:11:16,516453,4030.0
2733,2021-11-14 10:11:10,516453,4040.0
2734,2021-11-14 10:11:42,516453,3840.0
2735,2021-11-14 10:11:42,516453,3810.0
2736,2021-11-14 10:11:48,516453,4010.0
2737,2021-11-14 03:11:01,516456,3910.0
2738,2021-11-14 04:11:58,516456,3930.0
2739,2021-11-14 06:11:51,516456,4019.0
2740,2021-11-14 08:11:57,516456,4080.0
2741,2021-11-15 03:11:32,516456,3929.0
2742,2021-11-15 04:11:44,516456,3951.0
2743,2021-11-15 05:11:06,516456,3990.0
2744,2021-11-15 05:11:09,516456,4030.0
2745,2021-11-15 05:11:11,516456,3900.0
2746,2021-11-15 05:11:52,516456,3910.0
2747,2021-11-15 06:11:05,516456,3930.0
2748,2021-11-15 06:11:10,516456,3919.0
2749,2021-11-15 06:11:13,516456,3940.0
2750,2021-11-15 06:11:15,516456,3940.0
2751,2021-11-15 06:11:39,516456,3949.0
2752,2021-11-15 06:11:45,516456,3930.0
2753,2021-11-15 06:11:47,516456,3920.0
2754,2021-11-15 06:11:55,516456,4070.0
2755,2021-11-15 07:11:05,516456,4019.0
2756,2021-11-15 07:11:08,516456,4031.0
2757,2021-11-15 07:11:11,516456,4061.0
2758,2021-11-15 07:11:29,516456,4019.0
2759,2021-11-15 07:11:45,516456,4029.0
2760,2021-11-15 07:11:51,516456,4010.0
2761,2021-11-15 08:11:11,516456,4059.0
2762,2021-11-15 08:11:26,516456,3851.0
2763,2021-11-15 09:11:04,516456,4009.0
2764,2021-11-15 09:11:11,516456,4020.0
2765,2021-11-15 09:11:17,516456,3840.0
2766,2021-11-15 09:11:35,516456,4041.0
2767,2021-11-15 09:11:35,516456,4020.0
2768,2021-11-15 09:11:47,516456,3841.0
2769,2021-11-15 08:11:08,516458,4030.0
2770,2021-11-15 08:11:14,516458,3981.0
2771,2021-11-15 08:11:16,516458,3969.0
2772,2021-11-15 08:11:35,516458,4078.0
2773,2021-11-15 09:11:53,516458,4011.0
2774,2021-11-15 09:11:54,516458,3980.0
2775,2021-11-15 10:11:43,516459,3920.0
2776,2021-11-15 11:11:31,516459,3971.0
2777,2021-11-15 11:11:41,516459,4031.0
2778,2021-11-15 12:11:39,516459,4071.0
2779,2021-11-15 12:11:49,516459,3970.0
2780,2021-11-15 12:11:55,516459,4001.0
2781,2021-11-15 01:11:12,516460,4022.0
2782,2021-11-15 01:11:23,516460,3931.0
2783,2021-11-15 01:11:41,516460,3979.0
2784,2021-11-15 02:11:17,516460,4029.0
2785,2021-11-15 02:11:18,516460,4020.0
2786,2021-11-15 03:11:53,516460,3949.0
2787,2021-11-15 12:11:32,516460,3951.0
2788,2021-11-15 12:11:53,516460,4040.0
2789,2021-11-15 01:11:04,516461,3972.0
2790,2021-11-15 02:11:05,516461,4070.0
2791,2021-11-15 02:11:15,516461,3919.0
2792,2021-11-15 02:11:19,516461,3920.0
2793,2021-11-15 03:11:10,516461,3991.0
2794,2021-11-15 03:11:19,516461,3840.0
2795,2021-11-15 12:11:42,516461,3919.0
2796,2021-11-15 12:11:46,516461,3950.0
2797,2021-11-15 01:11:10,516462,3940.0
2798,2021-11-15 02:11:00,516462,3940.0
2799,2021-11-15 02:11:09,516462,3919.0
2800,2021-11-15 02:11:38,516462,3970.0
2801,2021-11-15 02:11:40,516462,3910.0
2802,2021-11-15 03:11:12,516462,4031.0
2803,2021-11-15 03:11:13,516462,3960.0
2804,2021-11-15 03:11:55,516462,3841.0
2805,2021-11-15 04:11:40,516462,3960.0
2806,2021-11-15 03:11:42,516463,3940.0
2807,2021-11-15 04:11:10,516463,3960.0
2808,2021-11-15 03:11:51,516464,4040.0
2809,2021-11-15 05:11:37,516464,4031.0
2810,2021-11-15 06:11:19,516464,4050.0
2811,2021-11-15 07:11:40,516464,4010.0
2812,2021-11-15 04:11:53,516466,3960.0
2813,2021-11-15 06:11:54,516466,3998.0
2814,2021-11-15 07:11:04,516467,3940.0
2815,2021-11-15 07:11:55,516467,3950.0
2816,2021-11-15 08:11:22,516467,3952.0
2817,2021-11-15 07:11:11,516468,3950.0
2818,2021-11-15 08:11:33,516468,4021.0
2819,2021-11-15 07:11:21,516469,3949.0
2820,2021-11-15 08:11:55,516469,3930.0
2821,2021-11-15 09:11:08,516469,3991.0
2822,2021-11-15 09:11:21,516472,3910.0
2823,2021-11-15 10:11:46,516472,4000.0
2824,2021-11-15 11:11:22,516472,3850.0
2825,2021-11-16 12:11:12,516472,3961.0
2826,2021-11-16 04:11:40,516480,3941.0
2827,2021-11-16 05:11:36,516480,3921.0
2828,2021-11-16 06:11:38,516480,3939.0
2829,2021-11-16 07:11:15,516480,4030.0
2830,2021-11-16 07:11:31,516480,3830.0
2831,2021-11-16 07:11:43,516480,4010.0
2832,2021-11-16 08:11:15,516480,3950.0
2833,2021-11-16 07:11:28,516481,4040.0
2834,2021-11-16 07:11:39,516481,4010.0
2835,2021-11-16 07:11:55,516481,4021.0
2836,2021-11-16 08:11:26,516481,3850.0
2837,2021-11-16 08:11:32,516481,3931.0
2838,2021-11-16 08:11:43,516481,3940.0
2839,2021-11-16 08:11:46,516481,3920.0
2840,2021-11-16 09:11:53,516481,3930.0
2841,2021-11-16 09:11:59,516481,3850.0
2842,2021-11-16 11:11:07,516481,4050.0
2843,2021-11-16 11:11:53,516481,3860.0
2844,2021-11-16 01:11:17,516485,4030.0
2845,2021-11-16 01:11:20,516485,3860.0
2846,2021-11-16 01:11:24,516485,4030.0
2847,2021-11-16 01:11:26,516485,3940.0
2848,2021-11-16 01:11:26,516485,3991.0
2849,2021-11-16 01:11:31,516485,3999.0
2850,2021-11-16 01:11:31,516485,3819.0
2851,2021-11-16 01:11:36,516485,3862.0
2852,2021-11-16 01:11:42,516485,4040.0
2853,2021-11-16 02:11:00,516485,3930.0
2854,2021-11-16 02:11:09,516485,4030.0
2855,2021-11-16 02:11:12,516485,4000.0
2856,2021-11-16 02:11:37,516485,3999.0
2857,2021-11-16 02:11:41,516485,3970.0
2858,2021-11-16 02:11:42,516485,4029.0
2859,2021-11-16 02:11:59,516485,3911.0
2860,2021-11-16 03:11:11,516485,3909.0
2861,2021-11-16 03:11:19,516485,3951.0
2862,2021-11-16 03:11:38,516485,3960.0
2863,2021-11-16 03:11:42,516485,4040.0
2864,2021-11-16 03:11:48,516485,3859.0
2865,2021-11-16 03:11:51,516485,3910.0
2866,2021-11-16 04:11:05,516485,4039.0
2867,2021-11-16 04:11:14,516485,4050.0
2868,2021-11-16 04:11:29,516485,3950.0
2869,2021-11-16 04:11:42,516485,4019.0
2870,2021-11-16 04:11:47,516485,3941.0
2871,2021-11-16 04:11:50,516485,3810.0
2872,2021-11-16 05:11:23,516485,3879.0
2873,2021-11-16 05:11:49,516485,4010.0
2874,2021-11-16 10:11:30,516485,3920.0
2875,2021-11-16 11:11:48,516485,3940.0
2876,2021-11-16 12:11:28,516485,4019.0
2877,2021-11-16 12:11:43,516485,3950.0
2878,2021-11-16 12:11:47,516485,3931.0
2879,2021-11-16 12:11:51,516485,3990.0
2880,2021-11-16 12:11:52,516485,3930.0
2881,2021-11-16 05:11:47,516487,3920.0
2882,2021-11-16 05:11:50,516487,3970.0
2883,2021-11-16 07:11:07,516487,3851.0
2884,2021-11-16 09:11:15,516487,3840.0
2885,2021-11-16 09:11:23,516487,3850.0
2886,2021-11-17 01:11:30,516487,3889.0
2887,2021-11-17 01:11:30,516487,3999.0
2888,2021-11-17 01:11:32,516487,4000.0
2889,2021-11-17 01:11:34,516487,4100.0
2890,2021-11-16 08:11:39,516488,4012.0
2891,2021-11-16 09:11:05,516488,4051.0
2892,2021-11-16 09:11:30,516489,4040.0
2893,2021-11-16 10:11:54,516489,3990.0
2894,2021-11-16 10:11:57,516489,3989.0
2895,2021-11-16 11:11:02,516489,3930.0
2896,2021-11-16 10:11:54,516490,3981.0
2897,2021-11-16 11:11:04,516490,3950.0
2898,2021-11-16 11:11:35,516490,3941.0
2899,2021-11-17 01:11:07,516490,4030.0
2900,2021-11-17 01:11:32,516490,4030.0
2901,2021-11-17 01:11:52,516490,4010.0
2902,2021-11-17 12:11:00,516490,4040.0
2903,2021-11-16 11:11:09,516493,3939.0
2904,2021-11-17 01:11:39,516493,4001.0
2905,2021-11-17 01:11:06,516494,3960.0
2906,2021-11-17 02:11:31,516495,3940.0
2907,2021-11-17 04:11:48,516495,3929.0
2908,2021-11-17 04:11:40,516497,3930.0
2909,2021-11-17 04:11:02,516498,4030.0
2910,2021-11-17 04:11:27,516498,3950.0
2911,2021-11-17 06:11:40,516498,3970.0
2912,2021-11-17 05:11:11,516499,3960.0
2913,2021-11-17 05:11:23,516499,3939.0
2914,2021-11-17 05:11:52,516499,4051.0
2915,2021-11-17 06:11:32,516499,4010.0
2916,2021-11-17 06:11:42,516499,3932.0
2917,2021-11-17 06:11:57,516499,4021.0
2918,2021-11-17 07:11:13,516499,3990.0
2919,2021-11-17 07:11:52,516499,4029.0
2920,2021-11-17 06:11:16,516500,3920.0
2921,2021-11-17 06:11:21,516500,3950.0
2922,2021-11-17 06:11:57,516500,3981.0
2923,2021-11-17 07:11:09,516500,3930.0
2924,2021-11-17 07:11:50,516500,3950.0
2925,2021-11-17 08:11:03,516500,4040.0
2926,2021-11-17 08:11:07,516500,4018.0
2927,2021-11-17 08:11:14,516500,4111.0
2928,2021-11-17 01:11:09,516503,4050.0
2929,2021-11-17 02:11:10,516503,4042.0
2930,2021-11-17 02:11:24,516503,3980.0
2931,2021-11-17 02:11:24,516503,4050.0
2932,2021-11-17 02:11:29,516503,3972.0
2933,2021-11-17 02:11:31,516503,4020.0
2934,2021-11-17 03:11:30,516503,3970.0
2935,2021-11-17 03:11:39,516503,3930.0
2936,2021-11-17 03:11:48,516503,3979.0
2937,2021-11-17 03:11:52,516503,3960.0
2938,2021-11-17 03:11:55,516503,3939.0
2939,2021-11-17 03:11:56,516503,4051.0
2940,2021-11-17 04:11:10,516503,3950.0
2941,2021-11-17 05:11:11,516503,3930.0
2942,2021-11-17 05:11:43,516503,4020.0
2943,2021-11-17 05:11:46,516503,4039.0
2944,2021-11-17 07:11:01,516503,3988.0
2945,2021-11-17 07:11:43,516503,4030.0
2946,2021-11-17 07:11:45,516503,3920.0
2947,2021-11-17 07:11:47,516503,3979.0
2948,2021-11-17 07:11:58,516503,3940.0
2949,2021-11-17 08:11:43,516503,3840.0
2950,2021-11-17 09:11:01,516503,4150.0
2951,2021-11-17 09:11:07,516503,3930.0
2952,2021-11-17 09:11:15,516503,4030.0
2953,2021-11-17 09:11:31,516503,3941.0
2954,2021-11-17 10:11:34,516503,4000.0
2955,2021-11-17 11:11:00,516503,4029.0
2956,2021-11-17 11:11:47,516503,4021.0
2957,2021-11-17 11:11:54,516503,3941.0
2958,2021-11-17 12:11:04,516503,4040.0
2959,2021-11-17 12:11:46,516503,4009.0
2960,2021-11-18 03:11:16,516503,4031.0
2961,2021-11-18 03:11:39,516503,4050.0
2962,2021-11-18 03:11:46,516503,3920.0
2963,2021-11-19 08:11:03,516503,3919.0
2964,2021-11-19 09:11:40,516503,4010.0
2965,2021-11-19 11:11:14,516503,4021.0
2966,2021-11-20 02:11:33,516503,3899.0
2967,2021-11-20 03:11:09,516503,4010.0
2968,2021-11-20 03:11:53,516503,3960.0
2969,2021-11-18 06:11:50,516507,4010.0
2970,2021-11-19 03:11:59,516507,4041.0
2971,2021-11-19 08:11:19,516507,4080.0
2972,2021-11-19 08:11:59,516507,4009.0
2973,2021-11-18 04:11:04,516509,3949.0
2974,2021-11-19 10:11:43,516509,3900.0
2975,2021-11-19 08:11:43,516510,3930.0
2976,2021-11-19 09:11:13,516510,4000.0
2977,2021-11-18 03:11:21,516511,4231.0
2978,2021-11-18 03:11:53,516511,3920.0
2979,2021-11-18 05:11:59,516511,4020.0
2980,2021-11-18 06:11:04,516511,3979.0
2981,2021-11-18 06:11:36,516511,4000.0
2982,2021-11-19 04:11:27,516511,3941.0
2983,2021-11-18 04:11:28,516512,3960.0
2984,2021-11-18 04:11:41,516512,4057.0
2985,2021-11-18 06:11:59,516518,3971.0
2986,2021-11-19 01:11:45,516518,3980.0
2987,2021-11-19 03:11:08,516518,4101.0
2988,2021-11-19 04:11:14,516518,3981.0
2989,2021-11-19 05:11:01,516518,4041.0
2990,2021-11-19 05:11:18,516518,4080.0
2991,2021-11-19 05:11:22,516518,3920.0
2992,2021-11-19 05:11:36,516518,4080.0
2993,2021-11-19 09:11:01,516518,4050.0
2994,2021-11-19 09:11:46,516518,3990.0
2995,2021-11-19 09:11:51,516518,3930.0
2996,2021-11-19 10:11:07,516518,3830.0
2997,2021-11-19 10:11:38,516518,4021.0
2998,2021-11-19 10:11:46,516518,3929.0
2999,2021-11-19 10:11:47,516518,3950.0
3000,2021-11-19 11:11:25,516518,3911.0
3001,2021-11-19 11:11:33,516518,3950.0
3002,2021-11-19 11:11:39,516518,3990.0
3003,2021-11-19 12:11:11,516518,4069.0
3004,2021-11-19 12:11:30,516518,4021.0
3005,2021-11-19 02:11:13,516520,3941.0
3006,2021-11-19 02:11:26,516520,4030.0
3007,2021-11-19 02:11:33,516520,3971.0
3008,2021-11-19 02:11:58,516520,4019.0
3009,2021-11-19 03:11:22,516520,3910.0
3010,2021-11-19 03:11:24,516520,3961.0
3011,2021-11-19 03:11:34,516520,4031.0
3012,2021-11-19 04:11:22,516520,4040.0
3013,2021-11-19 04:11:24,516520,3950.0
3014,2021-11-19 04:11:35,516520,3911.0
3015,2021-11-19 05:11:04,516520,3999.0
3016,2021-11-19 05:11:23,516520,4041.0
3017,2021-11-19 05:11:24,516520,4010.0
3018,2021-11-19 05:11:28,516520,4019.0
3019,2021-11-19 07:11:36,516520,4051.0
3020,2021-11-19 07:11:52,516520,3809.0
3021,2021-11-19 08:11:52,516520,4039.0
3022,2021-11-19 10:11:10,516520,4040.0
3023,2021-11-19 11:11:25,516520,3941.0
3024,2021-11-19 11:11:27,516520,3949.0
3025,2021-11-19 11:11:43,516520,3909.0
3026,2021-11-19 11:11:50,516520,3901.0
3027,2021-11-19 11:11:57,516520,3969.0
3028,2021-11-19 12:11:06,516520,3961.0
3029,2021-11-19 12:11:33,516520,3961.0
3030,2021-11-20 03:11:08,516520,3870.0
3031,2021-11-20 03:11:53,516520,4000.0
3032,2021-11-20 12:11:57,516520,4049.0
3033,2021-11-19 05:11:43,516521,3949.0
3034,2021-11-19 05:11:54,516521,3950.0
3035,2021-11-19 06:11:20,516521,3929.0
3036,2021-11-19 08:11:02,516521,3941.0
3037,2021-11-19 08:11:34,516521,3950.0
3038,2021-11-19 08:11:53,516521,4050.0
3039,2021-11-19 10:11:18,516521,4011.0
3040,2021-11-19 10:11:49,516521,3951.0
3041,2021-11-19 10:11:58,516521,4020.0
3042,2021-11-19 11:11:05,516521,3941.0
3043,2021-11-19 12:11:58,516521,4001.0
3044,2021-11-20 01:11:07,516521,4010.0
3045,2021-11-20 01:11:12,516521,3930.0
3046,2021-11-20 01:11:52,516521,4031.0
3047,2021-11-20 02:11:10,516521,4051.0
3048,2021-11-20 03:11:46,516521,3992.0
3049,2021-11-20 03:11:59,516521,3850.0
3050,2021-11-20 03:11:59,516521,3939.0
3051,2021-11-20 05:11:02,516521,4070.0
3052,2021-11-20 05:11:03,516521,4029.0
3053,2021-11-20 05:11:19,516521,4012.0
3054,2021-11-20 05:11:56,516521,4030.0
3055,2021-11-20 06:11:07,516521,4021.0
3056,2021-11-20 05:11:09,516523,3919.0
3057,2021-11-20 06:11:44,516523,4040.0
3058,2021-11-20 05:11:01,516525,4051.0
3059,2021-11-20 05:11:16,516525,4041.0
3060,2021-11-20 06:11:39,516525,4070.0
3061,2021-11-19 09:11:08,516527,4010.0
3062,2021-11-20 05:11:04,516527,4040.0
3063,2021-11-20 06:11:26,516528,3930.0
3064,2021-11-20 08:11:07,516528,4051.0
3065,2021-11-20 07:11:02,516529,4000.0
3066,2021-11-20 07:11:50,516529,3949.0
3067,2021-11-20 08:11:33,516529,4041.0
3068,2021-11-20 09:11:59,516529,4030.0
3069,2021-11-20 07:11:42,516530,3960.0
3070,2021-11-20 01:11:56,516532,3920.0
3071,2021-11-20 08:11:13,516533,3960.0
3072,2021-11-20 09:11:12,516533,3901.0
3073,2021-11-20 08:11:40,516534,4030.0
3074,2021-11-20 10:11:44,516534,4000.0
3075,2021-11-20 09:11:37,516538,3958.0
3076,2021-11-20 01:11:02,516541,3929.0
3077,2021-11-20 02:11:34,516541,4029.0
3078,2021-11-20 12:11:58,516541,4000.0
3079,2021-11-20 10:11:37,516547,4011.0
3080,2021-11-21 03:11:58,516550,4049.0
3081,2021-11-21 04:11:14,516550,4021.0
3082,2021-11-21 04:11:26,516550,3968.0
3083,2021-11-21 01:11:37,516551,3971.0
3084,2021-11-21 02:11:30,516551,3921.0
3085,2021-11-21 02:11:53,516551,4050.0
3086,2021-11-21 03:11:28,516551,4031.0
3087,2021-11-21 09:11:18,516556,4030.0
3088,2021-11-22 01:11:07,516556,4090.0
3089,2021-11-22 01:11:10,516556,3950.0
3090,2021-11-22 01:11:42,516556,3901.0
3091,2021-11-22 06:11:21,516556,3939.0
3092,2021-11-22 06:11:53,516556,4011.0
3093,2021-11-22 07:11:50,516556,3940.0
3094,2021-11-22 09:11:40,516556,3861.0
3095,2021-11-22 07:11:19,516557,4011.0
3096,2021-11-22 08:11:40,516557,3910.0
3097,2021-11-22 08:11:02,516558,3930.0
3098,2021-11-22 08:11:11,516558,3911.0
3099,2021-11-22 09:11:50,516558,3931.0
3100,2021-11-22 11:11:17,516558,3961.0
3101,2021-11-22 03:11:52,516559,4032.0
3102,2021-11-22 04:11:26,516559,4050.0
3103,2021-11-22 05:11:18,516559,4040.0
3104,2021-11-22 05:11:31,516559,3951.0
3105,2021-11-22 12:11:00,516559,3990.0
3106,2021-11-22 05:11:00,516561,4029.0
3107,2021-11-22 05:11:17,516562,3920.0
3108,2021-11-22 05:11:38,516562,3919.0
3109,2021-11-22 06:11:44,516562,3971.0
3110,2021-11-22 08:11:29,516562,4040.0
3111,2021-11-22 06:11:05,516564,3920.0
3112,2021-11-22 07:11:48,516564,3921.0
3113,2021-11-22 09:11:20,516564,4010.0
3114,2021-11-22 07:11:41,516565,4010.0
3115,2021-11-22 08:11:14,516565,3939.0
3116,2021-11-22 09:11:23,516565,4051.0
3117,2021-11-22 11:11:01,516565,4069.0
3118,2021-11-22 11:11:31,516565,4020.0
3119,2021-11-22 08:11:45,516567,4029.0
3120,2021-11-22 08:11:56,516567,3899.0
3121,2021-11-22 07:11:56,516569,3920.0
3122,2021-11-22 08:11:30,516569,4040.0
3123,2021-11-22 10:11:54,516569,3942.0
3124,2021-11-22 11:11:48,516569,3820.0
3125,2021-11-22 10:11:40,516570,4050.0
3126,2021-11-22 11:11:10,516571,4019.0
3127,2021-11-22 11:11:45,516571,3990.0
3128,2021-11-23 01:11:47,516571,4071.0
3129,2021-11-23 12:11:02,516571,3990.0
3130,2021-11-22 09:11:25,516572,4000.0
3131,2021-11-23 02:11:21,516573,3840.0
3132,2021-11-23 12:11:37,516573,4020.0
3133,2021-11-23 12:11:38,516573,3950.0
3134,2021-11-23 01:11:15,516574,3950.0
3135,2021-11-23 02:11:10,516574,3840.0
3136,2021-11-23 01:11:29,516575,4039.0
3137,2021-11-23 04:11:45,516575,3840.0
3138,2021-11-23 02:11:17,516576,3940.0
3139,2021-11-23 02:11:34,516578,3930.0
3140,2021-11-23 05:11:36,516578,4039.0
3141,2021-11-23 07:11:18,516578,3850.0
3142,2021-11-23 05:11:05,516579,4040.0
3143,2021-11-23 05:11:52,516579,3930.0
3144,2021-11-23 05:11:55,516579,3979.0
3145,2021-11-23 06:11:15,516579,3951.0
3146,2021-11-23 06:11:26,516579,3979.0
3147,2021-11-23 07:11:30,516579,4050.0
3148,2021-11-23 07:11:30,516579,3820.0
3149,2021-11-23 07:11:58,516579,4050.0
3150,2021-11-23 08:11:07,516579,4029.0
3151,2021-11-23 08:11:53,516579,3940.0
3152,2021-11-23 09:11:21,516582,3971.0
3153,2021-11-23 10:11:00,516583,4041.0
3154,2021-11-23 10:11:17,516583,3960.0
3155,2021-11-23 10:11:23,516583,3940.0
3156,2021-11-23 10:11:24,516583,3971.0
3157,2021-11-23 10:11:51,516583,3981.0
3158,2021-11-23 11:11:25,516583,3960.0
3159,2021-11-23 12:11:16,516583,3961.0
3160,2021-11-23 01:11:47,516585,4049.0
3161,2021-11-23 01:11:53,516585,3941.0
3162,2021-11-23 02:11:10,516585,4040.0
3163,2021-11-23 03:11:05,516585,4039.0
3164,2021-11-23 03:11:06,516585,4051.0
3165,2021-11-23 01:11:38,516586,4060.0
3166,2021-11-23 01:11:39,516586,4051.0
3167,2021-11-23 04:11:05,516586,4040.0
3168,2021-11-23 04:11:46,516588,4030.0
3169,2021-11-23 04:11:14,516589,3971.0
3170,2021-11-23 06:11:32,516589,4049.0
3171,2021-11-23 05:11:38,516590,3930.0
3172,2021-11-23 06:11:39,516592,4029.0
3173,2021-11-23 11:11:23,516592,3980.0
3174,2021-11-23 08:11:26,516593,3931.0
3175,2021-11-23 08:11:38,516593,3950.0
3176,2021-11-23 08:11:55,516593,4010.0
3177,2021-11-23 08:11:51,516594,3920.0
3178,2021-11-23 10:11:47,516594,3949.0
3179,2021-11-24 12:11:25,516594,4047.0
3180,2021-11-23 11:11:15,516596,3920.0
3181,2021-11-24 12:11:16,516596,4029.0
3182,2021-11-23 11:11:17,516598,4020.0
3183,2021-11-24 12:11:39,516598,4040.0
3184,2021-11-24 01:11:45,516604,3930.0
3185,2021-11-24 03:11:45,516604,3930.0
3186,2021-11-24 05:11:15,516605,4049.0
3187,2021-11-24 05:11:15,516605,4049.0
3188,2021-11-24 05:11:39,516605,3969.0
3189,2021-11-24 06:11:29,516605,4050.0
3190,2021-11-24 06:11:48,516605,3851.0
3191,2021-11-24 08:11:03,516605,3928.0
3192,2021-11-24 06:11:28,516606,4060.0
3193,2021-11-24 06:11:43,516606,3971.0
3194,2021-11-24 06:11:48,516606,4040.0
3195,2021-11-24 07:11:19,516606,4000.0
3196,2021-11-24 08:11:03,516606,4061.0
3197,2021-11-24 08:11:05,516608,3931.0
3198,2021-11-24 09:11:57,516608,3920.0
3199,2021-11-24 01:11:05,516609,3950.0
3200,2021-11-24 02:11:00,516609,3830.0
3201,2021-11-24 02:11:01,516609,3958.0
3202,2021-11-24 02:11:07,516609,3921.0
3203,2021-11-24 02:11:10,516609,4031.0
3204,2021-11-24 02:11:16,516609,4060.0
3205,2021-11-24 03:11:30,516609,3909.0
3206,2021-11-24 03:11:42,516609,4051.0
3207,2021-11-24 10:11:02,516609,4049.0
3208,2021-11-24 10:11:10,516609,3910.0
3209,2021-11-24 10:11:17,516609,3950.0
3210,2021-11-24 10:11:30,516609,3920.0
3211,2021-11-24 11:11:00,516609,4050.0
3212,2021-11-24 11:11:15,516609,3950.0
3213,2021-11-24 11:11:26,516609,4110.0
3214,2021-11-24 11:11:51,516609,3990.0
3215,2021-11-24 12:11:18,516609,3830.0
3216,2021-11-24 12:11:22,516609,4060.0
3217,2021-11-24 12:11:45,516609,4060.0
3218,2021-11-24 12:11:54,516609,4010.0
3219,2021-11-24 02:11:21,516610,3970.0
3220,2021-11-24 02:11:58,516610,4060.0
3221,2021-11-24 03:11:28,516610,3910.0
3222,2021-11-24 03:11:43,516610,3900.0
3223,2021-11-24 03:11:50,516611,3950.0
3224,2021-11-24 03:11:56,516611,4030.0
3225,2021-11-24 05:11:01,516612,4050.0
3226,2021-11-24 05:11:05,516613,4030.0
3227,2021-11-24 06:11:48,516613,4010.0
3228,2021-11-24 06:11:49,516613,4010.0
3229,2021-11-24 06:11:50,516613,4030.0
3230,2021-11-24 08:11:02,516613,3961.0
3231,2021-11-24 08:11:52,516613,4039.0
3232,2021-11-24 06:11:49,516615,3931.0
3233,2021-11-24 08:11:49,516615,3980.0
3234,2021-11-24 10:11:59,516615,4081.0
3235,2021-11-24 09:11:20,516616,3920.0
3236,2021-11-24 09:11:19,516617,3920.0
3237,2021-11-24 10:11:27,516617,4019.0
3238,2021-11-24 09:11:18,516618,3931.0
3239,2021-11-24 10:11:09,516618,4030.0
3240,2021-11-24 10:11:12,516619,3960.0
3241,2021-11-24 11:11:09,516619,3961.0
3242,2021-11-25 12:11:25,516619,4062.0
3243,2021-11-24 11:11:48,516620,3961.0
3244,2021-11-24 11:11:54,516620,3921.0
3245,2021-11-25 02:11:55,516624,4050.0
3246,2021-11-25 05:11:02,516628,3991.0
3247,2021-11-25 06:11:50,516628,3981.0
3248,2021-11-25 02:11:16,516630,4001.0
3249,2021-11-25 07:11:34,516630,4061.0
3250,2021-11-25 08:11:53,516630,3959.0
3251,2021-11-25 10:11:08,516630,3950.0
3252,2021-11-25 12:11:33,516630,4000.0
3253,2021-11-25 12:11:56,516630,4051.0
3254,2021-11-25 01:11:01,516632,3941.0
3255,2021-11-25 01:11:14,516632,4021.0
3256,2021-11-25 01:11:20,516632,3930.0
3257,2021-11-25 01:11:23,516632,3979.0
3258,2021-11-25 01:11:52,516632,3960.0
3259,2021-11-25 02:11:03,516632,4011.0
3260,2021-11-25 02:11:38,516632,3849.0
3261,2021-11-25 02:11:48,516632,3869.0
3262,2021-11-25 04:11:40,516632,4040.0
3263,2021-11-25 12:11:18,516632,3949.0
3264,2021-11-25 12:11:23,516632,4050.0
3265,2021-11-25 12:11:26,516632,3979.0
3266,2021-11-25 12:11:50,516632,3940.0
3267,2021-11-25 03:11:57,516633,3960.0
3268,2021-11-25 05:11:06,516633,4030.0
3269,2021-11-25 03:11:18,516634,3910.0
3270,2021-11-25 04:11:37,516635,3940.0
3271,2021-11-25 06:11:40,516635,4038.0
3272,2021-11-25 08:11:04,516635,3999.0
3273,2021-11-25 06:11:02,516638,3960.0
3274,2021-11-25 06:11:15,516638,3910.0
3275,2021-11-25 06:11:32,516638,4030.0
3276,2021-11-25 10:11:23,516638,4040.0
3277,2021-11-25 08:11:09,516640,3941.0
3278,2021-11-25 10:11:24,516640,3870.0
3279,2021-11-25 08:11:20,516641,3980.0
3280,2021-11-25 08:11:36,516641,4050.0
3281,2021-11-25 10:11:35,516641,3950.0
3282,2021-11-25 11:11:24,516641,3971.0
3283,2021-11-26 01:11:14,516642,3970.0
3284,2021-11-26 03:11:03,516642,3990.0
3285,2021-11-26 05:11:05,516645,4020.0
3286,2021-11-26 06:11:29,516645,3920.0
3287,2021-11-26 06:11:52,516645,3860.0
3288,2021-11-26 07:11:50,516645,3960.0
3289,2021-11-26 06:11:21,516648,4042.0
3290,2021-11-26 07:11:56,516648,4031.0
3291,2021-11-26 07:11:55,516649,3951.0
3292,2021-11-26 10:11:33,516651,3939.0
3293,2021-11-26 10:11:39,516651,3960.0
3294,2021-11-26 11:11:05,516651,3940.0
3295,2021-11-26 10:11:52,516652,3930.0
3296,2021-11-26 11:11:11,516652,3920.0
3297,2021-11-26 11:11:54,516652,3920.0
3298,2021-11-26 12:11:12,516652,3960.0
3299,2021-11-26 12:11:16,516652,3999.0
3300,2021-11-26 12:11:24,516652,4010.0
3301,2021-11-26 12:11:47,516652,4010.0
3302,2021-11-26 01:11:06,516653,3960.0
3303,2021-11-26 02:11:05,516653,3910.0
3304,2021-11-26 02:11:11,516653,3940.0
3305,2021-11-26 02:11:14,516653,3979.0
3306,2021-11-26 02:11:56,516653,3990.0
3307,2021-11-26 03:11:59,516653,4022.0
3308,2021-11-26 04:11:51,516653,3851.0
3309,2021-11-26 12:11:56,516653,3949.0
3310,2021-11-26 03:11:04,516654,3930.0
3311,2021-11-26 04:11:12,516654,4020.0
3312,2021-11-26 05:11:08,516654,4039.0
3313,2021-11-26 04:11:59,516655,3980.0
3314,2021-11-26 05:11:42,516655,3840.0
3315,2021-11-26 04:11:56,516658,3921.0
3316,2021-11-26 05:11:01,516658,4000.0
3317,2021-11-26 05:11:58,516658,3951.0
3318,2021-11-26 06:11:22,516658,4041.0
3319,2021-11-26 06:11:42,516658,3910.0
3320,2021-11-26 07:11:54,516658,4000.0
3321,2021-11-26 08:11:26,516658,4031.0
3322,2021-11-26 08:11:56,516658,3872.0
3323,2021-11-26 08:11:01,516663,3910.0
3324,2021-11-27 12:11:19,516663,3840.0
3325,2021-11-26 08:11:55,516664,4001.0
3326,2021-11-26 11:11:19,516664,4010.0
3327,2021-11-27 12:11:41,516666,3950.0
3328,2021-11-27 02:11:10,516669,3930.0
3329,2021-11-27 02:11:13,516670,3940.0
3330,2021-11-27 02:11:57,516671,3960.0
3331,2021-11-27 04:11:32,516671,3930.0
3332,2021-11-27 04:11:40,516671,3950.0
3333,2021-11-27 05:11:37,516671,3889.0
3334,2021-11-28 01:11:09,516676,3940.0
3335,2021-11-28 01:11:13,516676,4051.0
3336,2021-11-29 08:11:48,516682,4039.0
3337,2021-11-29 12:11:49,516682,3960.0
3338,2021-11-30 04:11:01,516682,3938.0
3339,2021-11-30 06:11:04,516682,3960.0
3340,2021-11-29 01:11:08,516683,3980.0
3341,2021-11-29 01:11:55,516684,3929.0
3342,2021-11-29 02:11:46,516685,3970.0
3343,2021-11-29 03:11:06,516685,3919.0
3344,2021-11-29 03:11:22,516685,3919.0
3345,2021-11-29 04:11:48,516685,3930.0
3346,2021-11-29 05:11:23,516685,3968.0
3347,2021-11-29 05:11:30,516685,3961.0
3348,2021-11-29 05:11:34,516685,4040.0
3349,2021-11-29 05:11:50,516685,3961.0
3350,2021-11-29 05:11:53,516685,3970.0
3351,2021-11-29 06:11:06,516685,4029.0
3352,2021-11-29 06:11:25,516685,4050.0
3353,2021-11-29 06:11:34,516685,3930.0
3354,2021-11-29 07:11:43,516685,4109.0
3355,2021-11-29 08:11:40,516687,4050.0
3356,2021-11-29 10:11:32,516687,3931.0
3357,2021-11-30 07:11:07,516687,4030.0
3358,2021-11-30 07:11:41,516687,4009.0
3359,2021-11-30 07:11:45,516687,3860.0
3360,2021-11-29 11:11:51,516688,3970.0
3361,2021-11-30 01:11:48,516688,4009.0
3362,2021-11-30 08:11:10,516688,3878.0
3363,2021-11-30 08:11:22,516688,4010.0
3364,2021-11-30 08:11:28,516688,4010.0
3365,2021-11-30 12:11:55,516688,4089.0
3366,2021-11-30 01:11:22,516689,3941.0
3367,2021-11-30 04:11:31,516689,4050.0
3368,2021-11-30 04:11:36,516689,3850.0
3369,2021-11-30 04:11:49,516690,3920.0
3370,2021-11-30 05:11:30,516690,4019.0
3371,2021-11-30 05:11:50,516690,3930.0
3372,2021-11-30 06:11:09,516690,3830.0
3373,2021-11-30 06:11:47,516690,4040.0
3374,2021-11-30 06:11:52,516690,3950.0
3375,2021-11-30 06:11:42,516691,3930.0
3376,2021-11-30 08:11:52,516692,4030.0
3377,2021-11-30 10:11:52,516692,4010.0
3378,2021-11-30 11:11:00,516692,3998.0
3379,2021-11-30 10:11:37,516693,4050.0
3380,2021-11-30 12:11:45,516693,4030.0
3381,2021-11-30 01:11:03,516697,4030.0
3382,2021-11-30 01:11:05,516697,4039.0
3383,2021-11-30 01:11:13,516697,3960.0
3384,2021-11-30 01:11:26,516697,3931.0
3385,2021-11-30 02:11:33,516697,4030.0
3386,2021-11-30 03:11:05,516697,4010.0
3387,2021-11-30 03:11:21,516697,4030.0
3388,2021-11-30 12:11:32,516697,3960.0
3389,2021-11-30 04:11:02,516700,4010.0
3390,2021-11-30 09:11:38,516700,4081.0
3391,2021-12-01 05:12:23,516701,4060.0
3392,2021-12-01 12:12:24,516701,4060.0
3393,2021-11-30 11:11:04,516706,3980.0
3394,2021-12-01 01:12:45,516706,3940.0
3395,2021-12-01 02:12:10,516710,4000.0
3396,2021-12-01 02:12:39,516710,3939.0
3397,2021-12-01 06:12:56,516710,4031.0
3398,2021-12-01 01:12:22,516713,3970.0
3399,2021-12-01 02:12:31,516713,3960.0
3400,2021-12-01 02:12:45,516713,3991.0
3401,2021-12-01 03:12:06,516713,3939.0
3402,2021-12-01 06:12:06,516713,3929.0
3403,2021-12-01 07:12:00,516713,4030.0
3404,2021-12-01 07:12:22,516713,3931.0
3405,2021-12-01 08:12:12,516713,3931.0
3406,2021-12-01 08:12:29,516713,3910.0
3407,2021-12-01 09:12:09,516713,3950.0
3408,2021-12-01 10:12:26,516713,3960.0
3409,2021-12-01 11:12:51,516713,3950.0
3410,2021-12-01 12:12:12,516713,4000.0
3411,2021-12-02 04:12:08,516713,3931.0
3412,2021-12-01 07:12:08,516714,4030.0
3413,2021-12-01 09:12:10,516714,3982.0
3414,2021-12-01 09:12:46,516714,4030.0
3415,2021-12-01 10:12:13,516714,3910.0
3416,2021-12-01 10:12:38,516714,4050.0
3417,2021-12-01 10:12:40,516714,3919.0
3418,2021-12-01 11:12:49,516714,3929.0
3419,2021-12-02 01:12:11,516714,4031.0
3420,2021-12-02 01:12:15,516714,4060.0
3421,2021-12-02 01:12:23,516714,3960.0
3422,2021-12-02 01:12:57,516714,4040.0
3423,2021-12-02 12:12:24,516714,3940.0
3424,2021-12-02 12:12:57,516714,3950.0
3425,2021-12-01 11:12:13,516715,4060.0
3426,2021-12-01 11:12:15,516715,3960.0
3427,2021-12-02 01:12:41,516715,3939.0
3428,2021-12-02 01:12:43,516715,3990.0
3429,2021-12-02 12:12:18,516716,3921.0
3430,2021-12-02 12:12:29,516716,3950.0
3431,2021-12-02 01:12:02,516719,3980.0
3432,2021-12-02 01:12:31,516719,4050.0
3433,2021-12-02 02:12:47,516719,4020.0
3434,2021-12-02 05:12:07,516723,3980.0
3435,2021-12-02 08:12:12,516723,3819.0
3436,2021-12-02 08:12:24,516723,4071.0
3437,2021-12-02 08:12:36,516723,3940.0
3438,2021-12-02 07:12:23,516725,4040.0
3439,2021-12-02 07:12:23,516725,3980.0
3440,2021-12-02 09:12:55,516725,3979.0
3441,2021-12-02 08:12:04,516727,3919.0
3442,2021-12-02 08:12:55,516727,3920.0
3443,2021-12-02 09:12:44,516727,3940.0
3444,2021-12-02 10:12:33,516727,3940.0
3445,2021-12-02 10:12:36,516727,3940.0
3446,2021-12-02 10:12:48,516727,3940.0
3447,2021-12-02 11:12:01,516727,4031.0
3448,2021-12-02 11:12:17,516727,4001.0
3449,2021-12-02 11:12:20,516727,4020.0
3450,2021-12-02 11:12:50,516727,3940.0
3451,2021-12-02 12:12:58,516727,4059.0
3452,2021-12-02 01:12:03,516728,3970.0
3453,2021-12-02 01:12:39,516728,4011.0
3454,2021-12-02 01:12:47,516728,4110.0
3455,2021-12-02 02:12:13,516728,4030.0
3456,2021-12-02 11:12:11,516728,3918.0
3457,2021-12-02 11:12:51,516728,4011.0
3458,2021-12-02 12:12:05,516728,4069.0
3459,2021-12-02 12:12:40,516728,3970.0
3460,2021-12-02 12:12:56,516728,4040.0
3461,2021-12-02 02:12:35,516729,3960.0
3462,2021-12-02 02:12:30,516731,4020.0
3463,2021-12-02 03:12:54,516732,4000.0
3464,2021-12-02 05:12:23,516732,4030.0
3465,2021-12-02 05:12:49,516734,4010.0
3466,2021-12-02 05:12:54,516735,4030.0
3467,2021-12-02 07:12:42,516735,4041.0
3468,2021-12-02 06:12:53,516736,4010.0
3469,2021-12-02 07:12:24,516737,4031.0
3470,2021-12-02 07:12:29,516737,3909.0
3471,2021-12-02 07:12:15,516739,3951.0
3472,2021-12-02 08:12:44,516739,4020.0
3473,2021-12-02 10:12:09,516739,4050.0
3474,2021-12-02 10:12:29,516739,4041.0
3475,2021-12-02 10:12:30,516739,3870.0
3476,2021-12-02 11:12:12,516739,3860.0
3477,2021-12-02 11:12:20,516739,4061.0
3478,2021-12-03 12:12:21,516739,4030.0
3479,2021-12-03 12:12:35,516739,3890.0
3480,2021-12-03 12:12:58,516739,3920.0
3481,2021-12-02 11:12:23,516740,4051.0
3482,2021-12-02 11:12:27,516742,3960.0
3483,2021-12-02 11:12:31,516742,3950.0
3484,2021-12-03 01:12:28,516742,3920.0
3485,2021-12-03 02:12:45,516743,3870.0
3486,2021-12-03 12:12:51,516743,4000.0
3487,2021-12-03 02:12:55,516749,3918.0
3488,2021-12-03 03:12:43,516749,4001.0
3489,2021-12-03 05:12:16,516749,4000.0
3490,2021-12-03 05:12:19,516749,3979.0
3491,2021-12-03 05:12:01,516754,4049.0
3492,2021-12-03 05:12:17,516754,4021.0
3493,2021-12-03 06:12:42,516754,4030.0
3494,2021-12-03 06:12:55,516755,4021.0
3495,2021-12-03 06:12:56,516755,3940.0
3496,2021-12-03 07:12:59,516755,4030.0
3497,2021-12-03 06:12:39,516756,3939.0
3498,2021-12-03 07:12:29,516756,3930.0
3499,2021-12-03 07:12:39,516756,3960.0
3500,2021-12-03 08:12:18,516756,4079.0
3501,2021-12-03 09:12:10,516756,4051.0
3502,2021-12-03 09:12:31,516760,3921.0
3503,2021-12-03 01:12:12,516761,4000.0
3504,2021-12-03 01:12:44,516761,3910.0
3505,2021-12-03 01:12:45,516761,3849.0
3506,2021-12-03 03:12:06,516761,3969.0
3507,2021-12-03 03:12:31,516761,3859.0
3508,2021-12-03 03:12:41,516761,4020.0
3509,2021-12-03 10:12:18,516761,3950.0
3510,2021-12-03 11:12:03,516761,4050.0
3511,2021-12-03 11:12:21,516761,3949.0
3512,2021-12-03 12:12:36,516761,3941.0
3513,2021-12-03 12:12:45,516761,3951.0
3514,2021-12-03 12:12:49,516761,3930.0
3515,2021-12-03 12:12:53,516761,3969.0
3516,2021-12-03 04:12:30,516763,3911.0
3517,2021-12-03 04:12:50,516763,3920.0
3518,2021-12-03 06:12:10,516763,4030.0
3519,2021-12-03 06:12:53,516763,4061.0
3520,2021-12-03 04:12:02,516765,3970.0
3521,2021-12-03 05:12:45,516765,4039.0
3522,2021-12-03 06:12:28,516765,3860.0
3523,2021-12-03 07:12:19,516769,4070.0
3524,2021-12-03 07:12:45,516769,3930.0
3525,2021-12-03 10:12:59,516769,3871.0
3526,2021-12-03 11:12:44,516770,4050.0
3527,2021-12-03 11:12:57,516770,4020.0
3528,2021-12-04 01:12:29,516770,4090.0
3529,2021-12-04 12:12:20,516770,3980.0
3530,2021-12-03 11:12:37,516771,3920.0
3531,2021-12-04 01:12:21,516771,4069.0
3532,2021-12-04 01:12:38,516771,4050.0
3533,2021-12-04 12:12:40,516771,4039.0
3534,2021-12-04 01:12:03,516772,3950.0
3535,2021-12-04 12:12:10,516772,3960.0
3536,2021-12-04 01:12:39,516775,3951.0
3537,2021-12-04 01:12:19,516778,3999.0
3538,2021-12-04 01:12:30,516778,3970.0
3539,2021-12-04 02:12:15,516778,3999.0
3540,2021-12-04 01:12:34,516779,3939.0
3541,2021-12-04 02:12:12,516780,3940.0
3542,2021-12-04 02:12:17,516780,4020.0
3543,2021-12-04 03:12:35,516780,3850.0
3544,2021-12-04 04:12:31,516781,3941.0
3545,2021-12-04 06:12:01,516781,3790.0
3546,2021-12-04 06:12:10,516781,4079.0
3547,2021-12-04 06:12:31,516781,4059.0
3548,2021-12-04 08:12:37,516781,3999.0
3549,2021-12-05 03:12:41,516791,3999.0
3550,2021-12-05 04:12:41,516791,3960.0
3551,2021-12-06 03:12:47,516794,3989.0
3552,2021-12-06 04:12:21,516795,3959.0
3553,2021-12-06 05:12:38,516796,3988.0
3554,2021-12-06 09:12:47,516796,4139.0
3555,2021-12-06 10:12:54,516796,3990.0
3556,2021-12-06 11:12:32,516796,3930.0
3557,2021-12-06 12:12:55,516796,3879.0
3558,2021-12-06 03:12:30,516797,4062.0
3559,2021-12-06 03:12:48,516797,3950.0
3560,2021-12-06 03:12:56,516797,4031.0
3561,2021-12-06 03:12:58,516797,4009.0
3562,2021-12-06 04:12:56,516797,3989.0
3563,2021-12-06 04:12:12,516798,3932.0
3564,2021-12-06 04:12:28,516798,4040.0
3565,2021-12-06 04:12:37,516798,4040.0
3566,2021-12-06 05:12:31,516798,3920.0
3567,2021-12-06 05:12:32,516798,4080.0
3568,2021-12-06 05:12:44,516798,3940.0
3569,2021-12-06 05:12:44,516798,3980.0
3570,2021-12-06 06:12:17,516798,4160.0
3571,2021-12-06 06:12:17,516798,4029.0
3572,2021-12-06 06:12:25,516798,4051.0
3573,2021-12-06 06:12:30,516798,4041.0
3574,2021-12-06 06:12:44,516798,3970.0
3575,2021-12-06 06:12:49,516798,3979.0
3576,2021-12-06 07:12:18,516798,4050.0
3577,2021-12-06 07:12:37,516798,4059.0
3578,2021-12-06 08:12:13,516800,4009.0
3579,2021-12-06 08:12:40,516800,4080.0
3580,2021-12-06 08:12:48,516800,3961.0
3581,2021-12-06 09:12:09,516800,3980.0
3582,2021-12-06 09:12:34,516800,4110.0
3583,2021-12-06 10:12:17,516800,4060.0
3584,2021-12-06 10:12:52,516800,3968.0
3585,2021-12-06 10:12:53,516800,4101.0
3586,2021-12-06 11:12:00,516800,4030.0
3587,2021-12-06 11:12:12,516800,3971.0
3588,2021-12-06 11:12:24,516800,4030.0
3589,2021-12-06 11:12:39,516800,4040.0
3590,2021-12-07 12:12:53,516800,4030.0
3591,2021-12-07 12:12:55,516800,4020.0
3592,2021-12-07 12:12:55,516800,4020.0
3593,2021-12-07 01:12:41,516804,4039.0
3594,2021-12-07 12:12:59,516804,4031.0
3595,2021-12-07 01:12:32,516805,4040.0
3596,2021-12-07 12:12:29,516805,3960.0
3597,2021-12-07 12:12:49,516805,3950.0
3598,2021-12-07 02:12:28,516806,3970.0
3599,2021-12-07 05:12:53,516810,3989.0
3600,2021-12-07 07:12:42,516810,4060.0
3601,2021-12-07 06:12:43,516811,3970.0
3602,2021-12-07 07:12:36,516811,4060.0
3603,2021-12-07 09:12:09,516815,4051.0
3604,2021-12-07 09:12:59,516818,4020.0
3605,2021-12-07 10:12:09,516818,3941.0
3606,2021-12-07 11:12:18,516818,4070.0
3607,2021-12-07 12:12:54,516821,4020.0
3608,2021-12-07 02:12:44,516823,3989.0
3609,2021-12-07 03:12:56,516825,3961.0
3610,2021-12-07 04:12:07,516825,4109.0
3611,2021-12-07 05:12:45,516825,4010.0
3612,2021-12-07 05:12:49,516825,3960.0
3613,2021-12-07 07:12:40,516825,4030.0
3614,2021-12-07 08:12:36,516825,4031.0
3615,2021-12-07 08:12:44,516825,4070.0
3616,2021-12-07 08:12:57,516825,3920.0
3617,2021-12-07 09:12:03,516825,3970.0
3618,2021-12-07 09:12:06,516825,3959.0
3619,2021-12-07 09:12:17,516825,3989.0
3620,2021-12-07 10:12:04,516825,3959.0
3621,2021-12-07 10:12:14,516825,4009.0
3622,2021-12-07 10:12:14,516825,4038.0
3623,2021-12-07 10:12:59,516825,3929.0
3624,2021-12-07 11:12:06,516825,3959.0
3625,2021-12-07 11:12:41,516825,3880.0
3626,2021-12-08 12:12:51,516825,4120.0
3627,2021-12-07 10:12:27,516826,3940.0
3628,2021-12-07 11:12:19,516826,3930.0
3629,2021-12-08 01:12:54,516828,3941.0
3630,2021-12-08 03:12:33,516828,4071.0
3631,2021-12-08 05:12:15,516828,4050.0
3632,2021-12-08 05:12:06,516829,3960.0
3633,2021-12-08 05:12:37,516829,4069.0
3634,2021-12-08 07:12:46,516829,4051.0
3635,2021-12-08 06:12:36,516830,4028.0
3636,2021-12-08 06:12:44,516830,4001.0
3637,2021-12-08 06:12:47,516830,3930.0
3638,2021-12-08 07:12:33,516830,3940.0
3639,2021-12-08 07:12:43,516830,3921.0
3640,2021-12-08 08:12:47,516830,3970.0
3641,2021-12-08 08:12:50,516830,4030.0
3642,2021-12-08 08:12:55,516830,3891.0
3643,2021-12-08 09:12:03,516830,3951.0
3644,2021-12-08 09:12:41,516830,4091.0
3645,2021-12-08 09:12:53,516830,3961.0
3646,2021-12-08 10:12:45,516830,4049.0
3647,2021-12-08 09:12:53,516832,3970.0
3648,2021-12-08 10:12:19,516832,3949.0
3649,2021-12-08 10:12:53,516832,3870.0
3650,2021-12-08 01:12:29,516833,4080.0
3651,2021-12-08 02:12:11,516833,4050.0
3652,2021-12-08 11:12:30,516833,3930.0
3653,2021-12-08 12:12:16,516833,3998.0
3654,2021-12-08 12:12:33,516833,3970.0
3655,2021-12-08 12:12:57,516833,3970.0
3656,2021-12-08 01:12:14,516834,4060.0
3657,2021-12-08 01:12:17,516834,3939.0
3658,2021-12-08 02:12:14,516834,3969.0
3659,2021-12-08 03:12:00,516834,4060.0
3660,2021-12-08 03:12:01,516834,4121.0
3661,2021-12-08 02:12:19,516835,3910.0
3662,2021-12-08 04:12:14,516835,3950.0
3663,2021-12-08 03:12:46,516838,3931.0
3664,2021-12-08 04:12:53,516838,3999.0
3665,2021-12-08 05:12:26,516838,4101.0
3666,2021-12-08 05:12:38,516838,4050.0
3667,2021-12-08 05:12:10,516839,4051.0
3668,2021-12-08 06:12:52,516839,3880.0
3669,2021-12-08 07:12:17,516839,4050.0
3670,2021-12-08 08:12:07,516839,4061.0
3671,2021-12-08 05:12:01,516840,3960.0
3672,2021-12-08 06:12:59,516840,4029.0
3673,2021-12-08 05:12:56,516841,4090.0
3674,2021-12-08 06:12:07,516841,3970.0
3675,2021-12-08 08:12:07,516841,3890.0
3676,2021-12-08 08:12:37,516841,4059.0
3677,2021-12-08 08:12:30,516843,3980.0
3678,2021-12-08 09:12:13,516843,4029.0
3679,2021-12-08 08:12:36,516844,3960.0
3680,2021-12-08 10:12:07,516844,4070.0
3681,2021-12-08 09:12:08,516846,3969.0
3682,2021-12-08 11:12:09,516846,4010.0
3683,2021-12-08 10:12:23,516849,4051.0
3684,2021-12-08 11:12:37,516849,3949.0
3685,2021-12-09 12:12:57,516849,4010.0
3686,2021-12-09 01:12:59,516851,3990.0
3687,2021-12-09 02:12:49,516851,3950.0
3688,2021-12-09 01:12:33,516854,4061.0
3689,2021-12-09 02:12:54,516854,3980.0
3690,2021-12-09 03:12:49,516856,3960.0
3691,2021-12-09 04:12:00,516856,4020.0
3692,2021-12-09 06:12:45,516859,4018.0
3693,2021-12-09 07:12:07,516859,4060.0
3694,2021-12-09 05:12:17,516860,3951.0
3695,2021-12-09 05:12:33,516860,4041.0
3696,2021-12-09 06:12:53,516860,4100.0
3697,2021-12-09 07:12:20,516860,3872.0
3698,2021-12-09 06:12:02,516861,4060.0
3699,2021-12-09 06:12:04,516861,3979.0
3700,2021-12-09 06:12:51,516861,3979.0
3701,2021-12-09 07:12:30,516861,3960.0
3702,2021-12-09 07:12:58,516861,3969.0
3703,2021-12-09 01:12:11,516864,4021.0
3704,2021-12-09 01:12:18,516864,3970.0
3705,2021-12-09 01:12:22,516864,3931.0
3706,2021-12-09 02:12:03,516864,4049.0
3707,2021-12-09 02:12:05,516864,3960.0
3708,2021-12-09 02:12:08,516864,4090.0
3709,2021-12-09 02:12:23,516864,3868.0
3710,2021-12-09 03:12:09,516864,4031.0
3711,2021-12-09 08:12:39,516864,3980.0
3712,2021-12-09 09:12:24,516864,4041.0
3713,2021-12-09 09:12:36,516864,4090.0
3714,2021-12-09 10:12:08,516864,3919.0
3715,2021-12-09 10:12:45,516864,3988.0
3716,2021-12-09 11:12:26,516864,4060.0
3717,2021-12-09 11:12:48,516864,3930.0
3718,2021-12-09 12:12:14,516864,4029.0
3719,2021-12-09 12:12:20,516864,3921.0
3720,2021-12-09 12:12:45,516864,3960.0
3721,2021-12-09 02:12:09,516865,4000.0
3722,2021-12-09 02:12:35,516865,3940.0
3723,2021-12-09 02:12:59,516865,4050.0
3724,2021-12-09 03:12:06,516865,3910.0
3725,2021-12-09 03:12:08,516865,3938.0
3726,2021-12-09 02:12:48,516866,3950.0
3727,2021-12-09 04:12:50,516866,3929.0
3728,2021-12-09 03:12:01,516867,3930.0
3729,2021-12-09 03:12:57,516867,3891.0
3730,2021-12-09 05:12:41,516867,3981.0
3731,2021-12-09 03:12:43,516869,3950.0
3732,2021-12-09 04:12:46,516869,3961.0
3733,2021-12-09 04:12:50,516869,3970.0
3734,2021-12-09 05:12:15,516869,3940.0
3735,2021-12-09 06:12:13,516869,4030.0
3736,2021-12-09 05:12:29,516871,3960.0
3737,2021-12-09 05:12:31,516871,4050.0
3738,2021-12-09 05:12:45,516871,3941.0
3739,2021-12-09 07:12:15,516871,4060.0
3740,2021-12-09 07:12:41,516871,3991.0
3741,2021-12-09 07:12:45,516871,3971.0
3742,2021-12-09 06:12:20,516872,3960.0
3743,2021-12-09 07:12:21,516872,4071.0
3744,2021-12-09 10:12:47,516877,3950.0
3745,2021-12-10 12:12:44,516877,4050.0
3746,2021-12-09 10:12:46,516878,3990.0
3747,2021-12-10 12:12:32,516878,4090.0
3748,2021-12-10 01:12:44,516880,3980.0
3749,2021-12-10 03:12:14,516880,4040.0
3750,2021-12-10 05:12:37,516883,3960.0
3751,2021-12-10 05:12:49,516883,4029.0
3752,2021-12-10 05:12:50,516883,4100.0
3753,2021-12-10 06:12:19,516883,4040.0
3754,2021-12-10 06:12:58,516883,4070.0
3755,2021-12-10 08:12:47,516883,4010.0
3756,2021-12-10 10:12:31,516883,4001.0
3757,2021-12-10 10:12:34,516883,4061.0
3758,2021-12-10 10:12:48,516883,3960.0
3759,2021-12-10 10:12:55,516883,3989.0
3760,2021-12-10 11:12:16,516883,4060.0
3761,2021-12-10 12:12:47,516883,4090.0
3762,2021-12-10 01:12:24,516884,3950.0
3763,2021-12-10 02:12:39,516884,4060.0
3764,2021-12-10 11:12:34,516884,3959.0
3765,2021-12-10 12:12:15,516884,3949.0
3766,2021-12-10 12:12:24,516884,4039.0
3767,2021-12-10 12:12:27,516884,3960.0
3768,2021-12-10 01:12:25,516885,4051.0
3769,2021-12-10 03:12:52,516885,3980.0
3770,2021-12-10 12:12:47,516885,4029.0
3771,2021-12-10 01:12:08,516886,4069.0
3772,2021-12-10 03:12:00,516886,3950.0
3773,2021-12-10 02:12:00,516887,3951.0
3774,2021-12-10 03:12:23,516887,3990.0
3775,2021-12-10 03:12:32,516887,3879.0
3776,2021-12-10 03:12:43,516888,3960.0
3777,2021-12-10 03:12:55,516888,3968.0
3778,2021-12-10 04:12:14,516888,3841.0
3779,2021-12-10 04:12:32,516888,3861.0
3780,2021-12-10 06:12:18,516892,3991.0
3781,2021-12-10 06:12:35,516892,3991.0
3782,2021-12-10 06:12:56,516892,3942.0
3783,2021-12-10 07:12:50,516892,3970.0
3784,2021-12-10 08:12:45,516892,4050.0
3785,2021-12-10 08:12:34,516893,4040.0
3786,2021-12-10 08:12:46,516893,3980.0
3787,2021-12-10 10:12:10,516893,3960.0
3788,2021-12-10 08:12:31,516894,3959.0
3789,2021-12-10 09:12:10,516894,3960.0
3790,2021-12-10 10:12:19,516894,3950.0
3791,2021-12-10 10:12:55,516894,3890.0
3792,2021-12-11 12:12:30,516894,3830.0
3793,2021-12-11 12:12:38,516894,3860.0
3794,2021-12-11 12:12:48,516894,4080.0
3795,2021-12-11 12:12:59,516894,4090.0
3796,2021-12-10 08:12:41,516895,4060.0
3797,2021-12-10 08:12:47,516895,4059.0
3798,2021-12-10 08:12:51,516895,3960.0
3799,2021-12-10 09:12:42,516895,4090.0
3800,2021-12-10 09:12:01,516896,4049.0
3801,2021-12-10 09:12:23,516896,3950.0
3802,2021-12-10 09:12:33,516896,4001.0
3803,2021-12-10 10:12:41,516896,3970.0
3804,2021-12-10 11:12:49,516896,3999.0
3805,2021-12-10 10:12:19,516897,3960.0
3806,2021-12-10 11:12:03,516898,3909.0
3807,2021-12-10 11:12:40,516898,3979.0
3808,2021-12-10 11:12:49,516900,3969.0
3809,2021-12-11 01:12:22,516900,3859.0
3810,2021-12-11 01:12:33,516900,4030.0
3811,2021-12-11 12:12:00,516900,4072.0
3812,2021-12-11 02:12:03,516901,3960.0
3813,2021-12-11 03:12:40,516901,4051.0
3814,2021-12-11 12:12:47,516901,3971.0
3815,2021-12-11 02:12:17,516902,3980.0
3816,2021-12-11 04:12:59,516902,4030.0
3817,2021-12-11 11:12:35,516909,3939.0
3818,2021-12-11 11:12:45,516909,3900.0
3819,2021-12-11 12:12:33,516909,4071.0
3820,2021-12-12 11:12:57,516909,4109.0
3821,2021-12-12 12:12:08,516909,3961.0
3822,2021-12-12 12:12:22,516909,3879.0
3823,2021-12-12 12:12:38,516909,4060.0
3824,2021-12-12 04:12:18,516910,4040.0
3825,2021-12-12 05:12:55,516910,3979.0
3826,2021-12-12 05:12:46,516911,4000.0
3827,2021-12-12 06:12:48,516911,3970.0
3828,2021-12-12 01:12:03,516912,3959.0
3829,2021-12-12 02:12:31,516912,4060.0
3830,2021-12-12 12:12:54,516912,3940.0
3831,2021-12-13 04:12:37,516914,3930.0
3832,2021-12-13 05:12:01,516915,3950.0
3833,2021-12-13 06:12:02,516915,4049.0
3834,2021-12-13 06:12:04,516915,3980.0
3835,2021-12-13 06:12:17,516915,3970.0
3836,2021-12-13 06:12:50,516915,3979.0
3837,2021-12-13 07:12:26,516915,4040.0
3838,2021-12-13 08:12:14,516915,4060.0
3839,2021-12-13 08:12:20,516915,4039.0
3840,2021-12-13 08:12:32,516915,4090.0
3841,2021-12-13 01:12:05,516916,3969.0
3842,2021-12-13 01:12:07,516916,3950.0
3843,2021-12-13 01:12:10,516916,3940.0
3844,2021-12-13 01:12:15,516916,4080.0
3845,2021-12-13 01:12:18,516916,4070.0
3846,2021-12-13 01:12:19,516916,3960.0
3847,2021-12-13 01:12:44,516916,4070.0
3848,2021-12-13 02:12:07,516916,3960.0
3849,2021-12-13 02:12:29,516916,3950.0
3850,2021-12-13 02:12:53,516916,4030.0
3851,2021-12-13 02:12:58,516916,3869.0
3852,2021-12-13 03:12:18,516916,4070.0
3853,2021-12-13 03:12:26,516916,4080.0
3854,2021-12-13 07:12:16,516916,3959.0
3855,2021-12-13 08:12:14,516916,3960.0
3856,2021-12-13 09:12:18,516916,3879.0
3857,2021-12-13 10:12:21,516916,4040.0
3858,2021-12-13 10:12:26,516916,3890.0
3859,2021-12-13 10:12:36,516916,3951.0
3860,2021-12-13 10:12:55,516916,4051.0
3861,2021-12-13 10:12:55,516916,3991.0
3862,2021-12-13 11:12:08,516916,3990.0
3863,2021-12-13 11:12:19,516916,4020.0
3864,2021-12-13 11:12:37,516916,4039.0
3865,2021-12-13 11:12:41,516916,3929.0
3866,2021-12-13 12:12:14,516916,4019.0
3867,2021-12-13 12:12:20,516916,4020.0
3868,2021-12-13 12:12:20,516916,3949.0
3869,2021-12-13 12:12:21,516916,3971.0
3870,2021-12-13 02:12:21,516917,4010.0
3871,2021-12-13 02:12:32,516917,4031.0
3872,2021-12-13 02:12:44,516917,4070.0
3873,2021-12-13 02:12:47,516917,3930.0
3874,2021-12-13 03:12:01,516917,3859.0
3875,2021-12-13 03:12:31,516917,4040.0
3876,2021-12-13 03:12:35,516917,3919.0
3877,2021-12-13 03:12:56,516917,3940.0
3878,2021-12-13 03:12:57,516917,4060.0
3879,2021-12-13 03:12:57,516917,3961.0
3880,2021-12-13 04:12:12,516917,4080.0
3881,2021-12-13 04:12:44,516917,4049.0
3882,2021-12-13 04:12:57,516917,4050.0
3883,2021-12-13 04:12:59,516917,3890.0
3884,2021-12-13 04:12:07,516918,4009.0
3885,2021-12-13 05:12:50,516918,4100.0
3886,2021-12-13 08:12:22,516921,4061.0
3887,2021-12-13 09:12:20,516921,4040.0
3888,2021-12-13 07:12:25,516922,3999.0
3889,2021-12-13 08:12:08,516922,4021.0
3890,2021-12-13 08:12:49,516922,3990.0
3891,2021-12-13 09:12:22,516922,3841.0
3892,2021-12-13 09:12:34,516922,4061.0
3893,2021-12-13 09:12:44,516922,4010.0
3894,2021-12-13 09:12:37,516924,3960.0
3895,2021-12-13 10:12:08,516924,4030.0
3896,2021-12-13 10:12:49,516924,3980.0
3897,2021-12-13 11:12:44,516924,4030.0
3898,2021-12-13 11:12:34,516925,3970.0
3899,2021-12-14 12:12:36,516925,4101.0
3900,2021-12-13 11:12:44,516926,4001.0
3901,2021-12-14 12:12:39,516926,3870.0
3902,2021-12-14 01:12:16,516928,3960.0
3903,2021-12-14 02:12:13,516928,4120.0
3904,2021-12-14 05:12:06,516936,4100.0
3905,2021-12-14 05:12:15,516936,3980.0
3906,2021-12-14 06:12:26,516936,3860.0
3907,2021-12-14 06:12:58,516936,4091.0
3908,2021-12-14 06:12:29,516937,3970.0
3909,2021-12-14 07:12:50,516937,3970.0
3910,2021-12-14 01:12:03,516939,3970.0
3911,2021-12-14 01:12:57,516939,3960.0
3912,2021-12-14 02:12:10,516939,3997.0
3913,2021-12-14 02:12:32,516939,4040.0
3914,2021-12-14 07:12:04,516939,3980.0
3915,2021-12-14 09:12:35,516939,3951.0
3916,2021-12-14 11:12:15,516939,3970.0
3917,2021-12-14 11:12:25,516939,4000.0
3918,2021-12-14 12:12:02,516939,4000.0
3919,2021-12-14 12:12:24,516939,3960.0
3920,2021-12-14 12:12:34,516939,3950.0
3921,2021-12-14 12:12:47,516939,3969.0
3922,2021-12-14 12:12:58,516939,3991.0
3923,2021-12-14 01:12:04,516940,3971.0
3924,2021-12-14 02:12:16,516940,4050.0
3925,2021-12-14 02:12:08,516941,3970.0
3926,2021-12-14 02:12:47,516941,3960.0
3927,2021-12-14 02:12:49,516941,4000.0
3928,2021-12-14 04:12:46,516941,4031.0
3929,2021-12-14 02:12:27,516942,4060.0
3930,2021-12-14 03:12:06,516942,4041.0
3931,2021-12-14 03:12:18,516942,3950.0
3932,2021-12-14 03:12:36,516942,4050.0
3933,2021-12-14 04:12:00,516942,4060.0
3934,2021-12-14 04:12:03,516942,4040.0
3935,2021-12-14 04:12:21,516942,4050.0
3936,2021-12-14 04:12:33,516942,4060.0
3937,2021-12-14 05:12:11,516942,3968.0
3938,2021-12-14 05:12:25,516942,4060.0
3939,2021-12-14 05:12:48,516942,4050.0
3940,2021-12-14 04:12:39,516944,3941.0
3941,2021-12-14 05:12:41,516944,3960.0
3942,2021-12-14 06:12:27,516944,4039.0
3943,2021-12-14 05:12:06,516945,3980.0
3944,2021-12-14 07:12:58,516945,4030.0
3945,2021-12-14 06:12:55,516946,3950.0
3946,2021-12-14 09:12:36,516949,3950.0
3947,2021-12-14 10:12:45,516949,3980.0
3948,2021-12-14 10:12:02,516950,3950.0
3949,2021-12-14 10:12:15,516950,4061.0
3950,2021-12-14 11:12:15,516950,4060.0
3951,2021-12-14 11:12:25,516951,3960.0
3952,2021-12-15 12:12:52,516951,4020.0
3953,2021-12-15 12:12:15,516954,3960.0
3954,2021-12-15 04:12:25,516955,4020.0
3955,2021-12-15 04:12:40,516955,3930.0
3956,2021-12-15 05:12:04,516955,3970.0
3957,2021-12-15 04:12:06,516956,4079.0
3958,2021-12-15 04:12:11,516956,4060.0
3959,2021-12-15 04:12:26,516956,4010.0
3960,2021-12-15 05:12:01,516956,3980.0
3961,2021-12-15 06:12:27,516956,4030.0
3962,2021-12-15 05:12:37,516957,4079.0
3963,2021-12-15 05:12:44,516957,3959.0
3964,2021-12-15 06:12:31,516957,3980.0
3965,2021-12-15 07:12:46,516957,4081.0
3966,2021-12-15 01:12:13,516959,3890.0
3967,2021-12-15 01:12:31,516959,4029.0
3968,2021-12-15 02:12:13,516959,3901.0
3969,2021-12-15 02:12:58,516959,4040.0
3970,2021-12-15 09:12:46,516959,3970.0
3971,2021-12-15 10:12:45,516959,3961.0
3972,2021-12-15 11:12:09,516959,3890.0
3973,2021-12-15 11:12:16,516959,3960.0
3974,2021-12-15 11:12:31,516959,3961.0
3975,2021-12-15 11:12:41,516959,4100.0
3976,2021-12-15 12:12:07,516959,3930.0
3977,2021-12-15 12:12:29,516959,4040.0
3978,2021-12-15 12:12:45,516959,4041.0
3979,2021-12-15 12:12:47,516959,3791.0
3980,2021-12-15 12:12:51,516959,3890.0
3981,2021-12-15 02:12:19,516961,4030.0
3982,2021-12-15 12:12:31,516961,4050.0
3983,2021-12-15 03:12:21,516964,3970.0
3984,2021-12-15 03:12:33,516964,4041.0
3985,2021-12-15 04:12:09,516964,3970.0
3986,2021-12-15 04:12:19,516964,3860.0
3987,2021-12-15 04:12:39,516964,4008.0
3988,2021-12-15 05:12:05,516964,3991.0
3989,2021-12-15 06:12:02,516964,4011.0
3990,2021-12-15 05:12:07,516965,4000.0
3991,2021-12-15 05:12:50,516965,3950.0
3992,2021-12-15 06:12:43,516965,3959.0
3993,2021-12-15 07:12:08,516967,3950.0
3994,2021-12-15 08:12:35,516967,3850.0
3995,2021-12-15 07:12:49,516969,4000.0
3996,2021-12-15 08:12:01,516969,4040.0
3997,2021-12-15 09:12:54,516969,3951.0
3998,2021-12-15 08:12:32,516970,3931.0
3999,2021-12-15 09:12:02,516970,4060.0
4000,2021-12-15 09:12:40,516970,4040.0
4001,2021-12-15 10:12:31,516970,4010.0
4002,2021-12-15 10:12:40,516970,4011.0
4003,2021-12-16 12:12:00,516970,3900.0
4004,2021-12-15 09:12:06,516972,3970.0
4005,2021-12-16 12:12:35,516973,4000.0
4006,2021-12-16 03:12:09,516975,4029.0
4007,2021-12-16 04:12:03,516975,4051.0
4008,2021-12-16 04:12:22,516975,3980.0
4009,2021-12-16 04:12:49,516975,4050.0
4010,2021-12-16 05:12:55,516975,3980.0
4011,2021-12-16 06:12:30,516975,3851.0
4012,2021-12-16 05:12:14,516976,3960.0
4013,2021-12-16 08:12:31,516976,4040.0
4014,2021-12-16 01:12:19,516978,3940.0
4015,2021-12-16 01:12:21,516978,4030.0
4016,2021-12-16 02:12:28,516978,3890.0
4017,2021-12-16 02:12:48,516978,4050.0
4018,2021-12-16 10:12:41,516978,3980.0
4019,2021-12-16 11:12:07,516978,3930.0
4020,2021-12-16 11:12:20,516978,3971.0
4021,2021-12-16 11:12:43,516978,3900.0
4022,2021-12-16 12:12:06,516978,3980.0
4023,2021-12-16 12:12:07,516978,4061.0
4024,2021-12-16 12:12:20,516978,4051.0
4025,2021-12-16 12:12:29,516978,3949.0
4026,2021-12-16 12:12:38,516978,3962.0
4027,2021-12-16 12:12:55,516978,4040.0
4028,2021-12-16 01:12:10,516980,4050.0
4029,2021-12-16 01:12:20,516980,3899.0
4030,2021-12-16 01:12:54,516980,4070.0
4031,2021-12-16 02:12:24,516980,3949.0
4032,2021-12-16 02:12:26,516980,4010.0
4033,2021-12-16 01:12:40,516982,3929.0
4034,2021-12-16 02:12:32,516982,3970.0
4035,2021-12-16 03:12:17,516982,4030.0
4036,2021-12-16 03:12:44,516982,4049.0
4037,2021-12-16 04:12:03,516982,3859.0
4038,2021-12-16 04:12:09,516982,4020.0
4039,2021-12-16 02:12:50,516983,3990.0
4040,2021-12-16 03:12:04,516983,3931.0
4041,2021-12-16 04:12:27,516983,4000.0
4042,2021-12-16 04:12:46,516983,3900.0
4043,2021-12-16 03:12:45,516984,3959.0
4044,2021-12-16 05:12:27,516984,4070.0
4045,2021-12-16 03:12:30,516985,3979.0
4046,2021-12-16 03:12:35,516985,4000.0
4047,2021-12-16 04:12:05,516985,3940.0
4048,2021-12-16 04:12:12,516985,4021.0
4049,2021-12-16 05:12:42,516985,4000.0
4050,2021-12-16 05:12:55,516985,4030.0
4051,2021-12-16 04:12:11,516986,4021.0
4052,2021-12-16 06:12:02,516986,3950.0
4053,2021-12-16 05:12:12,516987,3931.0
4054,2021-12-16 05:12:34,516987,4061.0
4055,2021-12-16 05:12:44,516987,3951.0
4056,2021-12-16 05:12:55,516987,4040.0
4057,2021-12-16 06:12:37,516987,3869.0
4058,2021-12-16 07:12:22,516987,4061.0
4059,2021-12-16 07:12:33,516987,3900.0
4060,2021-12-16 07:12:59,516987,4020.0
4061,2021-12-16 08:12:36,516994,3920.0
4062,2021-12-16 10:12:07,516994,3961.0
4063,2021-12-16 11:12:36,516994,3991.0
4064,2021-12-16 11:12:41,516994,3851.0
4065,2021-12-16 09:12:24,516996,3900.0
4066,2021-12-16 09:12:37,516996,3940.0
4067,2021-12-16 11:12:35,516996,4020.0
4068,2021-12-16 11:12:38,516998,3979.0
4069,2021-12-17 01:12:30,516998,4059.0
4070,2021-12-17 02:12:10,517000,3960.0
4071,2021-12-17 12:12:40,517000,3910.0
4072,2021-12-17 04:12:42,517001,4040.0
4073,2021-12-17 04:12:55,517001,3900.0
4074,2021-12-17 04:12:58,517001,3960.0
4075,2021-12-17 05:12:14,517001,3941.0
4076,2021-12-17 05:12:14,517001,3980.0
4077,2021-12-17 05:12:17,517001,3929.0
4078,2021-12-17 05:12:41,517001,4051.0
4079,2021-12-17 06:12:01,517001,4041.0
4080,2021-12-17 06:12:10,517001,3960.0
4081,2021-12-17 06:12:39,517001,4020.0
4082,2021-12-17 07:12:12,517001,3951.0
4083,2021-12-17 07:12:55,517001,3950.0
4084,2021-12-17 08:12:11,517001,3950.0
4085,2021-12-17 08:12:16,517001,4069.0
4086,2021-12-17 08:12:24,517001,3950.0
4087,2021-12-17 08:12:28,517001,4029.0
4088,2021-12-17 08:12:38,517001,4049.0
4089,2021-12-17 08:12:49,517001,3939.0
4090,2021-12-17 09:12:16,517001,3971.0
4091,2021-12-17 09:12:22,517001,3911.0
4092,2021-12-17 09:12:35,517001,3929.0
4093,2021-12-17 10:12:18,517001,4070.0
4094,2021-12-17 10:12:19,517001,3980.0
4095,2021-12-17 10:12:19,517001,4001.0
4096,2021-12-17 10:12:28,517001,3931.0
4097,2021-12-17 10:12:31,517001,4040.0
4098,2021-12-17 11:12:27,517001,3920.0
4099,2021-12-17 11:12:29,517001,4050.0
4100,2021-12-17 11:12:36,517001,4020.0
4101,2021-12-17 12:12:16,517001,4071.0
4102,2021-12-17 11:12:34,517002,4059.0
4103,2021-12-17 12:12:02,517002,3871.0
4104,2021-12-17 12:12:24,517002,4061.0
4105,2021-12-17 12:12:49,517002,4060.0
4106,2021-12-17 11:12:43,517003,3921.0
4107,2021-12-17 12:12:47,517003,3951.0
4108,2021-12-17 01:12:24,517004,3970.0
4109,2021-12-17 01:12:38,517004,4059.0
4110,2021-12-17 11:12:43,517004,3940.0
4111,2021-12-17 12:12:49,517004,4029.0
4112,2021-12-17 01:12:02,517005,4031.0
4113,2021-12-17 01:12:05,517005,3960.0
4114,2021-12-17 01:12:40,517005,3960.0
4115,2021-12-17 01:12:53,517005,3939.0
4116,2021-12-17 02:12:34,517005,3940.0
4117,2021-12-17 02:12:40,517005,4040.0
4118,2021-12-17 02:12:58,517005,4050.0
4119,2021-12-17 01:12:49,517008,4031.0
4120,2021-12-17 02:12:04,517008,3960.0
4121,2021-12-17 03:12:46,517008,3920.0
4122,2021-12-17 04:12:29,517008,3979.0
4123,2021-12-17 04:12:33,517008,4080.0
4124,2021-12-17 02:12:27,517009,4030.0
4125,2021-12-17 04:12:58,517011,3920.0
4126,2021-12-17 06:12:31,517011,4020.0
4127,2021-12-17 06:12:20,517012,3930.0
4128,2021-12-17 06:12:49,517012,3991.0
4129,2021-12-17 07:12:38,517012,4070.0
4130,2021-12-17 08:12:19,517012,3999.0
4131,2021-12-17 06:12:56,517013,3941.0
4132,2021-12-17 09:12:41,517013,3939.0
4133,2021-12-17 10:12:12,517013,4020.0
4134,2021-12-17 10:12:34,517013,3870.0
4135,2021-12-17 07:12:33,517014,3950.0
4136,2021-12-17 09:12:57,517014,3980.0
4137,2021-12-17 10:12:45,517016,4021.0
4138,2021-12-17 11:12:05,517016,4010.0
4139,2021-12-18 12:12:24,517016,4041.0
4140,2021-12-18 12:12:43,517016,4050.0
4141,2021-12-17 11:12:02,517017,3930.0
4142,2021-12-17 11:12:04,517017,3981.0
4143,2021-12-17 11:12:40,517017,4020.0
4144,2021-12-18 01:12:00,517017,4070.0
4145,2021-12-18 01:12:25,517017,3970.0
4146,2021-12-18 02:12:18,517017,3860.0
4147,2021-12-18 02:12:23,517017,4090.0
4148,2021-12-18 02:12:34,517017,4051.0
4149,2021-12-18 02:12:52,517017,4031.0
4150,2021-12-18 12:12:11,517017,4020.0
4151,2021-12-18 12:12:39,517017,4029.0
4152,2021-12-18 12:12:41,517017,3960.0
4153,2021-12-18 01:12:41,517019,4010.0
4154,2021-12-18 01:12:50,517019,4000.0
4155,2021-12-18 02:12:31,517019,4000.0
4156,2021-12-18 02:12:57,517019,3959.0
4157,2021-12-18 03:12:03,517019,4060.0
4158,2021-12-18 03:12:15,517019,4030.0
4159,2021-12-18 03:12:24,517019,3940.0
4160,2021-12-18 03:12:36,517019,3989.0
4161,2021-12-18 03:12:56,517019,4031.0
4162,2021-12-18 03:12:57,517019,3870.0
4163,2021-12-18 04:12:06,517019,3849.0
4164,2021-12-18 04:12:47,517019,4010.0
4165,2021-12-18 05:12:07,517019,4019.0
4166,2021-12-18 05:12:28,517019,4041.0
4167,2021-12-18 06:12:44,517023,3950.0
4168,2021-12-18 07:12:03,517023,3960.0
4169,2021-12-18 07:12:04,517023,3849.0
4170,2021-12-18 07:12:18,517023,4010.0
4171,2021-12-18 01:12:30,517025,4038.0
4172,2021-12-18 03:12:18,517025,4020.0
4173,2021-12-18 04:12:07,517025,4010.0
4174,2021-12-18 04:12:17,517025,4031.0
4175,2021-12-18 06:12:34,517025,4049.0
4176,2021-12-18 06:12:38,517025,4010.0
4177,2021-12-18 07:12:21,517025,4030.0
4178,2021-12-18 07:12:48,517025,4030.0
4179,2021-12-19 02:12:04,517025,3941.0
4180,2021-12-19 03:12:31,517025,4031.0
4181,2021-12-19 05:12:08,517025,3991.0
4182,2021-12-19 10:12:16,517025,4011.0
4183,2021-12-19 10:12:39,517025,3990.0
4184,2021-12-19 10:12:41,517025,3869.0
4185,2021-12-19 10:12:48,517025,3990.0
4186,2021-12-19 12:12:10,517025,4028.0
4187,2021-12-19 03:12:40,517031,4039.0
4188,2021-12-19 04:12:44,517031,3871.0
4189,2021-12-20 03:12:07,517031,4060.0
4190,2021-12-20 04:12:21,517031,4030.0
4191,2021-12-20 04:12:24,517031,3950.0
4192,2021-12-20 04:12:48,517031,4041.0
4193,2021-12-20 05:12:02,517031,4030.0
4194,2021-12-20 05:12:06,517031,3899.0
4195,2021-12-20 05:12:23,517031,3932.0
4196,2021-12-20 05:12:33,517031,3938.0
4197,2021-12-20 06:12:13,517031,3971.0
4198,2021-12-20 06:12:16,517031,4070.0
4199,2021-12-20 06:12:47,517031,4040.0
4200,2021-12-20 06:12:51,517031,4040.0
4201,2021-12-20 08:12:45,517031,4050.0
4202,2021-12-20 09:12:51,517031,4031.0
4203,2021-12-20 10:12:12,517033,3929.0
4204,2021-12-20 10:12:36,517033,3950.0
4205,2021-12-20 11:12:51,517033,3970.0
4206,2021-12-20 01:12:24,517034,4059.0
4207,2021-12-20 01:12:52,517034,4039.0
4208,2021-12-20 11:12:15,517034,4022.0
4209,2021-12-20 11:12:16,517034,3960.0
4210,2021-12-20 05:12:55,517035,3970.0
4211,2021-12-20 07:12:18,517035,3870.0
4212,2021-12-20 01:12:26,517036,3940.0
4213,2021-12-20 01:12:27,517036,4060.0
4214,2021-12-20 01:12:36,517036,4070.0
4215,2021-12-20 01:12:52,517036,4050.0
4216,2021-12-20 01:12:52,517036,3932.0
4217,2021-12-20 02:12:06,517036,4019.0
4218,2021-12-20 02:12:15,517036,3901.0
4219,2021-12-20 02:12:30,517036,4050.0
4220,2021-12-20 02:12:31,517036,3930.0
4221,2021-12-20 02:12:47,517036,3940.0
4222,2021-12-20 03:12:08,517036,4070.0
4223,2021-12-20 03:12:08,517036,4050.0
4224,2021-12-20 03:12:11,517036,3960.0
4225,2021-12-20 03:12:12,517036,4070.0
4226,2021-12-20 03:12:56,517036,3970.0
4227,2021-12-20 04:12:04,517036,4070.0
4228,2021-12-20 04:12:15,517036,4049.0
4229,2021-12-20 04:12:38,517036,4040.0
4230,2021-12-20 04:12:50,517036,4051.0
4231,2021-12-20 04:12:59,517036,4061.0
4232,2021-12-20 05:12:16,517036,4071.0
4233,2021-12-20 05:12:20,517036,4070.0
4234,2021-12-20 06:12:33,517036,3830.0
4235,2021-12-20 04:12:01,517037,4040.0
4236,2021-12-20 04:12:20,517038,3939.0
4237,2021-12-20 05:12:07,517038,4001.0
4238,2021-12-20 05:12:51,517038,4010.0
4239,2021-12-20 05:12:58,517038,4020.0
4240,2021-12-20 06:12:13,517038,3841.0
4241,2021-12-20 07:12:15,517038,3990.0
4242,2021-12-20 07:12:24,517038,4019.0
4243,2021-12-20 08:12:53,517038,4030.0
4244,2021-12-20 08:12:57,517038,3960.0
4245,2021-12-20 06:12:11,517040,3970.0
4246,2021-12-20 06:12:17,517040,3950.0
4247,2021-12-20 07:12:41,517040,4061.0
4248,2021-12-20 08:12:32,517040,3969.0
4249,2021-12-20 07:12:28,517041,3921.0
4250,2021-12-20 07:12:51,517041,3949.0
4251,2021-12-20 08:12:04,517041,4060.0
4252,2021-12-20 08:12:41,517041,3990.0
4253,2021-12-20 08:12:53,517042,4031.0
4254,2021-12-20 09:12:05,517042,4050.0
4255,2021-12-21 05:12:02,517042,4080.0
4256,2021-12-21 06:12:28,517042,3909.0
4257,2021-12-21 02:12:05,517043,3951.0
4258,2021-12-21 02:12:21,517043,3960.0
4259,2021-12-21 02:12:36,517043,3970.0
4260,2021-12-21 03:12:57,517043,4020.0
4261,2021-12-21 04:12:23,517043,4019.0
4262,2021-12-21 04:12:37,517043,3940.0
4263,2021-12-21 05:12:06,517043,4030.0
4264,2021-12-21 05:12:27,517043,3960.0
4265,2021-12-21 06:12:14,517043,3880.0
4266,2021-12-21 06:12:15,517043,4000.0
4267,2021-12-21 06:12:55,517043,3979.0
4268,2021-12-21 06:12:55,517043,3930.0
4269,2021-12-21 08:12:51,517043,3980.0
4270,2021-12-21 12:12:26,517043,4031.0
4271,2021-12-21 12:12:30,517043,4040.0
4272,2021-12-21 09:12:04,517046,3930.0
4273,2021-12-21 10:12:13,517046,3950.0
4274,2021-12-21 10:12:50,517046,3950.0
4275,2021-12-21 10:12:58,517046,4052.0
4276,2021-12-21 12:12:10,517046,4000.0
4277,2021-12-21 12:12:13,517046,4040.0
4278,2021-12-21 12:12:33,517046,3940.0
4279,2021-12-21 01:12:50,517049,4050.0
4280,2021-12-21 12:12:01,517049,4030.0
4281,2021-12-21 12:12:14,517049,4010.0
4282,2021-12-21 01:12:19,517051,3980.0
4283,2021-12-21 01:12:54,517051,4020.0
4284,2021-12-21 02:12:23,517051,3890.0
4285,2021-12-21 03:12:35,517051,3949.0
4286,2021-12-21 02:12:12,517052,4000.0
4287,2021-12-21 02:12:31,517052,4070.0
4288,2021-12-21 02:12:50,517052,3900.0
4289,2021-12-21 02:12:54,517052,4080.0
4290,2021-12-21 03:12:01,517052,4020.0
4291,2021-12-21 04:12:02,517052,3929.0
4292,2021-12-21 04:12:34,517052,3959.0
4293,2021-12-21 04:12:41,517052,4010.0
4294,2021-12-21 03:12:10,517053,4029.0
4295,2021-12-21 03:12:32,517053,3950.0
4296,2021-12-21 03:12:41,517053,4029.0
4297,2021-12-21 03:12:46,517053,3968.0
4298,2021-12-21 03:12:53,517053,3990.0
4299,2021-12-21 04:12:46,517053,4050.0
4300,2021-12-21 04:12:51,517053,4040.0
4301,2021-12-21 05:12:02,517053,3900.0
4302,2021-12-21 05:12:53,517053,4030.0
4303,2021-12-21 04:12:25,517056,4010.0
4304,2021-12-21 04:12:48,517056,4000.0
4305,2021-12-21 05:12:23,517058,4051.0
4306,2021-12-21 06:12:25,517058,3920.0
4307,2021-12-21 07:12:09,517058,4040.0
4308,2021-12-21 07:12:39,517058,3951.0
4309,2021-12-21 05:12:04,517061,3949.0
4310,2021-12-21 05:12:27,517061,3960.0
4311,2021-12-21 06:12:06,517061,3980.0
4312,2021-12-21 06:12:23,517061,4030.0
4313,2021-12-21 06:12:37,517061,4071.0
4314,2021-12-21 06:12:57,517061,3949.0
4315,2021-12-21 07:12:05,517061,4052.0
4316,2021-12-21 07:12:30,517061,4041.0
4317,2021-12-21 07:12:35,517061,4010.0
4318,2021-12-21 07:12:43,517061,4070.0
4319,2021-12-21 07:12:58,517061,4060.0
4320,2021-12-21 08:12:08,517061,3950.0
4321,2021-12-21 08:12:09,517061,4030.0
4322,2021-12-21 08:12:50,517061,4031.0
4323,2021-12-21 08:12:29,517063,4039.0
4324,2021-12-21 10:12:17,517063,3960.0
4325,2021-12-21 08:12:11,517064,3920.0
4326,2021-12-21 09:12:27,517065,3938.0
4327,2021-12-21 09:12:27,517065,4019.0
4328,2021-12-21 09:12:56,517065,3970.0
4329,2021-12-21 10:12:51,517065,3979.0
4330,2021-12-21 11:12:07,517065,4080.0
4331,2021-12-21 11:12:58,517065,4030.0
4332,2021-12-21 10:12:41,517066,3940.0
4333,2021-12-22 12:12:10,517066,4048.0
4334,2021-12-21 10:12:18,517069,4051.0
4335,2021-12-22 01:12:15,517069,3950.0
4336,2021-12-21 10:12:21,517070,3920.0
4337,2021-12-22 01:12:01,517070,4021.0
4338,2021-12-22 04:12:44,517074,3880.0
4339,2021-12-22 05:12:15,517075,3950.0
4340,2021-12-22 05:12:56,517075,4010.0
4341,2021-12-22 07:12:11,517075,3990.0
4342,2021-12-22 07:12:28,517075,3881.0
4343,2021-12-22 06:12:34,517076,3990.0
4344,2021-12-22 06:12:44,517076,4020.0
4345,2021-12-22 06:12:59,517076,4020.0
4346,2021-12-22 08:12:26,517076,4040.0
4347,2021-12-22 09:12:28,517076,4040.0
4348,2021-12-22 10:12:22,517076,3892.0
4349,2021-12-22 10:12:44,517076,3970.0
4350,2021-12-22 10:12:53,517077,4020.0
4351,2021-12-22 04:12:53,517085,3951.0
4352,2021-12-22 04:12:57,517085,3940.0
4353,2021-12-22 06:12:05,517086,3960.0
4354,2021-12-22 06:12:48,517086,3900.0
4355,2021-12-22 07:12:27,517086,3950.0
4356,2021-12-22 07:12:34,517087,4070.0
4357,2021-12-22 07:12:43,517087,3920.0
4358,2021-12-22 07:12:49,517087,3920.0
4359,2021-12-22 07:12:58,517087,3929.0
4360,2021-12-22 08:12:43,517087,3960.0
4361,2021-12-22 08:12:51,517087,4049.0
4362,2021-12-22 09:12:13,517087,4040.0
4363,2021-12-22 08:12:01,517089,3950.0
4364,2021-12-22 08:12:34,517089,3990.0
4365,2021-12-22 08:12:37,517089,3940.0
4366,2021-12-22 08:12:38,517089,4011.0
4367,2021-12-22 09:12:07,517089,3951.0
4368,2021-12-22 09:12:29,517089,3950.0
4369,2021-12-22 10:12:02,517089,3930.0
4370,2021-12-22 10:12:57,517089,4069.0
4371,2021-12-22 10:12:58,517089,3900.0
4372,2021-12-22 11:12:06,517090,3961.0
4373,2021-12-23 02:12:14,517093,4011.0
4374,2021-12-23 02:12:19,517093,3989.0
4375,2021-12-23 03:12:11,517095,4039.0
4376,2021-12-23 04:12:47,517095,3849.0
4377,2021-12-23 04:12:50,517099,3940.0
4378,2021-12-23 05:12:16,517099,3940.0
4379,2021-12-23 06:12:37,517099,3939.0
4380,2021-12-23 08:12:23,517100,3990.0
4381,2021-12-23 08:12:15,517101,3951.0
4382,2021-12-23 10:12:52,517101,3908.0
4383,2021-12-23 08:12:34,517102,3980.0
4384,2021-12-23 10:12:07,517103,3960.0
4385,2021-12-23 10:12:25,517103,3940.0
4386,2021-12-23 10:12:06,517104,3950.0
4387,2021-12-23 10:12:56,517104,3891.0
4388,2021-12-23 10:12:58,517105,4069.0
4389,2021-12-23 01:12:42,517106,3990.0
4390,2021-12-23 01:12:44,517106,3949.0
4391,2021-12-23 02:12:05,517106,4039.0
4392,2021-12-23 02:12:33,517106,3920.0
4393,2021-12-23 11:12:00,517106,3940.0
4394,2021-12-23 12:12:23,517106,3940.0
4395,2021-12-23 03:12:20,517108,4041.0
4396,2021-12-23 04:12:25,517108,3992.0
4397,2021-12-23 04:12:49,517111,3930.0
4398,2021-12-23 04:12:01,517112,3960.0
4399,2021-12-23 04:12:34,517112,3979.0
4400,2021-12-23 05:12:16,517113,3960.0
4401,2021-12-23 06:12:57,517113,3980.0
4402,2021-12-23 05:12:45,517114,3950.0
4403,2021-12-23 07:12:53,517117,4029.0
4404,2021-12-23 08:12:21,517117,3970.0
4405,2021-12-23 09:12:46,517119,3950.0
4406,2021-12-23 10:12:01,517119,3981.0
4407,2021-12-23 10:12:25,517119,3940.0
4408,2021-12-23 11:12:13,517119,3871.0
4409,2021-12-24 02:12:21,517122,3930.0
4410,2021-12-24 12:12:07,517122,3959.0
4411,2021-12-24 03:12:18,517123,4062.0
4412,2021-12-24 03:12:26,517123,3961.0
4413,2021-12-24 03:12:40,517123,3968.0
4414,2021-12-24 04:12:28,517123,3940.0
4415,2021-12-24 04:12:41,517123,3950.0
4416,2021-12-24 04:12:42,517123,3950.0
4417,2021-12-24 05:12:03,517123,4029.0
4418,2021-12-24 05:12:08,517123,3941.0
4419,2021-12-24 06:12:25,517123,3930.0
4420,2021-12-24 08:12:14,517126,3920.0
4421,2021-12-24 09:12:50,517126,3959.0
4422,2021-12-24 09:12:05,517127,3931.0
4423,2021-12-24 09:12:10,517128,3970.0
4424,2021-12-24 11:12:40,517128,3971.0
4425,2021-12-24 10:12:31,517131,3950.0
4426,2021-12-24 01:12:34,517133,4021.0
4427,2021-12-24 12:12:50,517133,4000.0
4428,2021-12-24 06:12:37,517134,3910.0
4429,2021-12-24 07:12:48,517134,3950.0
4430,2021-12-25 09:12:40,517134,3951.0
4431,2021-12-25 10:12:07,517134,3961.0
4432,2021-12-26 01:12:56,517134,4029.0
4433,2021-12-26 04:12:17,517134,3920.0
4434,2021-12-26 12:12:35,517134,3940.0
4435,2021-12-27 04:12:05,517135,3969.0
4436,2021-12-27 08:12:21,517137,3909.0
4437,2021-12-27 08:12:59,517137,3980.0
4438,2021-12-27 09:12:57,517137,4070.0
4439,2021-12-27 09:12:59,517137,3950.0
4440,2021-12-27 10:12:58,517137,3930.0
4441,2021-12-27 11:12:45,517137,3930.0
4442,2021-12-27 01:12:25,517138,4009.0
4443,2021-12-27 01:12:26,517138,3911.0
4444,2021-12-27 01:12:43,517138,4030.0
4445,2021-12-27 01:12:45,517138,3989.0
4446,2021-12-27 01:12:45,517138,4070.0
4447,2021-12-27 02:12:09,517138,4071.0
4448,2021-12-27 02:12:31,517138,4070.0
4449,2021-12-27 02:12:35,517138,4010.0
4450,2021-12-27 02:12:57,517138,4031.0
4451,2021-12-27 03:12:12,517138,3920.0
4452,2021-12-27 03:12:37,517138,4021.0
4453,2021-12-27 03:12:51,517138,4009.0
4454,2021-12-27 04:12:13,517138,3850.0
4455,2021-12-27 10:12:47,517138,4020.0
4456,2021-12-27 11:12:16,517138,3980.0
4457,2021-12-27 11:12:26,517138,3940.0
4458,2021-12-27 11:12:42,517138,3980.0
4459,2021-12-27 11:12:43,517138,3920.0
4460,2021-12-27 12:12:10,517138,3900.0
4461,2021-12-27 12:12:11,517138,3950.0
4462,2021-12-27 12:12:11,517138,4021.0
4463,2021-12-27 12:12:38,517138,4050.0
4464,2021-12-27 12:12:42,517138,4019.0
4465,2021-12-27 03:12:01,517140,4000.0
4466,2021-12-27 06:12:29,517144,3950.0
4467,2021-12-27 06:12:43,517144,3910.0
4468,2021-12-27 07:12:17,517145,3940.0
4469,2021-12-27 11:12:52,517148,4070.0
4470,2021-12-28 04:12:20,517149,3970.0
4471,2021-12-28 05:12:19,517149,3941.0
4472,2021-12-28 06:12:32,517149,3921.0
4473,2021-12-28 06:12:49,517149,3949.0
4474,2021-12-28 06:12:50,517149,4050.0
4475,2021-12-28 07:12:08,517149,4041.0
4476,2021-12-28 07:12:57,517149,3910.0
4477,2021-12-28 08:12:26,517149,4021.0
4478,2021-12-28 08:12:30,517150,3970.0
4479,2021-12-28 08:12:55,517150,3930.0
4480,2021-12-28 10:12:27,517150,3990.0
4481,2021-12-28 10:12:38,517150,3990.0
4482,2021-12-28 11:12:13,517150,3930.0
4483,2021-12-28 11:12:15,517150,4050.0
4484,2021-12-28 11:12:17,517150,4050.0
4485,2021-12-28 01:12:09,517151,4110.0
4486,2021-12-28 01:12:35,517151,4031.0
4487,2021-12-28 02:12:55,517151,3940.0
4488,2021-12-28 11:12:55,517151,3930.0
4489,2021-12-28 12:12:05,517151,3930.0
4490,2021-12-28 02:12:00,517152,3950.0
4491,2021-12-28 02:12:26,517152,3960.0
4492,2021-12-28 02:12:36,517152,3981.0
4493,2021-12-28 03:12:46,517152,3820.0
4494,2021-12-28 03:12:53,517152,4049.0
4495,2021-12-28 03:12:02,517153,3950.0
4496,2021-12-28 03:12:45,517153,4059.0
4497,2021-12-28 04:12:17,517153,3941.0
4498,2021-12-28 05:12:01,517153,3870.0
4499,2021-12-28 05:12:08,517153,3960.0
4500,2021-12-28 05:12:22,517153,3921.0
4501,2021-12-28 05:12:35,517153,4011.0
4502,2021-12-28 07:12:25,517153,4040.0
4503,2021-12-28 07:12:47,517153,3870.0
4504,2021-12-28 08:12:21,517153,4071.0
4505,2021-12-28 08:12:29,517155,4040.0
4506,2021-12-28 08:12:44,517155,4010.0
4507,2021-12-28 11:12:15,517157,4029.0
4508,2021-12-29 04:12:16,517158,4042.0
4509,2021-12-29 05:12:02,517158,3919.0
4510,2021-12-29 05:12:53,517158,3980.0
4511,2021-12-29 06:12:54,517158,4010.0
4512,2021-12-29 05:12:32,517160,3921.0
4513,2021-12-29 06:12:57,517160,4011.0
4514,2021-12-29 07:12:23,517160,4041.0
4515,2021-12-29 07:12:27,517160,3919.0
4516,2021-12-29 09:12:11,517160,3950.0
4517,2021-12-29 09:12:39,517160,3909.0
4518,2021-12-29 10:12:40,517160,4029.0
4519,2021-12-29 10:12:55,517160,3960.0
4520,2021-12-29 01:12:06,517163,3990.0
4521,2021-12-29 02:12:44,517163,4011.0
4522,2021-12-29 02:12:54,517163,3960.0
4523,2021-12-29 11:12:11,517163,3890.0
4524,2021-12-29 01:12:39,517164,4050.0
4525,2021-12-29 01:12:42,517164,4050.0
4526,2021-12-29 01:12:55,517164,4010.0
4527,2021-12-29 02:12:33,517164,4040.0
4528,2021-12-29 12:12:04,517164,4050.0
4529,2021-12-29 12:12:25,517164,4039.0
4530,2021-12-29 06:12:27,517165,3940.0
4531,2021-12-29 08:12:04,517166,4010.0
4532,2021-12-29 08:12:47,517166,4040.0
4533,2021-12-29 10:12:50,517166,3951.0
4534,2021-12-30 02:12:33,517167,3938.0
4535,2021-12-30 02:12:59,517167,3960.0
4536,2021-12-30 03:12:24,517167,3850.0
4537,2021-12-30 03:12:28,517167,3950.0
4538,2021-12-30 04:12:22,517167,4090.0
4539,2021-12-30 05:12:04,517167,3920.0
4540,2021-12-30 06:12:17,517167,3951.0
4541,2021-12-30 06:12:21,517167,4090.0
4542,2021-12-30 08:12:06,517167,4029.0
4543,2021-12-30 08:12:59,517167,3940.0
4544,2021-12-30 09:12:49,517167,3930.0
4545,2021-12-30 12:12:11,517167,3891.0
4546,2021-12-30 12:12:26,517167,3950.0
4547,2021-12-30 12:12:40,517167,3960.0
4548,2021-12-30 02:12:01,517170,3990.0
4549,2021-12-30 02:12:53,517170,3961.0
4550,2021-12-30 02:12:54,517170,3930.0
4551,2021-12-30 03:12:00,517170,3939.0
4552,2021-12-30 03:12:11,517170,4009.0
4553,2021-12-30 03:12:24,517170,4050.0
4554,2021-12-30 04:12:00,517170,3861.0
4555,2021-12-30 05:12:02,517170,4050.0
4556,2021-12-30 07:12:36,517170,3910.0
4557,2021-12-30 11:12:05,517172,3958.0
4558,2021-12-31 03:12:06,517172,4051.0
4559,2021-12-31 05:12:23,517172,4040.0
4560,2021-12-31 05:12:31,517172,4040.0
4561,2021-12-31 06:12:04,517174,3908.0
4562,2021-12-31 07:12:00,517174,4050.0
4563,2021-12-31 06:12:39,517175,4080.0
4564,2021-12-31 07:12:25,517175,3910.0
4565,2021-12-31 07:12:30,517175,4010.0
4566,2021-12-31 09:12:10,517178,4010.0
4567,2021-12-31 04:12:43,517180,3929.0
4568,2021-12-31 07:12:10,517180,3980.0
4569,2021-12-31 09:12:06,517180,4010.0
4570,2022-01-01 04:01:25,517180,4031.0
4571,2022-01-01 06:01:33,517180,3961.0
4572,2022-01-01 09:01:11,517180,4040.0
4573,2022-01-01 12:01:04,517180,3910.0
4574,2022-01-02 04:01:01,517180,3940.0
4575,2022-01-03 04:01:45,517180,3920.0
4576,2022-01-03 05:01:37,517180,3961.0
4577,2022-01-03 06:01:04,517180,3989.0
4578,2022-01-03 07:01:18,517180,3920.0
4579,2022-01-03 08:01:15,517180,4070.0
4580,2022-01-03 08:01:20,517180,3940.0
4581,2022-01-03 08:01:26,517180,4041.0
4582,2022-01-03 08:01:52,517180,3921.0
4583,2022-01-03 10:01:25,517180,3900.0
4584,2022-01-03 10:01:53,517180,3910.0
4585,2022-01-03 10:01:57,517180,3900.0
4586,2022-01-03 11:01:28,517180,3991.0
4587,2022-01-03 11:01:36,517180,4041.0
4588,2022-01-03 11:01:42,517180,4019.0
4589,2022-01-03 11:01:47,517180,4032.0
4590,2022-01-03 12:01:43,517180,4010.0
4591,2022-01-03 01:01:04,517182,4010.0
4592,2022-01-03 12:01:15,517182,3929.0
4593,2022-01-03 02:01:07,517183,3959.0
4594,2022-01-03 03:01:33,517183,4019.0
4595,2022-01-03 02:01:44,517184,3910.0
4596,2022-01-03 02:01:59,517184,3930.0
4597,2022-01-03 03:01:16,517184,3928.0
4598,2022-01-03 03:01:29,517185,3940.0
4599,2022-01-04 04:01:11,517196,3930.0
4600,2022-01-04 05:01:09,517196,3940.0
4601,2022-01-04 05:01:29,517196,4001.0
4602,2022-01-04 06:01:25,517196,4060.0
4603,2022-01-04 06:01:41,517196,3931.0
4604,2022-01-04 06:01:47,517196,3940.0
4605,2022-01-04 06:01:51,517196,3990.0
4606,2022-01-04 07:01:03,517196,3930.0
4607,2022-01-04 07:01:20,517196,3959.0
4608,2022-01-04 07:01:32,517196,4031.0
4609,2022-01-04 08:01:12,517196,4020.0
4610,2022-01-04 08:01:42,517196,4060.0
4611,2022-01-04 09:01:47,517196,3960.0
4612,2022-01-04 10:01:08,517196,3970.0
4613,2022-01-04 11:01:01,517196,3910.0
4614,2022-01-04 11:01:11,517196,3981.0
4615,2022-01-04 11:01:55,517196,4029.0
4616,2022-01-04 12:01:49,517196,3929.0
4617,2022-01-04 01:01:40,517197,4050.0
4618,2022-01-04 01:01:42,517197,3950.0
4619,2022-01-04 02:01:03,517197,3909.0
4620,2022-01-04 02:01:03,517197,3999.0
4621,2022-01-04 02:01:29,517197,3989.0
4622,2022-01-04 02:01:55,517197,4030.0
4623,2022-01-04 03:01:08,517197,3960.0
4624,2022-01-04 03:01:16,517197,3941.0
4625,2022-01-04 04:01:10,517197,3999.0
4626,2022-01-04 11:01:38,517197,4088.0
4627,2022-01-04 12:01:29,517197,4029.0
4628,2022-01-04 03:01:47,517198,4020.0
4629,2022-01-04 04:01:40,517198,3929.0
4630,2022-01-04 05:01:52,517198,4011.0
4631,2022-01-04 06:01:13,517198,3810.0
4632,2022-01-04 06:01:32,517198,4079.0
4633,2022-01-04 04:01:08,517199,3960.0
4634,2022-01-04 04:01:45,517200,3991.0
4635,2022-01-04 06:01:28,517200,3920.0
4636,2022-01-04 05:01:26,517201,3950.0
4637,2022-01-04 06:01:01,517201,4039.0
4638,2022-01-04 06:01:43,517203,4010.0
4639,2022-01-04 06:01:50,517203,3970.0
4640,2022-01-04 08:01:29,517203,4059.0
4641,2022-01-04 07:01:40,517204,3940.0
4642,2022-01-04 08:01:32,517206,4010.0
4643,2022-01-04 09:01:51,517206,3890.0
4644,2022-01-04 10:01:29,517208,3951.0
4645,2022-01-04 10:01:45,517209,3909.0
4646,2022-01-05 12:01:58,517210,3960.0
4647,2022-01-05 01:01:21,517212,3961.0
4648,2022-01-05 12:01:01,517212,3930.0
4649,2022-01-05 06:01:22,517217,3940.0
4650,2022-01-05 06:01:36,517217,3960.0
4651,2022-01-05 06:01:37,517217,3931.0
4652,2022-01-05 07:01:07,517217,4030.0
4653,2022-01-05 07:01:11,517217,4060.0
4654,2022-01-05 08:01:06,517218,3960.0
4655,2022-01-05 08:01:31,517218,4059.0
4656,2022-01-05 10:01:24,517218,3930.0
4657,2022-01-05 10:01:42,517218,4081.0
4658,2022-01-05 11:01:10,517218,4021.0
4659,2022-01-05 11:01:14,517218,3950.0
4660,2022-01-05 11:01:22,517218,3951.0
4661,2022-01-05 11:01:26,517218,3999.0
4662,2022-01-05 11:01:30,517218,3949.0
4663,2022-01-05 12:01:13,517218,4051.0
4664,2022-01-05 12:01:23,517218,4031.0
4665,2022-01-05 12:01:48,517218,4030.0
4666,2022-01-05 01:01:04,517221,4009.0
4667,2022-01-05 01:01:28,517222,4040.0
4668,2022-01-05 01:01:34,517222,3960.0
4669,2022-01-05 02:01:07,517222,4050.0
4670,2022-01-05 01:01:14,517223,3970.0
4671,2022-01-05 01:01:43,517223,3940.0
4672,2022-01-05 03:01:52,517227,3898.0
4673,2022-01-05 04:01:12,517228,3969.0
4674,2022-01-05 04:01:50,517229,3980.0
4675,2022-01-05 05:01:11,517229,4040.0
4676,2022-01-05 05:01:16,517229,3980.0
4677,2022-01-05 06:01:51,517229,3930.0
4678,2022-01-05 06:01:58,517229,3841.0
4679,2022-01-05 06:01:30,517231,4039.0
4680,2022-01-05 07:01:19,517231,3999.0
4681,2022-01-05 07:01:24,517231,4090.0
4682,2022-01-06 12:01:20,517237,3940.0
4683,2022-01-06 01:01:43,517239,4019.0
4684,2022-01-06 03:01:20,517239,3930.0
4685,2022-01-06 04:01:53,517239,4050.0
4686,2022-01-06 05:01:21,517239,4000.0
4687,2022-01-06 06:01:44,517239,3969.0
4688,2022-01-06 05:01:16,517240,3989.0
4689,2022-01-06 05:01:29,517240,3959.0
4690,2022-01-06 05:01:55,517240,3931.0
4691,2022-01-06 06:01:31,517240,3939.0
4692,2022-01-06 06:01:54,517240,4070.0
4693,2022-01-06 08:01:53,517240,4000.0
4694,2022-01-06 09:01:13,517240,3927.0
4695,2022-01-06 09:01:59,517240,4030.0
4696,2022-01-06 10:01:05,517240,3930.0
4697,2022-01-06 10:01:34,517240,3950.0
4698,2022-01-06 10:01:59,517240,3940.0
4699,2022-01-06 11:01:10,517240,3869.0
4700,2022-01-06 11:01:39,517240,3950.0
4701,2022-01-06 10:01:49,517242,4029.0
4702,2022-01-06 11:01:12,517242,3910.0
4703,2022-01-06 11:01:21,517242,4010.0
4704,2022-01-06 01:01:00,517246,3961.0
4705,2022-01-06 01:01:43,517246,3951.0
4706,2022-01-06 02:01:22,517246,4050.0
4707,2022-01-06 03:01:50,517246,3969.0
4708,2022-01-06 02:01:59,517247,4019.0
4709,2022-01-06 03:01:36,517247,4061.0
4710,2022-01-07 01:01:39,517253,3882.0
4711,2022-01-07 01:01:45,517253,3970.0
4712,2022-01-07 01:01:53,517253,4021.0
4713,2022-01-07 01:01:59,517253,4060.0
4714,2022-01-07 05:01:11,517253,3969.0
4715,2022-01-07 05:01:34,517253,3889.0
4716,2022-01-07 06:01:11,517253,3960.0
4717,2022-01-07 06:01:43,517253,3971.0
4718,2022-01-07 06:01:44,517253,4030.0
4719,2022-01-07 07:01:22,517253,3943.0
4720,2022-01-07 10:01:06,517253,3910.0
4721,2022-01-07 11:01:36,517253,4009.0
4722,2022-01-07 11:01:49,517253,3941.0
4723,2022-01-07 12:01:48,517253,3949.0
4724,2022-01-07 12:01:55,517253,3970.0
4725,2022-01-07 01:01:05,517254,3941.0
4726,2022-01-07 01:01:30,517254,4030.0
4727,2022-01-07 01:01:41,517254,4069.0
4728,2022-01-07 01:01:46,517254,4041.0
4729,2022-01-07 02:01:04,517254,3960.0
4730,2022-01-07 02:01:12,517254,3920.0
4731,2022-01-07 03:01:47,517254,4059.0
4732,2022-01-07 12:01:39,517254,3940.0
4733,2022-01-07 12:01:48,517254,4030.0
4734,2022-01-07 04:01:22,517258,3930.0
4735,2022-01-07 05:01:29,517261,3920.0
4736,2022-01-07 06:01:30,517261,3891.0
4737,2022-01-07 06:01:45,517262,3930.0
4738,2022-01-07 07:01:29,517263,4021.0
4739,2022-01-07 08:01:35,517263,3940.0
4740,2022-01-07 09:01:53,517265,3939.0
4741,2022-01-08 12:01:24,517266,4018.0
4742,2022-01-08 05:01:27,517267,4009.0
4743,2022-01-08 05:01:53,517267,3948.0
4744,2022-01-08 07:01:31,517267,4040.0
4745,2022-01-10 01:01:57,517268,3939.0
4746,2022-01-10 04:01:14,517268,3990.0
4747,2022-01-10 04:01:44,517268,3941.0
4748,2022-01-10 05:01:06,517268,4010.0
4749,2022-01-10 05:01:14,517268,3980.0
4750,2022-01-10 05:01:48,517268,3910.0
4751,2022-01-10 12:01:40,517268,3939.0
4752,2022-01-10 05:01:10,517269,3982.0
4753,2022-01-10 06:01:12,517269,3970.0
4754,2022-01-10 06:01:29,517269,3940.0
4755,2022-01-10 07:01:23,517269,3940.0
4756,2022-01-10 08:01:55,517269,3970.0
4757,2022-01-10 09:01:35,517269,4039.0
4758,2022-01-10 10:01:21,517269,4081.0
4759,2022-01-10 10:01:54,517270,3910.0
4760,2022-01-10 11:01:18,517272,3950.0
4761,2022-01-10 11:01:44,517272,3901.0
4762,2022-01-10 12:01:21,517272,3900.0
4763,2022-01-10 01:01:17,517273,3921.0
4764,2022-01-10 01:01:31,517273,4039.0
4765,2022-01-10 01:01:44,517273,4070.0
4766,2022-01-10 01:01:57,517273,4080.0
4767,2022-01-10 11:01:03,517273,4019.0
4768,2022-01-10 11:01:35,517273,3931.0
4769,2022-01-10 12:01:01,517273,3941.0
4770,2022-01-10 12:01:31,517273,4009.0
4771,2022-01-10 01:01:03,517274,4020.0
4772,2022-01-10 02:01:02,517274,3920.0
4773,2022-01-10 02:01:15,517274,3930.0
4774,2022-01-10 02:01:25,517274,4041.0
4775,2022-01-10 03:01:38,517274,4021.0
4776,2022-01-10 02:01:46,517275,3951.0
4777,2022-01-10 04:01:18,517275,3908.0
4778,2022-01-10 04:01:56,517275,4019.0
4779,2022-01-10 05:01:46,517275,3931.0
4780,2022-01-10 05:01:55,517275,3958.0
4781,2022-01-10 07:01:01,517275,4052.0
4782,2022-01-10 07:01:38,517278,3980.0
4783,2022-01-10 09:01:05,517284,4070.0
4784,2022-01-10 10:01:58,517284,3920.0
4785,2022-01-10 11:01:49,517284,3921.0
4786,2022-01-11 12:01:01,517284,3850.0
4787,2022-01-11 01:01:07,517287,3949.0
4788,2022-01-11 01:01:40,517287,3989.0
4789,2022-01-11 01:01:42,517287,3949.0
4790,2022-01-11 03:01:34,517287,4001.0
4791,2022-01-11 03:01:51,517287,4030.0
4792,2022-01-11 03:01:51,517287,4011.0
4793,2022-01-11 01:01:29,517288,4030.0
4794,2022-01-11 02:01:20,517288,4071.0
4795,2022-01-11 02:01:38,517288,3991.0
4796,2022-01-11 05:01:04,517288,3931.0
4797,2022-01-11 05:01:08,517288,3931.0
4798,2022-01-11 05:01:12,517288,4020.0
4799,2022-01-11 05:01:32,517288,3980.0
4800,2022-01-11 05:01:34,517288,4028.0
4801,2022-01-11 06:01:22,517288,4021.0
4802,2022-01-11 08:01:40,517288,3921.0
4803,2022-01-11 08:01:55,517288,4020.0
4804,2022-01-11 09:01:51,517288,3980.0
4805,2022-01-11 11:01:56,517288,3900.0
4806,2022-01-11 12:01:31,517288,3960.0
4807,2022-01-11 02:01:06,517289,3961.0
4808,2022-01-11 11:01:37,517289,4020.0
4809,2022-01-11 12:01:29,517289,4050.0
4810,2022-01-11 12:01:46,517289,4030.0
4811,2022-01-11 01:01:13,517290,3970.0
4812,2022-01-11 02:01:04,517290,3960.0
4813,2022-01-11 02:01:37,517290,3970.0
4814,2022-01-11 03:01:02,517290,3980.0
4815,2022-01-11 03:01:13,517290,3930.0
4816,2022-01-11 03:01:21,517290,3970.0
4817,2022-01-11 03:01:36,517290,3921.0
4818,2022-01-11 04:01:12,517290,3948.0
4819,2022-01-11 04:01:37,517290,4059.0
4820,2022-01-11 04:01:39,517290,4059.0
4821,2022-01-11 04:01:11,517291,3969.0
4822,2022-01-11 04:01:21,517291,4030.0
4823,2022-01-11 07:01:51,517291,3950.0
4824,2022-01-11 05:01:17,517293,3989.0
4825,2022-01-11 08:01:23,517293,3951.0
4826,2022-01-11 09:01:15,517293,4050.0
4827,2022-01-11 09:01:15,517293,3951.0
4828,2022-01-11 09:01:16,517293,4020.0
4829,2022-01-11 09:01:25,517293,3930.0
4830,2022-01-11 10:01:53,517293,3820.0
4831,2022-01-11 10:01:14,517294,3940.0
4832,2022-01-11 10:01:37,517294,4050.0
4833,2022-01-12 01:01:47,517302,3930.0
4834,2022-01-12 02:01:10,517302,4011.0
4835,2022-01-12 03:01:36,517306,3930.0
4836,2022-01-12 05:01:14,517306,3921.0
4837,2022-01-12 05:01:42,517306,3900.0
4838,2022-01-12 05:01:44,517306,3910.0
4839,2022-01-12 05:01:54,517306,4020.0
4840,2022-01-12 06:01:36,517306,3969.0
4841,2022-01-12 07:01:37,517306,4029.0
4842,2022-01-12 07:01:41,517306,3950.0
4843,2022-01-12 07:01:54,517306,4021.0
4844,2022-01-12 08:01:06,517306,4000.0
4845,2022-01-12 08:01:33,517306,3981.0
4846,2022-01-12 08:01:34,517306,3970.0
4847,2022-01-12 08:01:48,517306,3960.0
4848,2022-01-12 09:01:18,517306,4030.0
4849,2022-01-12 10:01:38,517306,4021.0
4850,2022-01-12 11:01:02,517306,3960.0
4851,2022-01-12 11:01:16,517306,3970.0
4852,2022-01-12 11:01:39,517306,4019.0
4853,2022-01-12 11:01:56,517306,3960.0
4854,2022-01-12 12:01:03,517306,3900.0
4855,2022-01-12 12:01:24,517306,4030.0
4856,2022-01-12 01:01:53,517307,3980.0
4857,2022-01-12 12:01:19,517307,3951.0
4858,2022-01-12 01:01:42,517308,4000.0
4859,2022-01-12 02:01:02,517308,4050.0
4860,2022-01-12 12:01:12,517308,3920.0
4861,2022-01-12 12:01:49,517308,3970.0
4862,2022-01-12 01:01:02,517309,4010.0
4863,2022-01-12 01:01:02,517309,4011.0
4864,2022-01-12 01:01:46,517309,3969.0
4865,2022-01-12 01:01:47,517309,4040.0
4866,2022-01-12 02:01:52,517309,3910.0
4867,2022-01-12 03:01:35,517309,4010.0
4868,2022-01-12 02:01:46,517312,4060.0
4869,2022-01-12 03:01:33,517315,3940.0
4870,2022-01-12 05:01:11,517315,4050.0
4871,2022-01-12 03:01:22,517316,3890.0
4872,2022-01-12 03:01:22,517316,3960.0
4873,2022-01-12 05:01:26,517316,4021.0
4874,2022-01-12 05:01:38,517316,4051.0
4875,2022-01-12 05:01:52,517316,3960.0
4876,2022-01-12 04:01:02,517318,3937.0
4877,2022-01-12 04:01:46,517318,3930.0
4878,2022-01-12 06:01:02,517318,3990.0
4879,2022-01-12 06:01:05,517318,4021.0
4880,2022-01-12 04:01:40,517320,3920.0
4881,2022-01-12 05:01:09,517320,4011.0
4882,2022-01-12 05:01:22,517320,3960.0
4883,2022-01-12 05:01:56,517320,4000.0
4884,2022-01-12 06:01:35,517320,3960.0
4885,2022-01-12 06:01:49,517323,3961.0
4886,2022-01-12 07:01:32,517323,3910.0
4887,2022-01-12 08:01:21,517329,4039.0
4888,2022-01-12 08:01:55,517329,3900.0
4889,2022-01-12 11:01:12,517332,3930.0
4890,2022-01-12 11:01:26,517336,3952.0
4891,2022-01-13 01:01:09,517336,3929.0
4892,2022-01-13 02:01:25,517336,4000.0
4893,2022-01-13 02:01:54,517336,4010.0
4894,2022-01-13 01:01:48,517337,4091.0
4895,2022-01-13 12:01:54,517337,4041.0
4896,2022-01-13 04:01:50,517342,4040.0
4897,2022-01-13 05:01:08,517342,4041.0
4898,2022-01-13 05:01:02,517343,4040.0
4899,2022-01-13 05:01:08,517343,3961.0
4900,2022-01-13 05:01:36,517343,3930.0
4901,2022-01-13 05:01:48,517343,3980.0
4902,2022-01-13 05:01:58,517343,4019.0
4903,2022-01-13 06:01:01,517343,4000.0
4904,2022-01-13 06:01:08,517343,3930.0
4905,2022-01-13 06:01:14,517343,3940.0
4906,2022-01-13 06:01:53,517343,4030.0
4907,2022-01-13 06:01:54,517343,4020.0
4908,2022-01-13 06:01:56,517343,3930.0
4909,2022-01-13 07:01:01,517343,4080.0
4910,2022-01-13 07:01:11,517343,4068.0
4911,2022-01-13 07:01:14,517343,4040.0
4912,2022-01-13 07:01:46,517343,4039.0
4913,2022-01-13 08:01:07,517344,3980.0
4914,2022-01-13 09:01:09,517344,4002.0
4915,2022-01-13 09:01:18,517344,4070.0
4916,2022-01-13 10:01:26,517344,4030.0
4917,2022-01-13 10:01:32,517344,3840.0
4918,2022-01-13 11:01:24,517344,3950.0
4919,2022-01-13 11:01:57,517344,3949.0
4920,2022-01-13 11:01:57,517344,3968.0
4921,2022-01-13 11:01:16,517345,3919.0
4922,2022-01-13 11:01:34,517345,4020.0
4923,2022-01-13 12:01:25,517345,3931.0
4924,2022-01-13 01:01:13,517347,3992.0
4925,2022-01-13 01:01:22,517347,3990.0
4926,2022-01-13 02:01:00,517347,4039.0
4927,2022-01-13 02:01:31,517349,3999.0
4928,2022-01-13 03:01:50,517350,3949.0
4929,2022-01-13 04:01:14,517350,4010.0
4930,2022-01-13 04:01:25,517351,3990.0
4931,2022-01-13 07:01:37,517351,4080.0
4932,2022-01-13 05:01:29,517352,4040.0
4933,2022-01-13 05:01:37,517352,4050.0
4934,2022-01-13 07:01:57,517352,3989.0
4935,2022-01-13 05:01:54,517354,3980.0
4936,2022-01-13 08:01:05,517354,3960.0
4937,2022-01-13 05:01:14,517355,3910.0
4938,2022-01-13 08:01:19,517355,3920.0
4939,2022-01-13 09:01:24,517359,3980.0
4940,2022-01-13 09:01:23,517360,3979.0
4941,2022-01-13 11:01:29,517360,4040.0
4942,2022-01-13 11:01:34,517360,3939.0
4943,2022-01-14 12:01:18,517360,3941.0
4944,2022-01-14 12:01:30,517360,3940.0
4945,2022-01-14 01:01:14,517362,4030.0
4946,2022-01-14 01:01:48,517362,3960.0
4947,2022-01-14 02:01:15,517362,3970.0
4948,2022-01-14 02:01:17,517362,4040.0
4949,2022-01-14 03:01:09,517362,3990.0
4950,2022-01-14 03:01:57,517362,3969.0
4951,2022-01-14 04:01:28,517362,3921.0
4952,2022-01-14 04:01:50,517362,4050.0
4953,2022-01-14 05:01:03,517362,3841.0
4954,2022-01-14 05:01:34,517362,3882.0
4955,2022-01-14 05:01:50,517362,3850.0
4956,2022-01-14 05:01:51,517362,3960.0
4957,2022-01-14 05:01:59,517362,4050.0
4958,2022-01-14 06:01:04,517362,3940.0
4959,2022-01-14 06:01:07,517362,3960.0
4960,2022-01-14 06:01:12,517362,4030.0
4961,2022-01-14 07:01:18,517362,3959.0
4962,2022-01-14 07:01:32,517362,3869.0
4963,2022-01-14 08:01:15,517362,4011.0
4964,2022-01-14 08:01:40,517362,4039.0
4965,2022-01-14 09:01:10,517362,4030.0
4966,2022-01-14 10:01:18,517362,3941.0
4967,2022-01-14 10:01:24,517362,3979.0
4968,2022-01-14 10:01:39,517362,3970.0
4969,2022-01-14 10:01:50,517362,3960.0
4970,2022-01-14 11:01:44,517362,3950.0
4971,2022-01-14 12:01:25,517362,3961.0
4972,2022-01-14 12:01:27,517362,4010.0
4973,2022-01-14 04:01:11,517364,3920.0
4974,2022-01-14 06:01:07,517364,4031.0
4975,2022-01-14 06:01:17,517364,3980.0
4976,2022-01-14 06:01:21,517364,3990.0
4977,2022-01-14 06:01:51,517364,3970.0
4978,2022-01-14 07:01:21,517364,4052.0
4979,2022-01-14 07:01:48,517364,3951.0
4980,2022-01-14 08:01:11,517364,3930.0
4981,2022-01-14 08:01:18,517364,4140.0
4982,2022-01-14 10:01:15,517364,4030.0
4983,2022-01-14 11:01:14,517364,4031.0
4984,2022-01-14 11:01:14,517364,4011.0
4985,2022-01-14 07:01:42,517365,3980.0
4986,2022-01-14 07:01:44,517365,3980.0
4987,2022-01-14 07:01:57,517365,4019.0
4988,2022-01-14 10:01:32,517365,3969.0
4989,2022-01-14 10:01:44,517365,3999.0
4990,2022-01-15 02:01:19,517365,4040.0
4991,2022-01-15 02:01:42,517365,4030.0
4992,2022-01-15 12:01:34,517365,3939.0
4993,2022-01-14 10:01:40,517367,3931.0
4994,2022-01-14 10:01:45,517367,3940.0
4995,2022-01-14 11:01:00,517367,3940.0
4996,2022-01-15 12:01:25,517367,4020.0
4997,2022-01-15 12:01:34,517367,3879.0
4998,2022-01-14 08:01:48,517368,3930.0
4999,2022-01-14 10:01:53,517368,4042.0
5000,2022-01-14 11:01:43,517368,4040.0
5001,2022-01-14 11:01:45,517368,4081.0
5002,2022-01-15 01:01:10,517368,3939.0
5003,2022-01-15 01:01:12,517368,4020.0
5004,2022-01-15 01:01:23,517368,3930.0
5005,2022-01-15 01:01:40,517368,4010.0
5006,2022-01-15 02:01:25,517368,4020.0
5007,2022-01-15 02:01:31,517368,3930.0
5008,2022-01-15 02:01:52,517368,3980.0
5009,2022-01-15 03:01:23,517368,4060.0
5010,2022-01-15 03:01:53,517368,3970.0
5011,2022-01-15 12:01:26,517368,3970.0
5012,2022-01-15 04:01:59,517369,3951.0
5013,2022-01-15 05:01:43,517370,4051.0
5014,2022-01-15 07:01:43,517370,4040.0
5015,2022-01-15 01:01:39,517372,4000.0
5016,2022-01-15 04:01:03,517372,3960.0
5017,2022-01-15 04:01:06,517372,3940.0
5018,2022-01-15 06:01:35,517373,3951.0
5019,2022-01-15 09:01:48,517373,3950.0
5020,2022-01-15 10:01:36,517373,3960.0
5021,2022-01-16 02:01:04,517373,4040.0
5022,2022-01-16 12:01:34,517373,4060.0
5023,2022-01-16 03:01:04,517374,3980.0
5024,2022-01-16 10:01:06,517375,4080.0
5025,2022-01-17 04:01:10,517375,3900.0
5026,2022-01-17 04:01:23,517375,3970.0
5027,2022-01-17 05:01:15,517375,4020.0
5028,2022-01-17 05:01:36,517375,3960.0
5029,2022-01-17 06:01:44,517375,3920.0
5030,2022-01-17 06:01:50,517375,3969.0
5031,2022-01-17 12:01:27,517375,3971.0
5032,2022-01-17 05:01:34,517376,4020.0
5033,2022-01-17 05:01:34,517377,4021.0
5034,2022-01-17 06:01:05,517377,3981.0
5035,2022-01-17 07:01:15,517377,3980.0
5036,2022-01-17 07:01:35,517377,3940.0
5037,2022-01-17 01:01:35,517379,4050.0
5038,2022-01-17 10:01:15,517379,3930.0
5039,2022-01-17 10:01:16,517379,3900.0
5040,2022-01-17 11:01:29,517379,3959.0
5041,2022-01-17 11:01:49,517379,4030.0
5042,2022-01-17 12:01:00,517379,3951.0
5043,2022-01-17 01:01:02,517380,3949.0
5044,2022-01-17 11:01:16,517380,3921.0
5045,2022-01-17 11:01:57,517380,3991.0
5046,2022-01-17 02:01:50,517384,4019.0
5047,2022-01-17 03:01:37,517384,3941.0
5048,2022-01-17 02:01:03,517385,4010.0
5049,2022-01-17 04:01:51,517385,3940.0
5050,2022-01-17 02:01:37,517387,3960.0
5051,2022-01-17 04:01:50,517387,3961.0
5052,2022-01-17 03:01:47,517389,4020.0
5053,2022-01-17 04:01:22,517389,3920.0
5054,2022-01-17 04:01:42,517389,3960.0
5055,2022-01-17 05:01:17,517389,3981.0
5056,2022-01-17 05:01:30,517389,4011.0
5057,2022-01-17 06:01:20,517389,3871.0
5058,2022-01-17 06:01:45,517389,3950.0
5059,2022-01-17 07:01:08,517389,3970.0
5060,2022-01-17 07:01:14,517389,3969.0
5061,2022-01-17 07:01:20,517389,4071.0
5062,2022-01-17 07:01:32,517389,3840.0
5063,2022-01-17 07:01:40,517389,4008.0
5064,2022-01-17 07:01:51,517389,3952.0
5065,2022-01-17 08:01:24,517389,3950.0
5066,2022-01-17 09:01:23,517389,4050.0
5067,2022-01-17 09:01:30,517389,4009.0
5068,2022-01-17 09:01:43,517389,3970.0
5069,2022-01-17 10:01:39,517389,3949.0
5070,2022-01-20 05:01:01,517389,3960.0
5071,2022-01-20 05:01:19,517389,3960.0
5072,2022-01-20 06:01:08,517389,3930.0
5073,2022-01-20 06:01:44,517389,4060.0
5074,2022-01-20 07:01:24,517389,4009.0
5075,2022-01-20 07:01:27,517389,4080.0
5076,2022-01-20 08:01:00,517389,4070.0
5077,2022-01-20 08:01:57,517389,4039.0
5078,2022-01-20 09:01:33,517389,3930.0
5079,2022-01-20 09:01:57,517389,4039.0
5080,2022-01-20 10:01:24,517389,4049.0
5081,2022-01-20 10:01:26,517389,3881.0
5082,2022-01-20 11:01:21,517389,4049.0
5083,2022-01-20 11:01:25,517389,4040.0
5084,2022-01-21 01:01:23,517389,3910.0
5085,2022-01-21 01:01:35,517389,4009.0
5086,2022-01-21 01:01:50,517389,4088.0
5087,2022-01-21 02:01:13,517389,3969.0
5088,2022-01-21 02:01:24,517389,3960.0
5089,2022-01-21 03:01:57,517389,3999.0
5090,2022-01-21 03:01:58,517389,4080.0
5091,2022-01-21 04:01:22,517389,3951.0
5092,2022-01-21 04:01:30,517389,3930.0
5093,2022-01-21 05:01:32,517389,3899.0
5094,2022-01-21 05:01:35,517389,3910.0
5095,2022-01-21 06:01:32,517389,4049.0
5096,2022-01-21 06:01:56,517389,4049.0
5097,2022-01-21 07:01:43,517389,3960.0
5098,2022-01-21 07:01:45,517389,4071.0
5099,2022-01-21 08:01:32,517389,4028.0
5100,2022-01-21 08:01:35,517389,3980.0
5101,2022-01-21 09:01:38,517389,3940.0
5102,2022-01-21 09:01:54,517389,3950.0
5103,2022-01-21 10:01:46,517389,4050.0
5104,2022-01-21 10:01:53,517389,4050.0
5105,2022-01-21 11:01:08,517389,3930.0
5106,2022-01-21 11:01:11,517389,3960.0
5107,2022-01-21 12:01:00,517389,3900.0
5108,2022-01-21 12:01:48,517389,3979.0
5109,2022-01-21 12:01:49,517389,3951.0
5110,2022-01-21 12:01:54,517389,3960.0
5111,2022-01-17 09:01:49,517391,3990.0
5112,2022-01-17 09:01:51,517391,3990.0
5113,2022-01-17 09:01:53,517391,3980.0
5114,2022-01-17 10:01:06,517391,3920.0
5115,2022-01-17 10:01:25,517392,4049.0
5116,2022-01-18 12:01:08,517392,3951.0
5117,2022-01-18 02:01:07,517395,3920.0
5118,2022-01-18 02:01:17,517395,3950.0
5119,2022-01-18 12:01:33,517395,4051.0
5120,2022-01-18 12:01:44,517395,3950.0
5121,2022-01-18 01:01:47,517398,3961.0
5122,2022-01-18 02:01:45,517398,3940.0
5123,2022-01-18 02:01:31,517399,4030.0
5124,2022-01-18 04:01:52,517400,4000.0
5125,2022-01-18 05:01:04,517401,3929.0
5126,2022-01-18 05:01:21,517401,3940.0
5127,2022-01-18 06:01:35,517401,3850.0
5128,2022-01-18 07:01:24,517401,4030.0
5129,2022-01-18 06:01:29,517402,3910.0
5130,2022-01-18 07:01:44,517402,3900.0
5131,2022-01-18 06:01:28,517403,3950.0
5132,2022-01-18 06:01:42,517403,3939.0
5133,2022-01-18 08:01:57,517403,3940.0
5134,2022-01-18 07:01:23,517404,4020.0
5135,2022-01-18 07:01:58,517404,3971.0
5136,2022-01-18 08:01:09,517404,3970.0
5137,2022-01-18 08:01:17,517408,3940.0
5138,2022-01-18 10:01:55,517408,3880.0
5139,2022-01-18 10:01:41,517410,4002.0
5140,2022-01-18 10:01:48,517410,4010.0
5141,2022-01-18 11:01:01,517410,3950.0
5142,2022-01-18 11:01:07,517411,4020.0
5143,2022-01-18 11:01:19,517411,3931.0
5144,2022-01-18 12:01:17,517411,3960.0
5145,2022-01-18 01:01:11,517412,3990.0
5146,2022-01-18 04:01:55,517413,3910.0
5147,2022-01-18 04:01:09,517414,4050.0
5148,2022-01-18 04:01:49,517414,3989.0
5149,2022-01-18 05:01:10,517416,4020.0
5150,2022-01-18 07:01:29,517416,4040.0
5151,2022-01-18 09:01:48,517416,3989.0
5152,2022-01-18 05:01:05,517417,3981.0
5153,2022-01-18 08:01:55,517417,4060.0
5154,2022-01-18 09:01:21,517417,4050.0
5155,2022-01-18 10:01:00,517418,3960.0
5156,2022-01-18 10:01:50,517418,3940.0
5157,2022-01-18 11:01:10,517418,4000.0
5158,2022-01-18 11:01:39,517418,3969.0
5159,2022-01-19 12:01:19,517418,4071.0
5160,2022-01-18 11:01:48,517421,4069.0
5161,2022-01-19 01:01:59,517421,4001.0
5162,2022-01-19 02:01:00,517421,3949.0
5163,2022-01-19 12:01:26,517421,3940.0
5164,2022-01-19 12:01:33,517421,3969.0
5165,2022-01-19 12:01:42,517421,3979.0
5166,2022-01-19 01:01:07,517422,3951.0
5167,2022-01-19 03:01:23,517422,4050.0
5168,2022-01-19 03:01:29,517422,4061.0
5169,2022-01-19 12:01:54,517422,3941.0
5170,2022-01-19 01:01:14,517423,4040.0
5171,2022-01-19 01:01:40,517423,3970.0
5172,2022-01-19 01:01:59,517423,3909.0
5173,2022-01-19 02:01:11,517423,4000.0
5174,2022-01-19 03:01:10,517423,4060.0
5175,2022-01-19 04:01:14,517423,4021.0
5176,2022-01-19 04:01:26,517423,4061.0
5177,2022-01-19 03:01:12,517426,4030.0
5178,2022-01-19 03:01:25,517426,3960.0
5179,2022-01-19 03:01:56,517426,4010.0
5180,2022-01-19 04:01:13,517426,3961.0
5181,2022-01-19 04:01:37,517426,3871.0
5182,2022-01-19 04:01:12,517427,4040.0
5183,2022-01-19 05:01:09,517427,4051.0
5184,2022-01-19 05:01:10,517427,4061.0
5185,2022-01-19 05:01:50,517427,3940.0
5186,2022-01-19 05:01:56,517427,3911.0
5187,2022-01-19 06:01:01,517427,3990.0
5188,2022-01-19 06:01:12,517427,3970.0
5189,2022-01-19 06:01:13,517427,4061.0
5190,2022-01-19 06:01:16,517427,3960.0
5191,2022-01-19 06:01:18,517427,4060.0
5192,2022-01-19 06:01:19,517427,4030.0
5193,2022-01-19 06:01:24,517427,3970.0
5194,2022-01-19 06:01:33,517427,4020.0
5195,2022-01-19 07:01:10,517427,3860.0
5196,2022-01-19 07:01:49,517427,3951.0
5197,2022-01-19 06:01:02,517428,3890.0
5198,2022-01-19 06:01:16,517428,4050.0
5199,2022-01-19 07:01:30,517428,3900.0
5200,2022-01-19 07:01:31,517428,4139.0
5201,2022-01-19 07:01:54,517428,3991.0
5202,2022-01-19 08:01:32,517428,4000.0
5203,2022-01-19 09:01:07,517428,4031.0
5204,2022-01-19 09:01:47,517428,3870.0
5205,2022-01-19 07:01:58,517429,3981.0
5206,2022-01-19 07:01:01,517430,3940.0
5207,2022-01-19 09:01:57,517430,4020.0
5208,2022-01-19 09:01:04,517431,3960.0
5209,2022-01-19 09:01:40,517431,3961.0
5210,2022-01-19 10:01:21,517431,4010.0
5211,2022-01-19 10:01:30,517431,4060.0
5212,2022-01-19 10:01:42,517431,4051.0
5213,2022-01-19 11:01:01,517431,4030.0
5214,2022-01-19 11:01:08,517431,3930.0
5215,2022-01-19 11:01:29,517431,4099.0
5216,2022-01-19 11:01:45,517431,3961.0
5217,2022-01-19 01:01:55,517432,3910.0
5218,2022-01-19 02:01:23,517432,3920.0
5219,2022-01-19 12:01:19,517432,3959.0
5220,2022-01-19 12:01:21,517432,4069.0
5221,2022-01-19 12:01:21,517432,4029.0
5222,2022-01-19 12:01:39,517432,4030.0
5223,2022-01-19 01:01:10,517433,3950.0
5224,2022-01-19 02:01:33,517433,3821.0
5225,2022-01-19 02:01:23,517437,3940.0
5226,2022-01-19 02:01:46,517437,4060.0
5227,2022-01-19 02:01:57,517437,4009.0
5228,2022-01-19 03:01:34,517438,4050.0
5229,2022-01-19 03:01:47,517438,3998.0
5230,2022-01-19 04:01:49,517439,3991.0
5231,2022-01-19 04:01:22,517441,3879.0
5232,2022-01-19 04:01:46,517442,3940.0
5233,2022-01-19 04:01:58,517442,4030.0
5234,2022-01-19 05:01:04,517442,4041.0
5235,2022-01-19 06:01:52,517442,4082.0
5236,2022-01-19 06:01:08,517446,4050.0
5237,2022-01-19 08:01:41,517449,4041.0
5238,2022-01-19 08:01:37,517451,3940.0
5239,2022-01-19 11:01:51,517458,3941.0
5240,2022-01-20 01:01:00,517462,3950.0
5241,2022-01-20 01:01:18,517462,3930.0
5242,2022-01-20 04:01:47,517467,4070.0
5243,2022-01-20 04:01:20,517468,3960.0
5244,2022-01-20 04:01:36,517469,4121.0
5245,2022-01-20 05:01:09,517469,3980.0
5246,2022-01-20 05:01:59,517469,3940.0
5247,2022-01-20 07:01:06,517469,3879.0
5248,2022-01-20 01:01:25,517470,3961.0
5249,2022-01-20 01:01:29,517470,4088.0
5250,2022-01-20 01:01:34,517470,3939.0
5251,2022-01-20 01:01:39,517470,4000.0
5252,2022-01-20 01:01:47,517470,3899.0
5253,2022-01-20 02:01:24,517470,4029.0
5254,2022-01-20 04:01:00,517470,3960.0
5255,2022-01-20 05:01:38,517470,3960.0
5256,2022-01-20 06:01:50,517470,4000.0
5257,2022-01-20 06:01:54,517470,3960.0
5258,2022-01-20 07:01:25,517470,3900.0
5259,2022-01-20 07:01:37,517470,3881.0
5260,2022-01-20 07:01:45,517470,4009.0
5261,2022-01-20 07:01:55,517470,4090.0
5262,2022-01-20 08:01:31,517470,4060.0
5263,2022-01-20 10:01:08,517470,3980.0
5264,2022-01-20 10:01:16,517470,3999.0
5265,2022-01-20 12:01:20,517470,3960.0
5266,2022-01-20 12:01:32,517470,3940.0
5267,2022-01-20 12:01:39,517470,4060.0
5268,2022-01-20 12:01:55,517470,4000.0
5269,2022-01-20 01:01:57,517471,3930.0
5270,2022-01-20 02:01:02,517471,3951.0
5271,2022-01-20 02:01:28,517471,4060.0
5272,2022-01-20 02:01:33,517471,4020.0
5273,2022-01-20 02:01:39,517471,3950.0
5274,2022-01-20 03:01:30,517471,3970.0
5275,2022-01-20 03:01:43,517471,4029.0
5276,2022-01-20 03:01:02,517472,4070.0
5277,2022-01-20 04:01:22,517472,3850.0
5278,2022-01-20 03:01:01,517473,3950.0
5279,2022-01-20 03:01:02,517473,3970.0
5280,2022-01-20 04:01:34,517474,4030.0
5281,2022-01-20 04:01:47,517474,3960.0
5282,2022-01-20 05:01:11,517476,3950.0
5283,2022-01-20 05:01:26,517476,4020.0
5284,2022-01-20 05:01:37,517476,3970.0
5285,2022-01-20 07:01:57,517476,3861.0
5286,2022-01-20 06:01:22,517478,3950.0
5287,2022-01-20 06:01:26,517479,3950.0
5288,2022-01-20 07:01:15,517479,3880.0
5289,2022-01-20 08:01:44,517480,3909.0
5290,2022-01-20 08:01:52,517482,3970.0
5291,2022-01-20 08:01:04,517483,3949.0
5292,2022-01-20 09:01:30,517483,3951.0
5293,2022-01-20 09:01:52,517484,3931.0
5294,2022-01-20 10:01:11,517484,3891.0
5295,2022-01-20 09:01:09,517485,4041.0
5296,2022-01-20 10:01:45,517489,4029.0
5297,2022-01-20 11:01:25,517491,3941.0
5298,2022-01-21 12:01:01,517491,3920.0
5299,2022-01-20 11:01:12,517494,4040.0
5300,2022-01-21 02:01:36,517498,3950.0
5301,2022-01-21 02:01:08,517500,4010.0
5302,2022-01-21 02:01:12,517500,4040.0
5303,2022-01-21 05:01:38,517500,3970.0
5304,2022-01-21 05:01:44,517500,4030.0
5305,2022-01-21 06:01:30,517500,3981.0
5306,2022-01-21 07:01:08,517500,4050.0
5307,2022-01-21 07:01:33,517500,4109.0
5308,2022-01-21 07:01:35,517500,3980.0
5309,2022-01-21 08:01:33,517500,3920.0
5310,2022-01-21 08:01:55,517500,3840.0
5311,2022-01-21 09:01:02,517500,4061.0
5312,2022-01-21 09:01:05,517500,3960.0
5313,2022-01-21 09:01:28,517500,4039.0
5314,2022-01-21 10:01:30,517500,3980.0
5315,2022-01-21 12:01:01,517500,3881.0
5316,2022-01-21 12:01:30,517500,3951.0
5317,2022-01-21 12:01:53,517500,3999.0
5318,2022-01-21 12:01:59,517500,4011.0
5319,2022-01-21 12:01:31,517501,4000.0
5320,2022-01-21 12:01:58,517501,4069.0
5321,2022-01-21 01:01:10,517502,3930.0
5322,2022-01-21 01:01:33,517502,3940.0
5323,2022-01-21 02:01:03,517502,4009.0
5324,2022-01-21 02:01:07,517502,4020.0
5325,2022-01-21 02:01:09,517502,4011.0
5326,2022-01-21 03:01:53,517502,3931.0
5327,2022-01-21 02:01:29,517503,4080.0
5328,2022-01-21 04:01:46,517503,3971.0
5329,2022-01-21 03:01:13,517504,4020.0
5330,2022-01-21 04:01:04,517504,4030.0
5331,2022-01-21 04:01:07,517504,4000.0
5332,2022-01-21 04:01:23,517504,3950.0
5333,2022-01-21 05:01:06,517504,4050.0
5334,2022-01-21 05:01:15,517504,4010.0
5335,2022-01-21 06:01:31,517504,3849.0
5336,2022-01-21 06:01:47,517504,3900.0
5337,2022-01-21 04:01:31,517505,4050.0
5338,2022-01-21 04:01:40,517505,3970.0
5339,2022-01-21 05:01:44,517506,3999.0
5340,2022-01-21 05:01:05,517507,4041.0
5341,2022-01-21 06:01:15,517507,4049.0
5342,2022-01-21 05:01:28,517508,4040.0
5343,2022-01-21 06:01:14,517510,3950.0
5344,2022-01-21 06:01:20,517510,3970.0
5345,2022-01-21 07:01:04,517511,3970.0
5346,2022-01-21 07:01:30,517515,3899.0
5347,2022-01-21 07:01:48,517515,3901.0
5348,2022-01-21 08:01:14,517517,3960.0
5349,2022-01-21 08:01:46,517517,4020.0
5350,2022-01-21 10:01:13,517517,3850.0
5351,2022-01-21 10:01:54,517520,4060.0
5352,2022-01-21 11:01:30,517520,3850.0
5353,2022-01-21 10:01:34,517521,4051.0
5354,2022-01-21 11:01:17,517521,3982.0
5355,2022-01-22 12:01:34,517521,3901.0
5356,2022-01-22 12:01:41,517521,4021.0
5357,2022-01-22 12:01:02,517526,3920.0
5358,2022-01-22 03:01:27,517535,3921.0
5359,2022-01-22 06:01:02,517535,3941.0
5360,2022-01-22 06:01:23,517535,3969.0
5361,2022-01-22 09:01:39,517535,4050.0
5362,2022-01-22 07:01:16,517538,3991.0
5363,2022-01-23 04:01:38,517539,3980.0
5364,2022-01-23 08:01:32,517539,4010.0
5365,2022-01-23 09:01:07,517539,4058.0
5366,2022-01-23 01:01:23,517540,3920.0
5367,2022-01-23 01:01:25,517540,4079.0
5368,2022-01-23 01:01:46,517540,3939.0
5369,2022-01-23 02:01:34,517540,4020.0
5370,2022-01-23 03:01:57,517540,4010.0
5371,2022-01-23 03:01:21,517541,4030.0
5372,2022-01-23 04:01:18,517541,3960.0
5373,2022-01-23 08:01:41,517543,4020.0
5374,2022-01-23 08:01:44,517543,3999.0
5375,2022-01-23 09:01:30,517543,3969.0
5376,2022-01-23 10:01:14,517543,3960.0
5377,2022-01-23 11:01:06,517543,3929.0
5378,2022-01-23 11:01:48,517543,3901.0
5379,2022-01-24 04:01:45,517547,3920.0
5380,2022-01-24 05:01:04,517547,4049.0
5381,2022-01-24 05:01:26,517548,3961.0
5382,2022-01-24 05:01:22,517549,3949.0
5383,2022-01-24 05:01:54,517549,4010.0
5384,2022-01-24 07:01:41,517549,4029.0
5385,2022-01-24 08:01:32,517549,3959.0
5386,2022-01-24 09:01:32,517550,3970.0
5387,2022-01-24 09:01:58,517550,3940.0
5388,2022-01-24 10:01:14,517550,3859.0
5389,2022-01-24 10:01:03,517551,4060.0
5390,2022-01-24 10:01:17,517551,3951.0
5391,2022-01-24 11:01:51,517551,3860.0
5392,2022-01-24 11:01:11,517552,3941.0
5393,2022-01-24 11:01:28,517552,3979.0
5394,2022-01-24 11:01:43,517552,3920.0
5395,2022-01-24 12:01:50,517552,3940.0
5396,2022-01-24 01:01:13,517553,3950.0
5397,2022-01-24 01:01:23,517554,3991.0
5398,2022-01-24 01:01:29,517555,4080.0
5399,2022-01-24 01:01:50,517555,4001.0
5400,2022-01-24 02:01:44,517555,3939.0
5401,2022-01-24 02:01:55,517555,3910.0
5402,2022-01-24 02:01:12,517556,3940.0
5403,2022-01-24 02:01:21,517556,3930.0
5404,2022-01-24 02:01:36,517556,3920.0
5405,2022-01-24 03:01:30,517556,3940.0
5406,2022-01-24 03:01:34,517556,3938.0
5407,2022-01-24 04:01:34,517556,4019.0
5408,2022-01-24 05:01:04,517556,3971.0
5409,2022-01-24 04:01:28,517559,3971.0
5410,2022-01-24 04:01:32,517559,3950.0
5411,2022-01-24 05:01:46,517559,3950.0
5412,2022-01-24 06:01:01,517561,3969.0
5413,2022-01-24 07:01:27,517561,3910.0
5414,2022-01-24 07:01:37,517561,3949.0
5415,2022-01-24 08:01:32,517561,4010.0
5416,2022-01-24 09:01:35,517561,4000.0
5417,2022-01-24 07:01:55,517562,3951.0
5418,2022-01-24 08:01:21,517562,4061.0
5419,2022-01-24 08:01:03,517563,3929.0
5420,2022-01-24 08:01:33,517564,4021.0
5421,2022-01-24 09:01:34,517564,4011.0
5422,2022-01-24 09:01:56,517564,3980.0
5423,2022-01-24 10:01:36,517564,3880.0
5424,2022-01-24 10:01:40,517564,4059.0
5425,2022-01-25 01:01:03,517568,3920.0
5426,2022-01-25 01:01:12,517568,3940.0
5427,2022-01-25 01:01:21,517568,3929.0
5428,2022-01-25 01:01:55,517568,4011.0
5429,2022-01-25 03:01:53,517568,4040.0
5430,2022-01-25 04:01:06,517568,4040.0
5431,2022-01-25 04:01:36,517573,3951.0
5432,2022-01-25 05:01:02,517573,3990.0
5433,2022-01-25 06:01:39,517573,3820.0
5434,2022-01-25 06:01:51,517573,4030.0
5435,2022-01-25 07:01:10,517574,4050.0
5436,2022-01-25 07:01:14,517574,3970.0
5437,2022-01-25 07:01:17,517574,3940.0
5438,2022-01-25 07:01:57,517574,3990.0
5439,2022-01-25 08:01:06,517574,3951.0
5440,2022-01-25 08:01:52,517574,4050.0
5441,2022-01-25 09:01:07,517574,4000.0
5442,2022-01-25 10:01:04,517575,3940.0
5443,2022-01-25 12:01:29,517577,4002.0
5444,2022-01-25 01:01:46,517578,3960.0
5445,2022-01-25 01:01:52,517578,3940.0
5446,2022-01-25 12:01:56,517578,4070.0
5447,2022-01-25 02:01:16,517580,4061.0
5448,2022-01-25 02:01:52,517580,3959.0
5449,2022-01-25 02:01:53,517580,3960.0
5450,2022-01-25 03:01:02,517580,4040.0
5451,2022-01-25 03:01:04,517580,4049.0
5452,2022-01-25 03:01:40,517580,3960.0
5453,2022-01-25 04:01:02,517580,4020.0
5454,2022-01-25 04:01:03,517580,3971.0
5455,2022-01-25 04:01:05,517580,4090.0
5456,2022-01-25 04:01:17,517580,4050.0
5457,2022-01-25 04:01:17,517580,3951.0
5458,2022-01-25 04:01:38,517580,3962.0
5459,2022-01-25 04:01:38,517580,3900.0
5460,2022-01-25 05:01:39,517580,4020.0
5461,2022-01-25 05:01:57,517580,3930.0
5462,2022-01-25 06:01:30,517580,4041.0
5463,2022-01-25 05:01:06,517582,4000.0
5464,2022-01-25 06:01:15,517582,4081.0
5465,2022-01-25 07:01:17,517582,3920.0
5466,2022-01-25 07:01:39,517582,3841.0
5467,2022-01-25 07:01:40,517582,3951.0
5468,2022-01-25 08:01:08,517582,3951.0
5469,2022-01-25 08:01:17,517582,4049.0
5470,2022-01-25 08:01:23,517582,3960.0
5471,2022-01-25 08:01:23,517582,3939.0
5472,2022-01-25 08:01:40,517582,3950.0
5473,2022-01-25 09:01:23,517582,4070.0
5474,2022-01-26 08:01:34,517582,4030.0
5475,2022-01-26 08:01:35,517582,3840.0
5476,2022-01-26 08:01:36,517582,4039.0
5477,2022-01-25 07:01:01,517583,3930.0
5478,2022-01-25 08:01:01,517583,4020.0
5479,2022-01-25 08:01:30,517583,4080.0
5480,2022-01-25 09:01:10,517583,4090.0
5481,2022-01-25 09:01:23,517583,4031.0
5482,2022-01-25 09:01:37,517583,3970.0
5483,2022-01-25 10:01:40,517583,4060.0
5484,2022-01-25 09:01:54,517584,3979.0
5485,2022-01-25 10:01:26,517586,3988.0
5486,2022-01-25 10:01:40,517586,3950.0
5487,2022-01-25 11:01:34,517586,3961.0
5488,2022-01-25 11:01:23,517588,4020.0
5489,2022-01-25 11:01:59,517588,3959.0
5490,2022-01-26 01:01:23,517588,4040.0
5491,2022-01-26 02:01:55,517597,3940.0
5492,2022-01-26 07:01:09,517597,4051.0
5493,2022-01-26 07:01:49,517597,3960.0
5494,2022-01-26 06:01:02,517600,3950.0
5495,2022-01-26 06:01:57,517600,3969.0
5496,2022-01-26 08:01:03,517600,3930.0
5497,2022-01-26 08:01:55,517600,3949.0
5498,2022-01-26 09:01:35,517601,3959.0
5499,2022-01-26 10:01:22,517602,4011.0
5500,2022-01-26 10:01:25,517602,3961.0
5501,2022-01-26 10:01:30,517602,3930.0
5502,2022-01-26 10:01:31,517602,4040.0
5503,2022-01-26 10:01:57,517602,3970.0
5504,2022-01-26 02:01:17,517603,3920.0
5505,2022-01-26 02:01:36,517603,4160.0
5506,2022-01-26 11:01:03,517603,4021.0
5507,2022-01-26 11:01:47,517603,4080.0
5508,2022-01-26 12:01:04,517603,4160.0
5509,2022-01-26 01:01:50,517604,4038.0
5510,2022-01-26 11:01:45,517604,4051.0
5511,2022-01-26 01:01:35,517606,4040.0
5512,2022-01-26 02:01:55,517606,4031.0
5513,2022-01-26 11:01:17,517606,4050.0
5514,2022-01-26 12:01:29,517606,3900.0
5515,2022-01-26 12:01:47,517606,4039.0
5516,2022-01-26 12:01:59,517606,4030.0
5517,2022-01-26 02:01:03,517607,3950.0
5518,2022-01-26 02:01:32,517607,3960.0
5519,2022-01-26 03:01:07,517608,3931.0
5520,2022-01-26 03:01:58,517608,3930.0
5521,2022-01-26 03:01:12,517610,3940.0
5522,2022-01-26 03:01:54,517611,4000.0
5523,2022-01-26 07:01:45,517619,3970.0
5524,2022-01-26 07:01:51,517619,4030.0
5525,2022-01-26 08:01:15,517620,4069.0
5526,2022-01-27 03:01:17,517627,4008.0
5527,2022-01-27 01:01:09,517628,3960.0
5528,2022-01-27 01:01:10,517628,3950.0
5529,2022-01-27 01:01:29,517628,4031.0
5530,2022-01-27 01:01:31,517628,3969.0
5531,2022-01-27 01:01:45,517628,3991.0
5532,2022-01-27 01:01:58,517628,3940.0
5533,2022-01-27 01:01:58,517628,3949.0
5534,2022-01-27 02:01:24,517628,3850.0
5535,2022-01-27 02:01:51,517628,3839.0
5536,2022-01-27 04:01:37,517628,3962.0
5537,2022-01-27 05:01:07,517628,4050.0
5538,2022-01-27 05:01:34,517628,4049.0
5539,2022-01-27 06:01:21,517628,4001.0
5540,2022-01-27 06:01:21,517628,3950.0
5541,2022-01-27 07:01:40,517628,4010.0
5542,2022-01-27 08:01:30,517628,3900.0
5543,2022-01-27 09:01:22,517628,3860.0
5544,2022-01-27 10:01:20,517628,3850.0
5545,2022-01-27 10:01:23,517628,3940.0
5546,2022-01-27 10:01:54,517628,4010.0
5547,2022-01-27 11:01:49,517628,4070.0
5548,2022-01-27 11:01:49,517628,3980.0
5549,2022-01-27 12:01:48,517628,3940.0
5550,2022-01-27 02:01:09,517629,3960.0
5551,2022-01-27 02:01:12,517629,3930.0
5552,2022-01-27 02:01:25,517629,4071.0
5553,2022-01-27 02:01:41,517629,3960.0
5554,2022-01-27 06:01:55,517629,3990.0
5555,2022-01-27 05:01:51,517630,4019.0
5556,2022-01-27 06:01:21,517630,4410.0
5557,2022-01-27 08:01:36,517630,4619.0
5558,2022-01-27 09:01:14,517630,4741.0
5559,2022-01-27 10:01:29,517630,4710.0
5560,2022-01-27 06:01:53,517631,4041.0
5561,2022-01-27 06:01:33,517633,3970.0
5562,2022-01-27 07:01:22,517633,4049.0
5563,2022-01-27 07:01:34,517633,3950.0
5564,2022-01-27 10:01:56,517633,4010.0
5565,2022-01-27 08:01:04,517635,4030.0
5566,2022-01-27 10:01:28,517635,3961.0
5567,2022-01-27 10:01:54,517635,4060.0
5568,2022-01-27 11:01:30,517635,4010.0
5569,2022-01-27 11:01:44,517635,3960.0
5570,2022-01-28 01:01:52,517635,4030.0
5571,2022-01-28 11:01:11,517635,4020.0
5572,2022-01-28 11:01:18,517635,4030.0
5573,2022-01-28 11:01:21,517635,4080.0
5574,2022-01-28 11:01:28,517635,3841.0
5575,2022-01-28 12:01:00,517635,3949.0
5576,2022-01-28 12:01:15,517636,3920.0
5577,2022-01-28 02:01:20,517637,4039.0
5578,2022-01-28 12:01:15,517637,4059.0
5579,2022-01-28 01:01:25,517640,3910.0
5580,2022-01-28 01:01:19,517642,4051.0
5581,2022-01-28 02:01:05,517643,3941.0
5582,2022-01-28 03:01:39,517643,4059.0
5583,2022-01-28 02:01:34,517644,3940.0
5584,2022-01-28 02:01:51,517645,3990.0
5585,2022-01-28 03:01:10,517646,4050.0
5586,2022-01-28 03:01:58,517647,3990.0
5587,2022-01-28 06:01:41,517649,3938.0
5588,2022-01-28 07:01:49,517649,4000.0
5589,2022-01-28 08:01:36,517649,4030.0
5590,2022-01-28 07:01:03,517650,4000.0
5591,2022-01-28 09:01:13,517650,4009.0
5592,2022-01-28 09:01:16,517651,3960.0
5593,2022-01-28 09:01:20,517651,4040.0
5594,2022-01-28 10:01:17,517651,3940.0
5595,2022-01-28 10:01:19,517651,3860.0
5596,2022-01-28 10:01:59,517651,4041.0
5597,2022-01-28 11:01:13,517651,4040.0
5598,2022-01-28 11:01:40,517651,3921.0
5599,2022-01-28 12:01:04,517651,4060.0
5600,2022-01-28 10:01:57,517652,4050.0
5601,2022-01-28 11:01:02,517652,4041.0
5602,2022-01-28 11:01:33,517652,4021.0
5603,2022-01-28 11:01:36,517652,3961.0
5604,2022-01-28 11:01:58,517652,3949.0
5605,2022-01-28 12:01:22,517652,3851.0
5606,2022-01-28 12:01:30,517652,3919.0
5607,2022-01-28 02:01:27,517653,3940.0
5608,2022-01-28 01:01:49,517654,3970.0
5609,2022-01-28 02:01:27,517654,4049.0
5610,2022-01-28 02:01:08,517656,3952.0
5611,2022-01-28 05:01:19,517661,4080.0
5612,2022-01-28 06:01:59,517661,4059.0
5613,2022-01-28 06:01:11,517663,3930.0
5614,2022-01-28 06:01:28,517663,3970.0
5615,2022-01-28 06:01:12,517664,3890.0
5616,2022-01-28 07:01:23,517665,3970.0
5617,2022-01-28 07:01:33,517665,3970.0
5618,2022-01-28 08:01:03,517665,3989.0
5619,2022-01-28 09:01:15,517665,3950.0
5620,2022-01-28 09:01:26,517665,3940.0
5621,2022-01-28 09:01:28,517665,4010.0
5622,2022-01-28 10:01:20,517665,4020.0
5623,2022-01-28 09:01:38,517667,4059.0
5624,2022-01-28 09:01:03,517668,3970.0
5625,2022-01-28 09:01:54,517669,4009.0
5626,2022-01-28 10:01:54,517669,3940.0
5627,2022-01-28 10:01:40,517670,4090.0
5628,2022-01-29 01:01:05,517673,3941.0
5629,2022-01-29 01:01:18,517673,4071.0
5630,2022-01-29 02:01:16,517673,4039.0
5631,2022-01-29 08:01:44,517676,3991.0
5632,2022-01-29 01:01:49,517677,3980.0
5633,2022-01-29 02:01:55,517677,4050.0
5634,2022-01-30 01:01:22,517678,4010.0
5635,2022-01-30 03:01:16,517678,4040.0
5636,2022-01-30 03:01:38,517678,4041.0
5637,2022-01-30 05:01:12,517678,3979.0
5638,2022-01-30 12:01:48,517678,3951.0
5639,2022-01-30 12:01:56,517678,3930.0
5640,2022-01-30 01:01:59,517679,3970.0
5641,2022-01-30 11:01:55,517679,4050.0
5642,2022-01-30 12:01:11,517679,4000.0
5643,2022-01-30 05:01:11,517680,3920.0
5644,2022-01-30 06:01:43,517680,4010.0
5645,2022-01-31 10:01:34,517686,3960.0
5646,2022-01-31 10:01:50,517687,4059.0
5647,2022-01-31 01:01:45,517688,4081.0
5648,2022-01-31 04:01:07,517688,4051.0
5649,2022-01-31 12:01:03,517688,4021.0
5650,2022-01-31 12:01:19,517688,3940.0
5651,2022-01-31 12:01:26,517688,3969.0
5652,2022-01-31 01:01:36,517689,4071.0
5653,2022-01-31 01:01:42,517689,3960.0
5654,2022-01-31 01:01:59,517689,3961.0
5655,2022-01-31 02:01:20,517689,3930.0
5656,2022-01-31 02:01:30,517689,3959.0
5657,2022-01-31 04:01:47,517689,3968.0
5658,2022-01-31 02:01:34,517690,3990.0
5659,2022-01-31 02:01:55,517690,3950.0
5660,2022-01-31 04:01:04,517690,3990.0
5661,2022-01-31 05:01:08,517690,4030.0
5662,2022-01-31 05:01:09,517690,3941.0
5663,2022-01-31 05:01:19,517690,4031.0
5664,2022-01-31 06:01:46,517690,4090.0
5665,2022-01-31 05:01:43,517691,4040.0
5666,2022-01-31 06:01:56,517691,3918.0
5667,2022-01-31 06:01:58,517691,3969.0
5668,2022-01-31 08:01:06,517691,4037.0
5669,2022-01-31 07:01:30,517692,4052.0
5670,2022-01-31 08:01:13,517693,4050.0
5671,2022-01-31 09:01:38,517693,3939.0
5672,2022-01-31 09:01:39,517693,4061.0
5673,2022-01-31 09:01:48,517693,3911.0
5674,2022-01-31 10:01:03,517693,4019.0
5675,2022-01-31 11:01:02,517693,3950.0
5676,2022-02-01 09:02:38,517693,3870.0
5677,2022-02-01 09:02:53,517693,4058.0
5678,2022-02-01 10:02:20,517693,3922.0
5679,2022-02-01 10:02:42,517693,4059.0
5680,2022-02-01 12:02:13,517693,3980.0
5681,2022-02-01 12:02:31,517693,3960.0
5682,2022-01-31 10:01:31,517695,4091.0
5683,2022-02-01 01:02:27,517704,4050.0
5684,2022-02-01 05:02:34,517704,3980.0
5685,2022-02-01 06:02:57,517704,3940.0
5686,2022-02-01 07:02:52,517704,3952.0
5687,2022-02-01 09:02:08,517704,3961.0
5688,2022-02-01 09:02:35,517704,3981.0
5689,2022-02-01 10:02:10,517704,3930.0
5690,2022-02-01 11:02:06,517704,4049.0
5691,2022-02-01 11:02:35,517704,3960.0
5692,2022-02-01 11:02:47,517704,3921.0
5693,2022-02-01 12:02:17,517704,4060.0
5694,2022-02-01 12:02:30,517704,3950.0
5695,2022-02-01 01:02:37,517705,3900.0
5696,2022-02-01 02:02:59,517705,3899.0
5697,2022-02-01 12:02:44,517705,4019.0
5698,2022-02-01 01:02:57,517706,3941.0
5699,2022-02-01 03:02:58,517706,4040.0
5700,2022-02-01 02:02:41,517707,3939.0
5701,2022-02-01 03:02:13,517707,3860.0
5702,2022-02-01 03:02:56,517709,4021.0
5703,2022-02-01 05:02:33,517709,3991.0
5704,2022-02-01 04:02:08,517710,4040.0
5705,2022-02-01 05:02:03,517710,3861.0
5706,2022-02-01 07:02:30,517714,3980.0
5707,2022-02-01 07:02:37,517714,3949.0
5708,2022-02-01 09:02:25,517714,3979.0
5709,2022-02-01 07:02:49,517715,3980.0
5710,2022-02-01 08:02:04,517716,3960.0
5711,2022-02-01 08:02:10,517716,4040.0
5712,2022-02-01 09:02:02,517716,4040.0
5713,2022-02-01 09:02:03,517719,3930.0
5714,2022-02-01 09:02:48,517720,4040.0
5715,2022-02-01 11:02:38,517720,3930.0
5716,2022-02-01 10:02:22,517721,4081.0
5717,2022-02-01 11:02:02,517721,3960.0
5718,2022-02-02 01:02:31,517721,3941.0
5719,2022-02-02 01:02:48,517721,3991.0
5720,2022-02-02 12:02:41,517721,4060.0
5721,2022-02-02 02:02:45,517722,3929.0
5722,2022-02-02 03:02:40,517722,4040.0
5723,2022-02-02 01:02:48,517723,3939.0
5724,2022-02-02 03:02:30,517723,3980.0
5725,2022-02-02 04:02:33,517723,4041.0
5726,2022-02-02 05:02:06,517723,3870.0
5727,2022-02-02 05:02:15,517723,4040.0
5728,2022-02-02 05:02:26,517723,4041.0
5729,2022-02-02 09:02:00,517723,3960.0
5730,2022-02-02 09:02:56,517723,4019.0
5731,2022-02-02 10:02:17,517723,4040.0
5732,2022-02-02 11:02:22,517723,3970.0
5733,2022-02-02 11:02:30,517723,3970.0
5734,2022-02-02 12:02:54,517723,3969.0
5735,2022-02-02 12:02:02,517724,4021.0
5736,2022-02-02 12:02:44,517725,3910.0
5737,2022-02-02 03:02:42,517730,3982.0
5738,2022-02-02 03:02:58,517730,3931.0
5739,2022-02-02 04:02:08,517730,4050.0
5740,2022-02-02 05:02:18,517731,3969.0
5741,2022-02-02 05:02:23,517731,4070.0
5742,2022-02-02 05:02:31,517731,3960.0
5743,2022-02-02 06:02:03,517731,4050.0
5744,2022-02-02 06:02:57,517731,3960.0
5745,2022-02-02 05:02:00,517732,3910.0
5746,2022-02-02 07:02:02,517732,3940.0
5747,2022-02-02 07:02:08,517733,4010.0
5748,2022-02-02 08:02:44,517733,3949.0
5749,2022-02-02 07:02:10,517736,3920.0
5750,2022-02-02 08:02:54,517736,3971.0
5751,2022-02-02 10:02:04,517738,4080.0
5752,2022-02-02 10:02:12,517738,4050.0
5753,2022-02-02 10:02:23,517738,3940.0
5754,2022-02-02 10:02:45,517738,4060.0
5755,2022-02-02 11:02:29,517738,3980.0
5756,2022-02-02 11:02:45,517738,3990.0
5757,2022-02-03 01:02:30,517742,4020.0
5758,2022-02-03 01:02:48,517749,3960.0
5759,2022-02-03 08:02:23,517749,3939.0
5760,2022-02-03 08:02:37,517749,4020.0
5761,2022-02-03 08:02:57,517749,3950.0
5762,2022-02-03 09:02:33,517749,3981.0
5763,2022-02-03 09:02:52,517749,3981.0
5764,2022-02-03 10:02:02,517749,3941.0
5765,2022-02-03 10:02:27,517749,3871.0
5766,2022-02-03 10:02:43,517749,3960.0
5767,2022-02-03 10:02:46,517749,3900.0
5768,2022-02-03 12:02:03,517749,3859.0
5769,2022-02-03 12:02:19,517749,4059.0
5770,2022-02-03 12:02:38,517749,3909.0
5771,2022-02-03 01:02:58,517750,3969.0
5772,2022-02-03 03:02:10,517750,4040.0
5773,2022-02-03 03:02:16,517750,4070.0
5774,2022-02-03 03:02:30,517750,4050.0
5775,2022-02-03 12:02:20,517750,3940.0
5776,2022-02-03 02:02:07,517751,3921.0
5777,2022-02-03 02:02:10,517752,3960.0
5778,2022-02-03 02:02:31,517752,3961.0
5779,2022-02-03 03:02:25,517752,3939.0
5780,2022-02-03 03:02:46,517753,4019.0
5781,2022-02-03 03:02:25,517754,3960.0
5782,2022-02-03 05:02:05,517754,4030.0
5783,2022-02-03 04:02:04,517755,3910.0
5784,2022-02-03 04:02:51,517755,3929.0
5785,2022-02-03 05:02:22,517755,4031.0
5786,2022-02-03 04:02:06,517756,3940.0
5787,2022-02-03 05:02:03,517756,4090.0
5788,2022-02-03 05:02:20,517756,3941.0
5789,2022-02-03 05:02:36,517756,3950.0
5790,2022-02-03 06:02:22,517756,4059.0
5791,2022-02-03 06:02:23,517756,4051.0
5792,2022-02-03 06:02:40,517756,4040.0
5793,2022-02-03 07:02:18,517760,4069.0
5794,2022-02-03 08:02:45,517761,3971.0
5795,2022-02-03 09:02:37,517761,3929.0
5796,2022-02-03 08:02:19,517763,3940.0
5797,2022-02-03 08:02:33,517763,3969.0
5798,2022-02-03 10:02:32,517765,3941.0
5799,2022-02-04 03:02:57,517768,4029.0
5800,2022-02-04 03:02:12,517770,4040.0
5801,2022-02-04 04:02:00,517770,4039.0
5802,2022-02-04 04:02:20,517770,3980.0
5803,2022-02-04 05:02:18,517770,4020.0
5804,2022-02-04 05:02:19,517770,4069.0
5805,2022-02-04 05:02:07,517771,3920.0
5806,2022-02-04 06:02:33,517771,3999.0
5807,2022-02-04 07:02:29,517771,3919.0
5808,2022-02-04 08:02:08,517771,4050.0
5809,2022-02-04 09:02:18,517772,3939.0
5810,2022-02-04 10:02:06,517773,4040.0
5811,2022-02-04 10:02:21,517773,3989.0
5812,2022-02-04 10:02:39,517773,3979.0
5813,2022-02-04 11:02:46,517773,3961.0
5814,2022-02-04 12:02:43,517773,4049.0
5815,2022-02-04 01:02:32,517774,3880.0
5816,2022-02-04 11:02:10,517774,3969.0
5817,2022-02-04 11:02:50,517774,3940.0
5818,2022-02-04 11:02:55,517774,3960.0
5819,2022-02-04 12:02:03,517774,3921.0
5820,2022-02-04 12:02:08,517774,4040.0
5821,2022-02-04 12:02:16,517774,3920.0
5822,2022-02-04 01:02:34,517776,3960.0
5823,2022-02-04 02:02:21,517776,3989.0
5824,2022-02-04 03:02:42,517776,4030.0
5825,2022-02-04 03:02:45,517776,4009.0
5826,2022-02-04 01:02:38,517777,4039.0
5827,2022-02-04 02:02:09,517777,4041.0
5828,2022-02-04 02:02:18,517777,3950.0
5829,2022-02-04 03:02:22,517777,3928.0
5830,2022-02-04 01:02:54,517778,4071.0
5831,2022-02-04 02:02:37,517779,4010.0
5832,2022-02-04 03:02:09,517782,3920.0
5833,2022-02-04 04:02:30,517783,4040.0
5834,2022-02-04 05:02:07,517786,3979.0
5835,2022-02-04 05:02:58,517787,3991.0
5836,2022-02-04 07:02:21,517787,3980.0
5837,2022-02-04 07:02:26,517787,4070.0
5838,2022-02-04 07:02:36,517788,4030.0
5839,2022-02-04 07:02:42,517789,3922.0
5840,2022-02-04 07:02:46,517789,4061.0
5841,2022-02-04 08:02:10,517789,3979.0
5842,2022-02-04 08:02:26,517789,3969.0
5843,2022-02-04 08:02:30,517789,4060.0
5844,2022-02-04 08:02:58,517789,4030.0
5845,2022-02-04 09:02:59,517789,4050.0
5846,2022-02-04 08:02:03,517790,3980.0
5847,2022-02-04 08:02:12,517790,3981.0
5848,2022-02-04 11:02:37,517792,3941.0
5849,2022-02-05 01:02:52,517795,4060.0
5850,2022-02-05 12:02:23,517795,3979.0
5851,2022-02-05 04:02:03,517799,4041.0
5852,2022-02-05 05:02:36,517800,4000.0
5853,2022-02-05 09:02:02,517800,4091.0
5854,2022-02-06 02:02:30,517801,3960.0
5855,2022-02-06 07:02:09,517801,3920.0
5856,2022-02-06 08:02:05,517801,3950.0
5857,2022-02-07 04:02:09,517801,4030.0
5858,2022-02-07 05:02:11,517801,4040.0
5859,2022-02-07 05:02:29,517801,4029.0
5860,2022-02-07 06:02:18,517801,4020.0
5861,2022-02-07 06:02:48,517801,4030.0
5862,2022-02-07 05:02:46,517802,4039.0
5863,2022-02-07 05:02:52,517802,3989.0
5864,2022-02-07 07:02:53,517802,3960.0
5865,2022-02-07 08:02:00,517802,4079.0
5866,2022-02-07 08:02:39,517802,3920.0
5867,2022-02-07 09:02:37,517802,3991.0
5868,2022-02-07 10:02:03,517802,4069.0
5869,2022-02-07 10:02:54,517802,3970.0
5870,2022-02-07 01:02:04,517803,3990.0
5871,2022-02-07 11:02:25,517803,3940.0
5872,2022-02-07 12:02:16,517803,4001.0
5873,2022-02-07 01:02:05,517804,4071.0
5874,2022-02-07 01:02:28,517804,3981.0
5875,2022-02-07 01:02:44,517804,3919.0
5876,2022-02-07 02:02:52,517804,4081.0
5877,2022-02-07 12:02:06,517804,3940.0
5878,2022-02-07 12:02:17,517804,3970.0
5879,2022-02-07 02:02:05,517805,3921.0
5880,2022-02-07 02:02:32,517805,3909.0
5881,2022-02-07 02:02:38,517805,3950.0
5882,2022-02-07 02:02:45,517805,4041.0
5883,2022-02-07 03:02:26,517805,3950.0
5884,2022-02-07 03:02:51,517805,4069.0
5885,2022-02-07 04:02:02,517805,4039.0
5886,2022-02-08 07:02:36,517805,4041.0
5887,2022-02-07 02:02:17,517806,4078.0
5888,2022-02-07 02:02:52,517806,4060.0
5889,2022-02-07 04:02:06,517806,4050.0
5890,2022-02-07 04:02:22,517806,3890.0
5891,2022-02-07 05:02:06,517806,3920.0
5892,2022-02-07 05:02:07,517806,3981.0
5893,2022-02-07 06:02:53,517806,4071.0
5894,2022-02-07 07:02:21,517806,3930.0
5895,2022-02-07 07:02:28,517806,3959.0
5896,2022-02-07 07:02:40,517806,4010.0
5897,2022-02-07 08:02:20,517807,3960.0
5898,2022-02-07 09:02:45,517807,4058.0
5899,2022-02-07 08:02:06,517809,3909.0
5900,2022-02-07 09:02:32,517810,4079.0
5901,2022-02-07 10:02:03,517810,3839.0
5902,2022-02-07 09:02:49,517811,4040.0
5903,2022-02-07 09:02:30,517812,3980.0
5904,2022-02-07 11:02:27,517812,3940.0
5905,2022-02-07 11:02:37,517815,4060.0
5906,2022-02-07 11:02:04,517816,4081.0
5907,2022-02-08 01:02:32,517820,3980.0
5908,2022-02-08 02:02:37,517822,3940.0
5909,2022-02-08 10:02:03,517822,4029.0
5910,2022-02-08 10:02:26,517822,4058.0
5911,2022-02-08 10:02:37,517822,4091.0
5912,2022-02-08 03:02:15,517823,3980.0
5913,2022-02-08 05:02:07,517823,4020.0
5914,2022-02-08 06:02:02,517823,4089.0
5915,2022-02-08 06:02:41,517823,4070.0
5916,2022-02-08 04:02:42,517824,4069.0
5917,2022-02-08 05:02:04,517824,3969.0
5918,2022-02-08 06:02:04,517824,4050.0
5919,2022-02-08 06:02:25,517824,4031.0
5920,2022-02-08 06:02:45,517824,3849.0
5921,2022-02-08 07:02:12,517824,4000.0
5922,2022-02-08 07:02:41,517824,4010.0
5923,2022-02-08 07:02:52,517824,4040.0
5924,2022-02-08 10:02:14,517824,4040.0
5925,2022-02-08 10:02:14,517824,4081.0
5926,2022-02-08 10:02:19,517824,4091.0
5927,2022-02-08 10:02:33,517824,3860.0
5928,2022-02-08 06:02:27,517825,3978.0
5929,2022-02-08 07:02:25,517825,3840.0
5930,2022-02-08 07:02:36,517825,4029.0
5931,2022-02-08 08:02:21,517825,4081.0
5932,2022-02-08 08:02:38,517825,4060.0
5933,2022-02-08 08:02:51,517825,4151.0
5934,2022-02-08 09:02:02,517825,4110.0
5935,2022-02-08 09:02:58,517825,4050.0
5936,2022-02-08 10:02:30,517831,3918.0
5937,2022-02-08 10:02:14,517832,3960.0
5938,2022-02-08 11:02:46,517832,3950.0
5939,2022-02-08 01:02:30,517833,4029.0
5940,2022-02-08 01:02:41,517833,3940.0
5941,2022-02-08 02:02:34,517833,3991.0
5942,2022-02-08 03:02:47,517835,3981.0
5943,2022-02-08 09:02:23,517835,4069.0
5944,2022-02-08 08:02:00,517836,4050.0
5945,2022-02-08 08:02:15,517836,3951.0
5946,2022-02-08 09:02:01,517836,4030.0
5947,2022-02-08 09:02:25,517836,4060.0
5948,2022-02-08 09:02:53,517836,3968.0
5949,2022-02-08 10:02:05,517836,4001.0
5950,2022-02-08 10:02:44,517836,4071.0
5951,2022-02-09 01:02:42,517836,4060.0
5952,2022-02-09 01:02:51,517836,4042.0
5953,2022-02-09 12:02:10,517836,4060.0
5954,2022-02-08 11:02:11,517837,3959.0
5955,2022-02-08 11:02:36,517837,3979.0
5956,2022-02-08 11:02:47,517837,4062.0
5957,2022-02-09 01:02:14,517837,4050.0
5958,2022-02-09 01:02:32,517837,3869.0
5959,2022-02-08 11:02:09,517838,4050.0
5960,2022-02-09 01:02:02,517838,3990.0
5961,2022-02-09 01:02:33,517838,3960.0
5962,2022-02-09 01:02:39,517838,3920.0
5963,2022-02-09 01:02:58,517838,3988.0
5964,2022-02-09 02:02:50,517838,4060.0
5965,2022-02-09 03:02:04,517838,3849.0
5966,2022-02-09 04:02:01,517838,3980.0
5967,2022-02-09 04:02:34,517838,4039.0
5968,2022-02-09 12:02:29,517838,4000.0
5969,2022-02-09 12:02:48,517838,3980.0
5970,2022-02-09 02:02:04,517839,3962.0
5971,2022-02-09 03:02:40,517839,4070.0
5972,2022-02-09 02:02:02,517840,3959.0
5973,2022-02-09 02:02:03,517840,4029.0
5974,2022-02-09 02:02:15,517840,4069.0
5975,2022-02-09 02:02:58,517840,4010.0
5976,2022-02-09 03:02:22,517840,3991.0
5977,2022-02-09 03:02:33,517840,4029.0
5978,2022-02-09 04:02:17,517840,4069.0
5979,2022-02-09 04:02:21,517840,4061.0
5980,2022-02-09 04:02:24,517840,4080.0
5981,2022-02-09 04:02:37,517840,4050.0
5982,2022-02-09 04:02:38,517840,3869.0
5983,2022-02-09 04:02:46,517840,4080.0
5984,2022-02-09 03:02:47,517843,4000.0
5985,2022-02-09 04:02:43,517843,3939.0
5986,2022-02-09 05:02:37,517843,4021.0
5987,2022-02-09 05:02:57,517843,3890.0
5988,2022-02-09 06:02:24,517843,3910.0
5989,2022-02-09 06:02:44,517843,4059.0
5990,2022-02-09 06:02:47,517843,4040.0
5991,2022-02-09 05:02:55,517844,3910.0
5992,2022-02-09 06:02:39,517844,4060.0
5993,2022-02-09 06:02:48,517844,3980.0
5994,2022-02-09 07:02:38,517844,3979.0
5995,2022-02-09 06:02:04,517845,4049.0
5996,2022-02-09 06:02:14,517845,4000.0
5997,2022-02-09 07:02:04,517845,4069.0
5998,2022-02-09 07:02:07,517845,3950.0
5999,2022-02-09 09:02:44,517850,3910.0
6000,2022-02-09 09:02:53,517850,4000.0
6001,2022-02-09 11:02:40,517851,3918.0
6002,2022-02-09 01:02:26,517852,3939.0
6003,2022-02-09 01:02:56,517852,3912.0
6004,2022-02-09 12:02:18,517852,4051.0
6005,2022-02-09 01:02:32,517853,3959.0
6006,2022-02-09 01:02:17,517855,4010.0
6007,2022-02-09 02:02:19,517856,4069.0
6008,2022-02-09 02:02:37,517856,4030.0
6009,2022-02-09 04:02:45,517861,4050.0
6010,2022-02-09 05:02:38,517861,3931.0
6011,2022-02-09 06:02:59,517863,3919.0
6012,2022-02-09 07:02:03,517863,3940.0
6013,2022-02-09 08:02:50,517863,4040.0
6014,2022-02-09 08:02:33,517864,3960.0
6015,2022-02-09 09:02:15,517868,3920.0
6016,2022-02-09 10:02:30,517868,4000.0
6017,2022-02-09 10:02:42,517868,3950.0
6018,2022-02-09 10:02:54,517868,3930.0
6019,2022-02-09 11:02:16,517869,4000.0
6020,2022-02-10 01:02:00,517872,3990.0
6021,2022-02-10 02:02:36,517872,3969.0
6022,2022-02-10 05:02:58,517873,4000.0
6023,2022-02-10 05:02:00,517875,3979.0
6024,2022-02-10 05:02:49,517875,4069.0
6025,2022-02-10 06:02:32,517876,3920.0
6026,2022-02-10 06:02:56,517876,4070.0
6027,2022-02-10 09:02:03,517878,3980.0
6028,2022-02-10 09:02:55,517878,4091.0
6029,2022-02-10 11:02:04,517878,4040.0
6030,2022-02-10 11:02:42,517878,3989.0
6031,2022-02-10 11:02:48,517878,4049.0
6032,2022-02-10 12:02:38,517879,4069.0
6033,2022-02-10 12:02:56,517879,3930.0
6034,2022-02-10 01:02:40,517881,3979.0
6035,2022-02-10 01:02:48,517881,4010.0
6036,2022-02-10 01:02:39,517882,3961.0
6037,2022-02-10 02:02:48,517883,4039.0
6038,2022-02-10 03:02:24,517885,3940.0
6039,2022-02-10 03:02:31,517885,3960.0
6040,2022-02-10 04:02:51,517885,3870.0
6041,2022-02-10 03:02:46,517886,3990.0
6042,2022-02-10 07:02:24,517888,4071.0
6043,2022-02-10 07:02:24,517888,3970.0
6044,2022-02-10 07:02:32,517890,3950.0
6045,2022-02-10 08:02:13,517890,4069.0
6046,2022-02-10 08:02:05,517891,4080.0
6047,2022-02-10 09:02:59,517891,4060.0
6048,2022-02-10 08:02:12,517892,4070.0
6049,2022-02-10 09:02:57,517894,3990.0
6050,2022-02-10 10:02:54,517894,4100.0
6051,2022-02-10 10:02:37,517895,4009.0
6052,2022-02-10 11:02:04,517896,3970.0
6053,2022-02-11 12:02:13,517896,3900.0
6054,2022-02-11 11:02:07,517897,4060.0
6055,2022-02-11 11:02:07,517897,3878.0
6056,2022-02-11 11:02:57,517897,4070.0
6057,2022-02-11 12:02:24,517897,3940.0
6058,2022-02-11 12:02:15,517898,3919.0
6059,2022-02-11 01:02:07,517902,4000.0
6060,2022-02-11 01:02:12,517902,3901.0
6061,2022-02-11 01:02:35,517902,3971.0
6062,2022-02-11 01:02:42,517902,4049.0
6063,2022-02-11 02:02:35,517902,4052.0
6064,2022-02-11 06:02:01,517902,4050.0
6065,2022-02-11 06:02:55,517902,4030.0
6066,2022-02-11 07:02:18,517902,3980.0
6067,2022-02-11 08:02:27,517902,4010.0
6068,2022-02-11 09:02:01,517902,3961.0
6069,2022-02-11 09:02:16,517902,3930.0
6070,2022-02-11 09:02:32,517902,3940.0
6071,2022-02-11 09:02:35,517902,3939.0
6072,2022-02-11 09:02:37,517902,4070.0
6073,2022-02-11 10:02:08,517902,3930.0
6074,2022-02-11 10:02:53,517902,4040.0
6075,2022-02-11 12:02:09,517902,3950.0
6076,2022-02-11 12:02:24,517902,3940.0
6077,2022-02-11 12:02:28,517902,3940.0
6078,2022-02-11 12:02:55,517902,3979.0
6079,2022-02-11 01:02:39,517903,3959.0
6080,2022-02-11 02:02:53,517904,4000.0
6081,2022-02-11 02:02:17,517905,3949.0
6082,2022-02-11 02:02:18,517905,4039.0
6083,2022-02-11 02:02:37,517905,3980.0
6084,2022-02-11 02:02:46,517905,3950.0
6085,2022-02-11 03:02:29,517905,3940.0
6086,2022-02-11 03:02:42,517906,3969.0
6087,2022-02-11 05:02:06,517910,3930.0
6088,2022-02-11 05:02:51,517910,4000.0
6089,2022-02-11 06:02:06,517910,3979.0
6090,2022-02-11 06:02:07,517912,3920.0
6091,2022-02-11 06:02:20,517912,4051.0
6092,2022-02-11 08:02:29,517912,3941.0
6093,2022-02-11 08:02:38,517914,4092.0
6094,2022-02-11 09:02:08,517915,3890.0
6095,2022-02-11 11:02:20,517919,3940.0
6096,2022-02-12 01:02:21,517919,3990.0
6097,2022-02-12 01:02:35,517919,3950.0
6098,2022-02-12 01:02:47,517919,4010.0
6099,2022-02-12 01:02:48,517920,3950.0
6100,2022-02-12 01:02:54,517920,4069.0
6101,2022-02-12 03:02:22,517920,4070.0
6102,2022-02-12 08:02:42,517922,3930.0
6103,2022-02-12 03:02:27,517924,4039.0
6104,2022-02-12 08:02:49,517924,4040.0
6105,2022-02-13 03:02:11,517925,4060.0
6106,2022-02-13 03:02:13,517926,3960.0
6107,2022-02-13 05:02:29,517926,3969.0
6108,2022-02-13 12:02:54,517926,3980.0
6109,2022-02-14 01:02:36,517928,4100.0
6110,2022-02-14 02:02:34,517928,4009.0
6111,2022-02-14 02:02:42,517928,4060.0
6112,2022-02-14 03:02:19,517928,4099.0
6113,2022-02-14 03:02:50,517928,3980.0
6114,2022-02-14 04:02:30,517928,3990.0
6115,2022-02-14 04:02:33,517928,4060.0
6116,2022-02-14 04:02:36,517928,3921.0
6117,2022-02-14 04:02:54,517928,3941.0
6118,2022-02-14 05:02:01,517928,4062.0
6119,2022-02-14 05:02:19,517928,4050.0
6120,2022-02-14 05:02:48,517928,3981.0
6121,2022-02-14 06:02:03,517928,4080.0
6122,2022-02-14 06:02:19,517928,3960.0
6123,2022-02-14 06:02:23,517928,4068.0
6124,2022-02-14 06:02:33,517928,4110.0
6125,2022-02-14 06:02:59,517928,3859.0
6126,2022-02-14 08:02:20,517929,4049.0
6127,2022-02-14 09:02:32,517929,3831.0
6128,2022-02-14 09:02:58,517929,3923.0
6129,2022-02-14 09:02:02,517930,3961.0
6130,2022-02-14 01:02:44,517931,4010.0
6131,2022-02-14 03:02:43,517931,4009.0
6132,2022-02-14 04:02:14,517931,3960.0
6133,2022-02-14 02:02:37,517932,3961.0
6134,2022-02-14 04:02:13,517932,4030.0
6135,2022-02-14 04:02:21,517932,4059.0
6136,2022-02-14 04:02:24,517932,3930.0
6137,2022-02-14 04:02:35,517932,3940.0
6138,2022-02-14 04:02:41,517932,3950.0
6139,2022-02-14 05:02:35,517932,3890.0
6140,2022-02-14 05:02:47,517932,3900.0
6141,2022-02-14 07:02:03,517932,3960.0
6142,2022-02-14 07:02:19,517932,3961.0
6143,2022-02-14 07:02:23,517932,4040.0
6144,2022-02-14 07:02:36,517932,4070.0
6145,2022-02-14 08:02:44,517932,4030.0
6146,2022-02-14 08:02:45,517932,4042.0
6147,2022-02-14 08:02:48,517932,3978.0
6148,2022-02-14 09:02:32,517932,3980.0
6149,2022-02-14 09:02:46,517932,3950.0
6150,2022-02-14 09:02:48,517933,4030.0
6151,2022-02-14 10:02:59,517933,3960.0
6152,2022-02-14 10:02:12,517934,4011.0
6153,2022-02-14 11:02:00,517934,4030.0
6154,2022-02-14 10:02:16,517936,3979.0
6155,2022-02-14 10:02:53,517936,3950.0
6156,2022-02-14 10:02:57,517936,3910.0
6157,2022-02-14 11:02:20,517936,3960.0
6158,2022-02-15 01:02:09,517936,3860.0
6159,2022-02-15 12:02:24,517936,3951.0
6160,2022-02-15 12:02:37,517936,3940.0
6161,2022-02-15 01:02:07,517937,3940.0
6162,2022-02-15 01:02:16,517937,3959.0
6163,2022-02-15 03:02:37,517937,4071.0
6164,2022-02-15 03:02:11,517939,4040.0
6165,2022-02-15 04:02:11,517939,3980.0
6166,2022-02-15 05:02:45,517939,3960.0
6167,2022-02-15 05:02:46,517939,3970.0
6168,2022-02-15 05:02:20,517940,4071.0
6169,2022-02-15 05:02:52,517940,3929.0
6170,2022-02-15 07:02:11,517940,4070.0
6171,2022-02-15 06:02:59,517941,3950.0
6172,2022-02-15 08:02:29,517941,4041.0
6173,2022-02-15 09:02:48,517948,4070.0
6174,2022-02-15 09:02:56,517948,3971.0
6175,2022-02-15 10:02:36,517948,3960.0
6176,2022-02-15 09:02:09,517950,3921.0
6177,2022-02-15 11:02:20,517950,3950.0
6178,2022-02-15 10:02:32,517951,4061.0
6179,2022-02-15 11:02:57,517951,3940.0
6180,2022-02-15 02:02:54,517954,3799.0
6181,2022-02-15 12:02:11,517954,3920.0
6182,2022-02-15 12:02:30,517954,3940.0
6183,2022-02-15 12:02:50,517954,4021.0
6184,2022-02-15 05:02:03,517957,3990.0
6185,2022-02-15 09:02:15,517959,3940.0
6186,2022-02-15 09:02:40,517959,4010.0
6187,2022-02-15 10:02:14,517959,4000.0
6188,2022-02-15 10:02:21,517959,3960.0
6189,2022-02-15 10:02:29,517959,4020.0
6190,2022-02-15 11:02:03,517960,4071.0
6191,2022-02-15 11:02:07,517960,3951.0
6192,2022-02-15 11:02:47,517960,3960.0
6193,2022-02-15 11:02:54,517960,4040.0
6194,2022-02-15 11:02:18,517961,3971.0
6195,2022-02-15 11:02:30,517961,3950.0
6196,2022-02-16 02:02:11,517961,4049.0
6197,2022-02-16 02:02:21,517962,4060.0
6198,2022-02-16 02:02:42,517962,3979.0
6199,2022-02-16 12:02:42,517962,3970.0
6200,2022-02-16 12:02:49,517962,4000.0
6201,2022-02-16 04:02:51,517965,3949.0
6202,2022-02-16 04:02:52,517965,3990.0
6203,2022-02-16 05:02:05,517965,4030.0
6204,2022-02-16 05:02:53,517965,4080.0
6205,2022-02-16 06:02:26,517965,4040.0
6206,2022-02-16 06:02:41,517966,3930.0
6207,2022-02-16 06:02:11,517967,3991.0
6208,2022-02-16 06:02:35,517967,3919.0
6209,2022-02-16 07:02:21,517967,3870.0
6210,2022-02-16 09:02:10,517971,3920.0
6211,2022-02-16 09:02:21,517971,4071.0
6212,2022-02-16 09:02:38,517971,4020.0
6213,2022-02-16 09:02:40,517971,3950.0
6214,2022-02-16 09:02:42,517971,3978.0
6215,2022-02-16 10:02:00,517971,4070.0
6216,2022-02-16 11:02:02,517971,3918.0
6217,2022-02-16 11:02:16,517971,4049.0
6218,2022-02-16 11:02:27,517971,4019.0
6219,2022-02-16 11:02:17,517972,3960.0
6220,2022-02-16 11:02:31,517972,3900.0
6221,2022-02-16 11:02:50,517972,3971.0
6222,2022-02-16 11:02:51,517972,3990.0
6223,2022-02-16 12:02:12,517972,4051.0
6224,2022-02-16 01:02:56,517974,3990.0
6225,2022-02-16 12:02:02,517974,3958.0
6226,2022-02-16 01:02:57,517975,3950.0
6227,2022-02-16 01:02:00,517976,4011.0
6228,2022-02-16 02:02:29,517976,4080.0
6229,2022-02-16 02:02:19,517977,4061.0
6230,2022-02-16 02:02:20,517977,4020.0
6231,2022-02-16 02:02:50,517977,3941.0
6232,2022-02-16 02:02:04,517978,4089.0
6233,2022-02-16 03:02:14,517978,3981.0
6234,2022-02-16 04:02:05,517985,4020.0
6235,2022-02-16 05:02:45,517987,3980.0
6236,2022-02-16 05:02:58,517987,4040.0
6237,2022-02-16 07:02:38,517990,4040.0
6238,2022-02-16 08:02:29,517993,4041.0
6239,2022-02-16 08:02:14,517994,3950.0
6240,2022-02-16 08:02:36,517996,4050.0
6241,2022-02-16 10:02:32,517996,3960.0
6242,2022-02-16 10:02:13,517997,3990.0
6243,2022-02-17 01:02:20,517997,3819.0
6244,2022-02-17 01:02:42,517997,4069.0
6245,2022-02-17 12:02:13,517997,4021.0
6246,2022-02-17 01:02:47,518005,4050.0
6247,2022-02-17 02:02:10,518005,4050.0
6248,2022-02-17 04:02:22,518007,4060.0
6249,2022-02-17 05:02:02,518007,3980.0
6250,2022-02-17 06:02:06,518007,4091.0
6251,2022-02-17 06:02:13,518007,3971.0
6252,2022-02-17 09:02:04,518007,3971.0
6253,2022-02-17 09:02:25,518007,3961.0
6254,2022-02-17 10:02:26,518007,4020.0
6255,2022-02-17 02:02:57,518009,3981.0
6256,2022-02-17 11:02:11,518009,3940.0
6257,2022-02-17 11:02:46,518009,3969.0
6258,2022-02-17 12:02:26,518009,4049.0
6259,2022-02-17 12:02:30,518009,4030.0
6260,2022-02-17 01:02:03,518011,3941.0
6261,2022-02-17 02:02:36,518011,3960.0
6262,2022-02-17 02:02:56,518011,3972.0
6263,2022-02-17 04:02:28,518013,4000.0
6264,2022-02-17 04:02:28,518013,3990.0
6265,2022-02-17 04:02:42,518013,4021.0
6266,2022-02-17 05:02:16,518013,3990.0
6267,2022-02-17 05:02:42,518013,4070.0
6268,2022-02-17 05:02:44,518013,3959.0
6269,2022-02-17 05:02:47,518013,3960.0
6270,2022-02-17 05:02:55,518013,4090.0
6271,2022-02-17 06:02:02,518013,3970.0
6272,2022-02-17 06:02:13,518013,4041.0
6273,2022-02-17 06:02:31,518013,4001.0
6274,2022-02-17 06:02:39,518013,4070.0
6275,2022-02-17 07:02:46,518013,4069.0
6276,2022-02-17 06:02:18,518014,4030.0
6277,2022-02-17 07:02:09,518015,4050.0
6278,2022-02-17 07:02:13,518015,4000.0
6279,2022-02-17 07:02:14,518015,3969.0
6280,2022-02-17 07:02:42,518015,4039.0
6281,2022-02-17 07:02:45,518018,3930.0
6282,2022-02-17 08:02:34,518019,4050.0
6283,2022-02-17 09:02:26,518019,3989.0
6284,2022-02-17 09:02:46,518019,3970.0
6285,2022-02-17 09:02:59,518019,3969.0
6286,2022-02-17 10:02:16,518019,3919.0
6287,2022-02-17 11:02:32,518019,4040.0
6288,2022-02-18 01:02:48,518021,3930.0
6289,2022-02-18 12:02:00,518021,3960.0
6290,2022-02-18 12:02:33,518022,4030.0
6291,2022-02-18 01:02:38,518026,3960.0
6292,2022-02-18 04:02:14,518029,3968.0
6293,2022-02-18 04:02:56,518029,4051.0
6294,2022-02-18 05:02:47,518029,3860.0
6295,2022-02-18 04:02:42,518030,3939.0
6296,2022-02-18 06:02:58,518030,3970.0
6297,2022-02-18 07:02:36,518033,3957.0
6298,2022-02-18 08:02:21,518033,3970.0
6299,2022-02-18 11:02:51,518033,3969.0
6300,2022-02-18 12:02:52,518033,4100.0
6301,2022-02-18 01:02:12,518034,3940.0
6302,2022-02-18 11:02:09,518034,4071.0
6303,2022-02-18 11:02:47,518034,4070.0
6304,2022-02-18 12:02:06,518034,3921.0
6305,2022-02-18 12:02:43,518034,4040.0
6306,2022-02-18 02:02:07,518036,3980.0
6307,2022-02-18 03:02:05,518036,3960.0
6308,2022-02-18 03:02:32,518037,4041.0
6309,2022-02-18 04:02:31,518037,3880.0
6310,2022-02-18 05:02:27,518037,4081.0
6311,2022-02-18 05:02:42,518037,4120.0
6312,2022-02-18 04:02:05,518038,3939.0
6313,2022-02-18 05:02:04,518039,4040.0
6314,2022-02-18 05:02:28,518039,3959.0
6315,2022-02-18 06:02:01,518041,4058.0
6316,2022-02-18 08:02:31,518042,4040.0
6317,2022-02-18 08:02:45,518042,3960.0
6318,2022-02-18 08:02:48,518042,3961.0
6319,2022-02-18 08:02:49,518042,3991.0
6320,2022-02-18 10:02:13,518042,4059.0
6321,2022-02-18 11:02:35,518042,3950.0
6322,2022-02-18 09:02:48,518043,4030.0
6323,2022-02-19 12:02:56,518043,3940.0
6324,2022-02-19 01:02:02,518044,3950.0
6325,2022-02-19 12:02:28,518044,3950.0
6326,2022-02-20 03:02:01,518049,3940.0
6327,2022-02-21 05:02:23,518049,3960.0
6328,2022-02-21 07:02:05,518049,4038.0
6329,2022-02-21 05:02:03,518050,3840.0
6330,2022-02-21 05:02:06,518050,4021.0
6331,2022-02-21 05:02:08,518050,4109.0
6332,2022-02-21 05:02:50,518050,4060.0
6333,2022-02-21 06:02:11,518050,4070.0
6334,2022-02-21 07:02:12,518050,4070.0
6335,2022-02-21 07:02:50,518050,3982.0
6336,2022-02-21 08:02:41,518050,4050.0
6337,2022-02-21 09:02:30,518050,3969.0
6338,2022-02-21 09:02:51,518050,3990.0
6339,2022-02-21 10:02:27,518050,4001.0
6340,2022-02-21 11:02:03,518050,3939.0
6341,2022-02-21 11:02:20,518050,3940.0
6342,2022-02-21 11:02:24,518050,4041.0
6343,2022-02-21 12:02:04,518050,3911.0
6344,2022-02-21 12:02:42,518050,3919.0
6345,2022-02-21 12:02:57,518050,4051.0
6346,2022-02-21 01:02:16,518051,3950.0
6347,2022-02-21 01:02:28,518051,3941.0
6348,2022-02-21 01:02:47,518051,3710.0
6349,2022-02-21 02:02:03,518051,4050.0
6350,2022-02-21 02:02:13,518051,3930.0
6351,2022-02-21 02:02:17,518051,3940.0
6352,2022-02-21 02:02:57,518051,3940.0
6353,2022-02-21 03:02:33,518051,4072.0
6354,2022-02-21 03:02:42,518051,4040.0
6355,2022-02-21 04:02:09,518051,4089.0
6356,2022-02-21 12:02:46,518051,3960.0
6357,2022-02-21 04:02:08,518053,4060.0
6358,2022-02-21 04:02:41,518053,3980.0
6359,2022-02-21 06:02:17,518058,3951.0
6360,2022-02-21 06:02:24,518058,4018.0
6361,2022-02-21 07:02:02,518059,3950.0
6362,2022-02-21 08:02:48,518059,3970.0
6363,2022-02-21 09:02:47,518059,4040.0
6364,2022-02-22 08:02:44,518064,4000.0
6365,2022-02-22 09:02:00,518064,4040.0
6366,2022-02-22 09:02:38,518064,3960.0
6367,2022-02-22 09:02:58,518064,4050.0
6368,2022-02-22 09:02:59,518064,3949.0
6369,2022-02-22 10:02:01,518064,3950.0
6370,2022-02-22 10:02:38,518064,3971.0
6371,2022-02-22 10:02:59,518064,3999.0
6372,2022-02-22 11:02:00,518064,4051.0
6373,2022-02-22 11:02:00,518064,4061.0
6374,2022-02-22 11:02:21,518064,4030.0
6375,2022-02-22 11:02:24,518064,4041.0
6376,2022-02-22 12:02:26,518064,3872.0
6377,2022-02-22 01:02:34,518065,4010.0
6378,2022-02-22 01:02:45,518065,4051.0
6379,2022-02-22 12:02:06,518065,3970.0
6380,2022-02-22 12:02:46,518065,4030.0
6381,2022-02-22 12:02:08,518067,4010.0
6382,2022-02-22 01:02:43,518069,4039.0
6383,2022-02-22 02:02:09,518069,3999.0
6384,2022-02-22 12:02:30,518069,4080.0
6385,2022-02-22 12:02:45,518069,4092.0
6386,2022-02-22 01:02:42,518070,3941.0
6387,2022-02-22 01:02:51,518070,3980.0
6388,2022-02-22 01:02:58,518070,4000.0
6389,2022-02-22 02:02:16,518070,3960.0
6390,2022-02-22 02:02:19,518070,3938.0
6391,2022-02-22 02:02:31,518070,4000.0
6392,2022-02-22 03:02:33,518070,3971.0
6393,2022-02-22 02:02:38,518071,3999.0
6394,2022-02-22 02:02:26,518072,3811.0
6395,2022-02-22 02:02:55,518072,3929.0
6396,2022-02-22 04:02:01,518072,3790.0
6397,2022-02-22 05:02:33,518077,3770.0
6398,2022-02-22 07:02:12,518077,3799.0
6399,2022-02-22 07:02:24,518079,3770.0
6400,2022-02-22 07:02:30,518079,3789.0
6401,2022-02-22 07:02:55,518079,3790.0
6402,2022-02-22 09:02:08,518079,3820.0
6403,2022-02-22 08:02:13,518080,3760.0
6404,2022-02-22 08:02:27,518080,3920.0
6405,2022-02-22 09:02:00,518080,3800.0
6406,2022-02-22 10:02:21,518080,3809.0
6407,2022-02-22 08:02:37,518082,3760.0
6408,2022-02-22 09:02:21,518082,3920.0
6409,2022-02-22 09:02:39,518082,3770.0
6410,2022-02-22 10:02:35,518082,3880.0
6411,2022-02-22 10:02:59,518082,3859.0
6412,2022-02-22 09:02:14,518083,3830.0
6413,2022-02-22 09:02:14,518083,3769.0
6414,2022-02-22 11:02:08,518083,3880.0
6415,2022-02-22 09:02:55,518086,3730.0
6416,2022-02-22 11:02:58,518086,3881.0
6417,2022-02-22 10:02:13,518088,3780.0
6418,2022-02-23 09:02:01,518088,3920.0
6419,2022-02-23 09:02:09,518088,3959.0
6420,2022-02-23 09:02:30,518088,3930.0
6421,2022-02-23 09:02:31,518088,3690.0
6422,2022-02-23 09:02:33,518088,3919.0
6423,2022-02-23 09:02:43,518088,3901.0
6424,2022-02-23 12:02:51,518088,3711.0
6425,2022-02-22 11:02:16,518089,3910.0
6426,2022-02-23 02:02:07,518089,3741.0
6427,2022-02-23 02:02:26,518089,3780.0
6428,2022-02-23 12:02:00,518089,3909.0
6429,2022-02-22 11:02:26,518090,3770.0
6430,2022-02-23 01:02:06,518090,3760.0
6431,2022-02-23 04:02:18,518098,3780.0
6432,2022-02-23 05:02:08,518099,3751.0
6433,2022-02-23 05:02:33,518099,3830.0
6434,2022-02-23 06:02:22,518099,3889.0
6435,2022-02-23 01:02:07,518100,3720.0
6436,2022-02-23 01:02:56,518100,3818.0
6437,2022-02-23 02:02:28,518100,3871.0
6438,2022-02-23 06:02:16,518100,3910.0
6439,2022-02-23 06:02:58,518100,3920.0
6440,2022-02-23 07:02:20,518100,3900.0
6441,2022-02-23 07:02:38,518100,3770.0
6442,2022-02-23 07:02:41,518100,3759.0
6443,2022-02-23 07:02:56,518100,3810.0
6444,2022-02-23 08:02:20,518100,3910.0
6445,2022-02-23 08:02:23,518100,3771.0
6446,2022-02-23 08:02:38,518100,3809.0
6447,2022-02-23 08:02:39,518100,3870.0
6448,2022-02-23 09:02:06,518100,3790.0
6449,2022-02-23 09:02:18,518100,3781.0
6450,2022-02-23 09:02:20,518100,3789.0
6451,2022-02-23 09:02:40,518100,3830.0
6452,2022-02-23 09:02:52,518100,3840.0
6453,2022-02-23 09:02:56,518100,3739.0
6454,2022-02-23 10:02:27,518100,3769.0
6455,2022-02-23 10:02:31,518100,3800.0
6456,2022-02-23 11:02:02,518100,3750.0
6457,2022-02-23 11:02:08,518100,3740.0
6458,2022-02-23 11:02:20,518100,3719.0
6459,2022-02-23 11:02:44,518100,3760.0
6460,2022-02-23 11:02:55,518100,3750.0
6461,2022-02-23 12:02:57,518100,3771.0
6462,2022-02-23 01:02:08,518101,3822.0
6463,2022-02-23 02:02:38,518101,3750.0
6464,2022-02-23 01:02:23,518102,3889.0
6465,2022-02-23 01:02:29,518102,3820.0
6466,2022-02-23 01:02:32,518102,3850.0
6467,2022-02-23 01:02:57,518102,3721.0
6468,2022-02-23 02:02:41,518102,3760.0
6469,2022-02-23 05:02:10,518106,3880.0
6470,2022-02-23 06:02:26,518106,3782.0
6471,2022-02-23 05:02:44,518107,3789.0
6472,2022-02-23 06:02:24,518107,3899.0
6473,2022-02-23 06:02:04,518109,3740.0
6474,2022-02-23 07:02:08,518109,3830.0
6475,2022-02-23 08:02:35,518111,3921.0
6476,2022-02-23 09:02:28,518111,3909.0
6477,2022-02-23 09:02:19,518116,3780.0
6478,2022-02-23 10:02:49,518117,3750.0
6479,2022-02-24 12:02:24,518117,3670.0
6480,2022-02-23 11:02:42,518119,3890.0
6481,2022-02-24 02:02:51,518122,3871.0
6482,2022-02-24 03:02:20,518122,3839.0
6483,2022-02-24 05:02:31,518122,3911.0
6484,2022-02-24 05:02:49,518122,3790.0
6485,2022-02-24 06:02:08,518122,3690.0
6486,2022-02-24 04:02:47,518123,3769.0
6487,2022-02-24 04:02:52,518123,3719.0
6488,2022-02-24 06:02:31,518123,3711.0
6489,2022-02-24 06:02:48,518123,3889.0
6490,2022-02-24 05:02:06,518124,3760.0
6491,2022-02-24 05:02:45,518124,3770.0
6492,2022-02-24 06:02:05,518124,3750.0
6493,2022-02-24 06:02:39,518124,3770.0
6494,2022-02-24 09:02:52,518125,3889.0
6495,2022-02-24 10:02:10,518125,3769.0
6496,2022-02-24 10:02:16,518126,3790.0
6497,2022-02-24 11:02:04,518126,3901.0
6498,2022-02-24 11:02:04,518126,3679.0
6499,2022-02-24 12:02:12,518126,3931.0
6500,2022-02-24 01:02:01,518127,3910.0
6501,2022-02-24 01:02:06,518127,3800.0
6502,2022-02-24 01:02:11,518127,3751.0
6503,2022-02-24 01:02:16,518127,3879.0
6504,2022-02-24 01:02:18,518127,3831.0
6505,2022-02-24 01:02:59,518127,3820.0
6506,2022-02-24 02:02:53,518127,3790.0
6507,2022-02-24 03:02:02,518127,3720.0
6508,2022-02-24 03:02:39,518127,3899.0
6509,2022-02-24 03:02:49,518127,3799.0
6510,2022-02-24 03:02:59,518127,3931.0
6511,2022-02-24 11:02:10,518127,3919.0
6512,2022-02-24 11:02:42,518127,3911.0
6513,2022-02-24 12:02:37,518127,3879.0
6514,2022-02-24 12:02:46,518127,3929.0
6515,2022-02-24 12:02:59,518127,3819.0
6516,2022-02-24 02:02:11,518128,3799.0
6517,2022-02-24 02:02:18,518128,3819.0
6518,2022-02-24 02:02:28,518128,3820.0
6519,2022-02-24 02:02:33,518128,3751.0
6520,2022-02-24 02:02:33,518128,3890.0
6521,2022-02-24 03:02:10,518128,3838.0
6522,2022-02-24 03:02:20,518128,3700.0
6523,2022-02-24 03:02:41,518128,3861.0
6524,2022-02-24 04:02:25,518128,3780.0
6525,2022-02-24 04:02:33,518128,3791.0
6526,2022-02-24 04:02:53,518128,3840.0
6527,2022-02-24 04:02:57,518128,3862.0
6528,2022-02-24 04:02:58,518128,3949.0
6529,2022-02-24 06:02:52,518128,3749.0
6530,2022-02-24 05:02:10,518131,3909.0
6531,2022-02-24 05:02:40,518131,3739.0
6532,2022-02-24 06:02:09,518131,3740.0
6533,2022-02-24 07:02:13,518131,3910.0
6534,2022-02-24 07:02:41,518131,3920.0
6535,2022-02-24 07:02:54,518131,3830.0
6536,2022-02-24 06:02:54,518132,3740.0
6537,2022-02-24 07:02:55,518134,3801.0
6538,2022-02-24 08:02:22,518135,3780.0
6539,2022-02-24 09:02:20,518135,3799.0
6540,2022-02-24 09:02:31,518136,3790.0
6541,2022-02-24 10:02:11,518136,3820.0
6542,2022-02-24 10:02:18,518137,3889.0
6543,2022-02-24 11:02:23,518137,3881.0
6544,2022-02-25 03:02:39,518143,3920.0
6545,2022-02-25 03:02:51,518144,3750.0
6546,2022-02-25 04:02:27,518144,3770.0
6547,2022-02-25 04:02:18,518145,3880.0
6548,2022-02-25 06:02:42,518145,3719.0
6549,2022-02-25 01:02:06,518147,3860.0
6550,2022-02-25 01:02:13,518147,3940.0
6551,2022-02-25 01:02:25,518147,3830.0
6552,2022-02-25 01:02:32,518147,3790.0
6553,2022-02-25 01:02:39,518147,3800.0
6554,2022-02-25 01:02:42,518147,3891.0
6555,2022-02-25 01:02:52,518147,3880.0
6556,2022-02-25 02:02:51,518147,3800.0
6557,2022-02-25 05:02:15,518147,3911.0
6558,2022-02-25 06:02:06,518147,3790.0
6559,2022-02-25 06:02:08,518147,3729.0
6560,2022-02-25 06:02:27,518147,3879.0
6561,2022-02-25 07:02:41,518147,3918.0
6562,2022-02-25 08:02:50,518147,3780.0
6563,2022-02-25 09:02:20,518147,3911.0
6564,2022-02-25 09:02:52,518147,3750.0
6565,2022-02-25 10:02:39,518147,3789.0
6566,2022-02-25 11:02:11,518147,3840.0
6567,2022-02-25 11:02:24,518147,3780.0
6568,2022-02-25 11:02:48,518147,3719.0
6569,2022-02-25 12:02:15,518147,3780.0
6570,2022-02-25 12:02:19,518147,3690.0
6571,2022-02-25 12:02:33,518147,3881.0
6572,2022-02-25 12:02:39,518147,3891.0
6573,2022-02-25 02:02:52,518149,3850.0
6574,2022-02-25 02:02:56,518149,3931.0
6575,2022-02-25 03:02:13,518149,3840.0
6576,2022-02-25 03:02:40,518149,3789.0
6577,2022-02-25 03:02:46,518149,3810.0
6578,2022-02-25 03:02:48,518149,3791.0
6579,2022-02-25 04:02:02,518149,3811.0
6580,2022-02-25 04:02:27,518149,3840.0
6581,2022-02-25 04:02:57,518149,3860.0
6582,2022-02-25 05:02:07,518149,3759.0
6583,2022-02-25 03:02:03,518150,3801.0
6584,2022-02-25 05:02:53,518150,3709.0
6585,2022-02-25 05:02:26,518152,3789.0
6586,2022-02-25 05:02:43,518152,3800.0
6587,2022-02-25 05:02:57,518152,3770.0
6588,2022-02-25 06:02:16,518152,3720.0
6589,2022-02-25 06:02:24,518152,3821.0
6590,2022-02-25 06:02:28,518152,3881.0
6591,2022-02-25 05:02:01,518153,3810.0
6592,2022-02-25 06:02:15,518155,3710.0
6593,2022-02-25 08:02:01,518158,3780.0
6594,2022-02-25 08:02:18,518158,3909.0
6595,2022-02-25 09:02:56,518158,3741.0
6596,2022-02-25 08:02:22,518159,3820.0
6597,2022-02-25 10:02:01,518159,3750.0
6598,2022-02-25 09:02:53,518161,3800.0
6599,2022-02-25 11:02:02,518161,3800.0
6600,2022-02-25 11:02:42,518162,3791.0
6601,2022-02-25 11:02:12,518163,3760.0
6602,2022-02-25 11:02:13,518163,3771.0
6603,2022-02-26 01:02:33,518163,3681.0
6604,2022-02-26 02:02:08,518163,3760.0
6605,2022-02-26 02:02:36,518163,3912.0
6606,2022-02-26 12:02:23,518163,3802.0
6607,2022-02-26 02:02:36,518168,3761.0
6608,2022-02-26 06:02:59,518170,3850.0
6609,2022-02-26 08:02:16,518170,3910.0
6610,2022-02-27 03:02:05,518170,3740.0
6611,2022-02-28 04:02:01,518171,3809.0
6612,2022-02-28 04:02:45,518171,3821.0
6613,2022-02-28 04:02:47,518171,3850.0
6614,2022-02-28 06:02:10,518171,3779.0
6615,2022-02-28 06:02:39,518171,3831.0
6616,2022-02-28 07:02:03,518171,3770.0
6617,2022-02-28 11:02:00,518173,3790.0
6618,2022-02-28 11:02:40,518173,3910.0
6619,2022-02-28 12:02:00,518173,3780.0
6620,2022-02-28 01:02:32,518174,3881.0
6621,2022-02-28 01:02:40,518174,3769.0
6622,2022-02-28 01:02:51,518174,3710.0
6623,2022-02-28 02:02:22,518174,3929.0
6624,2022-02-28 02:02:37,518174,3700.0
6625,2022-02-28 02:02:38,518174,3920.0
6626,2022-02-28 12:02:18,518174,3760.0
6627,2022-02-28 01:02:05,518175,3720.0
6628,2022-02-28 02:02:47,518175,3890.0
6629,2022-02-28 03:02:32,518175,3899.0
6630,2022-02-28 04:02:30,518175,3761.0
6631,2022-02-28 04:02:30,518175,3780.0
6632,2022-02-28 04:02:37,518175,3730.0
6633,2022-02-28 05:02:23,518175,3870.0
6634,2022-02-28 05:02:24,518175,3851.0
6635,2022-02-28 05:02:29,518175,3749.0
6636,2022-02-28 05:02:32,518175,3780.0
6637,2022-02-28 05:02:40,518175,3858.0
6638,2022-02-28 05:02:55,518175,3778.0
6639,2022-02-28 06:02:12,518175,3851.0
6640,2022-02-28 07:02:34,518177,3790.0
6641,2022-02-28 07:02:35,518177,3770.0
6642,2022-02-28 08:02:29,518177,3961.0
6643,2022-02-28 08:02:49,518177,3811.0
6644,2022-02-28 08:02:25,518181,3860.0
6645,2022-02-28 09:02:14,518181,3721.0
6646,2022-02-28 10:02:54,518182,3770.0
6647,2022-02-28 11:02:35,518182,3749.0